% The data presented here were obtained from a direct numerical simulation of a turbulent 
% boundary layer developing under a pressure gradient. All the data shown here are 
% not normalized. Please refer to the references below for rmore detailed information.
 
 
% We compute the boundary layer thickness using the method of Griffin et al. (2021). 
% The pressure-gradient parameters of beta_{ZS} and beta_i are computed as follows. 
% beta_{ZS}=(delta)/(rho U_{ZS}^2)(dp_e/dx) and beta_i = (nu/rho u_tau^3)(d p_w/dx) 
% where $delta$ is the boundary layer thickness, $U_{ZS}$ is the Zagorola-Smits velocity, 
% $p_e$ and $p_w$ are the pressure at the edge of boundary layer and wall, respectively. 
 
  
% Please check this report for rmore detailed information about the data: 
% Gungor, T. R., Gungor, A. G.., Maciel, Y. (2024). Datasets of  
% three non-equilibrium pressure gradient turbulent boundary layers.  
  
  
% Please cite this paper when referencing the data: 
% Gungor, T. R., Gungor, A. G. & Maciel, Y. (2024).  
% Turbulent boundary layer response to uniform changes of the pressure force contribution
% arXiv preprint arXiv:2402.13067 
 
  
% ========================================================================================= 
%  	 	 	************ Position 2 of DNS23 ************ 
% ========================================================================================= 

% 	 Re_tau = 1.057606e+03 
% 	 Re_theta=4.849157e+03 
% 	 utau=2.634835e-02 
% 	 U_e=8.238121e-01 
% 	 theta=1.681783e+00 
% 	 delta_star=2.690872e+00 
% 	 delta=1.146839e+01 
%  	 x_pos=2.608280e+02 
% 	 H=1.600011e+00 
% 	 C_f=2.033359e-03 
% 	 nu=2.857143e-04 
% 	 beta_RC=3.413496e+00 
% 	 beta_i=1.680304e-02 
% 	 beta_ZS=3.281332e-01 
 
% ========================================================================================================== 
% 	 U   	   V   	   u2   	   v2   	   w2   	   uv   	   y        
% ========================================================================================================= 
8.081598e-03   1.235184e-07   1.822914e-05   2.660935e-09   1.169093e-05   -4.215546e-08   3.320224e-03 
1.859652e-02   6.503883e-07   9.460916e-05   6.709185e-08   5.632018e-05   -5.336720e-07   7.619924e-03 
3.155623e-02   1.859418e-06   2.658624e-04   4.716202e-07   1.426876e-04   -2.679176e-06   1.288845e-02 
4.692934e-02   4.083315e-06   5.716135e-04   1.891073e-06   2.717503e-04   -8.860855e-06   1.911534e-02 
6.459151e-02   7.695867e-06   1.044748e-03   5.459808e-06   4.373650e-04   -2.257916e-05   2.629033e-02 
8.426485e-02   1.308749e-05   1.694359e-03   1.265506e-05   6.284454e-04   -4.757997e-05   3.440335e-02 
1.054804e-01   2.062951e-05   2.491113e-03   2.505042e-05   8.326870e-04   -8.638341e-05   4.344451e-02 
1.276007e-01   3.063504e-05   3.368095e-03   4.405439e-05   1.039497e-03   -1.390840e-04   5.340409e-02 
1.499029e-01   4.332620e-05   4.239817e-03   7.072427e-05   1.241511e-03   -2.031367e-04   6.427258e-02 
1.716919e-01   5.881609e-05   5.028254e-03   1.056773e-04   1.434420e-03   -2.741833e-04   7.604062e-02 
1.923995e-01   7.711505e-05   5.681586e-03   1.490718e-04   1.615974e-03   -3.473726e-04   8.869899e-02 
2.116399e-01   9.816007e-05   6.179148e-03   2.006242e-04   1.784944e-03   -4.185246e-04   1.022387e-01 
2.292140e-01   1.218453e-04   6.525487e-03   2.596483e-04   1.940507e-03   -4.847572e-04   1.166508e-01 
2.450786e-01   1.480421e-04   6.740231e-03   3.251161e-04   2.082046e-03   -5.445718e-04   1.319265e-01 
2.592997e-01   1.766303e-04   6.848932e-03   3.957448e-04   2.209164e-03   -5.975916e-04   1.480574e-01 
2.720067e-01   2.075286e-04   6.877028e-03   4.701048e-04   2.321796e-03   -6.441554e-04   1.650351e-01 
2.833575e-01   2.406683e-04   6.846841e-03   5.467412e-04   2.420314e-03   -6.849536e-04   1.828511e-01 
2.935160e-01   2.759711e-04   6.776678e-03   6.242966e-04   2.505449e-03   -7.207861e-04   2.014975e-01 
3.026392e-01   3.133884e-04   6.680912e-03   7.015843e-04   2.578172e-03   -7.524319e-04   2.209661e-01 
3.108710e-01   3.529317e-04   6.570448e-03   7.776090e-04   2.639677e-03   -7.806052e-04   2.412492e-01 
3.183388e-01   3.946602e-04   6.453367e-03   8.515607e-04   2.691323e-03   -8.059327e-04   2.623390e-01 
3.251523e-01   4.386610e-04   6.335491e-03   9.228187e-04   2.734549e-03   -8.289216e-04   2.842279e-01 
3.314043e-01   4.849776e-04   6.221000e-03   9.909476e-04   2.770661e-03   -8.499593e-04   3.069083e-01 
3.371734e-01   5.335011e-04   6.112828e-03   1.055664e-03   2.800511e-03   -8.693722e-04   3.303730e-01 
3.425273e-01   5.840989e-04   6.012866e-03   1.116830e-03   2.824690e-03   -8.874538e-04   3.546147e-01 
3.475255e-01   6.367380e-04   5.922054e-03   1.174432e-03   2.843966e-03   -9.044583e-04   3.796264e-01 
3.522192e-01   6.914171e-04   5.840667e-03   1.228537e-03   2.859270e-03   -9.206000e-04   4.054008e-01 
3.566523e-01   7.481527e-04   5.768644e-03   1.279254e-03   2.871351e-03   -9.360108e-04   4.319312e-01 
3.608627e-01   8.068359e-04   5.705499e-03   1.326720e-03   2.880717e-03   -9.508087e-04   4.592109e-01 
3.648828e-01   8.672898e-04   5.650525e-03   1.371136e-03   2.887773e-03   -9.651457e-04   4.872331e-01 
3.687399e-01   9.295991e-04   5.603123e-03   1.412715e-03   2.892922e-03   -9.791110e-04   5.159912e-01 
3.724566e-01   9.939507e-04   5.562738e-03   1.451610e-03   2.896572e-03   -9.927151e-04   5.454788e-01 
3.760526e-01   1.060439e-03   5.528840e-03   1.487941e-03   2.899208e-03   -1.005949e-03   5.756895e-01 
3.795449e-01   1.129057e-03   5.500848e-03   1.521829e-03   2.901004e-03   -1.018839e-03   6.066170e-01 
3.829467e-01   1.199808e-03   5.478244e-03   1.553440e-03   2.901917e-03   -1.031400e-03   6.382551e-01 
3.862672e-01   1.272615e-03   5.460712e-03   1.582957e-03   2.902070e-03   -1.043654e-03   6.705979e-01 
3.895159e-01   1.347427e-03   5.447676e-03   1.610661e-03   2.901611e-03   -1.055680e-03   7.036392e-01 
3.927025e-01   1.424138e-03   5.438626e-03   1.636835e-03   2.900850e-03   -1.067553e-03   7.373731e-01 
3.958349e-01   1.502599e-03   5.433053e-03   1.661650e-03   2.900038e-03   -1.079296e-03   7.717940e-01 
3.989188e-01   1.582834e-03   5.430214e-03   1.685260e-03   2.899037e-03   -1.090920e-03   8.068960e-01 
4.019589e-01   1.664886e-03   5.429689e-03   1.707798e-03   2.897594e-03   -1.102414e-03   8.426735e-01 
4.049609e-01   1.748780e-03   5.431374e-03   1.729359e-03   2.895873e-03   -1.113715e-03   8.791210e-01 
4.079301e-01   1.834649e-03   5.434700e-03   1.749986e-03   2.894291e-03   -1.124769e-03   9.162329e-01 
4.108711e-01   1.922700e-03   5.439356e-03   1.769766e-03   2.893001e-03   -1.135549e-03   9.540039e-01 
4.137861e-01   2.012980e-03   5.445561e-03   1.788767e-03   2.892117e-03   -1.146027e-03   9.924286e-01 
4.166768e-01   2.105369e-03   5.452971e-03   1.807007e-03   2.891951e-03   -1.156238e-03   1.031502e+00 
4.195454e-01   2.199800e-03   5.461231e-03   1.824531e-03   2.892558e-03   -1.166225e-03   1.071218e+00 
4.223917e-01   2.296164e-03   5.470724e-03   1.841359e-03   2.893662e-03   -1.176008e-03   1.111573e+00 
4.252160e-01   2.394412e-03   5.481260e-03   1.857538e-03   2.895151e-03   -1.185556e-03   1.152561e+00 
4.280215e-01   2.494708e-03   5.492024e-03   1.873167e-03   2.896949e-03   -1.194777e-03   1.194178e+00 
4.308126e-01   2.597107e-03   5.502455e-03   1.888289e-03   2.898894e-03   -1.203703e-03   1.236418e+00 
4.335944e-01   2.701462e-03   5.512403e-03   1.902969e-03   2.900894e-03   -1.212390e-03   1.279276e+00 
4.363737e-01   2.807907e-03   5.521531e-03   1.917314e-03   2.903102e-03   -1.220866e-03   1.322748e+00 
4.391523e-01   2.916592e-03   5.529917e-03   1.931192e-03   2.905875e-03   -1.229137e-03   1.366830e+00 
4.419291e-01   3.027556e-03   5.537702e-03   1.944463e-03   2.909453e-03   -1.237064e-03   1.411516e+00 
4.447056e-01   3.140788e-03   5.545074e-03   1.957170e-03   2.913642e-03   -1.244622e-03   1.456801e+00 
4.474835e-01   3.256042e-03   5.551666e-03   1.969351e-03   2.918288e-03   -1.251988e-03   1.502683e+00 
4.502662e-01   3.373101e-03   5.557462e-03   1.981068e-03   2.923243e-03   -1.259201e-03   1.549156e+00 
4.530557e-01   3.492101e-03   5.563026e-03   1.992311e-03   2.928523e-03   -1.266167e-03   1.596215e+00 
4.558529e-01   3.613042e-03   5.568667e-03   2.003059e-03   2.934138e-03   -1.272857e-03   1.643857e+00 
4.586583e-01   3.735795e-03   5.573675e-03   2.013466e-03   2.939866e-03   -1.279398e-03   1.692076e+00 
4.614691e-01   3.860380e-03   5.578054e-03   2.023670e-03   2.945695e-03   -1.285818e-03   1.740870e+00 
4.642829e-01   3.986855e-03   5.582467e-03   2.033662e-03   2.951930e-03   -1.292009e-03   1.790234e+00 
4.670998e-01   4.115209e-03   5.587277e-03   2.043315e-03   2.958768e-03   -1.297901e-03   1.840163e+00 
4.699208e-01   4.245254e-03   5.592766e-03   2.052568e-03   2.965824e-03   -1.303546e-03   1.890654e+00 
4.727476e-01   4.377043e-03   5.598698e-03   2.061395e-03   2.972979e-03   -1.308963e-03   1.941702e+00 
4.755823e-01   4.510488e-03   5.605099e-03   2.069734e-03   2.980231e-03   -1.314147e-03   1.993305e+00 
4.784221e-01   4.645191e-03   5.611837e-03   2.077430e-03   2.987227e-03   -1.319254e-03   2.045457e+00 
4.812663e-01   4.781303e-03   5.617858e-03   2.084572e-03   2.994005e-03   -1.324271e-03   2.098155e+00 
4.841200e-01   4.919214e-03   5.622885e-03   2.091328e-03   3.000355e-03   -1.329108e-03   2.151396e+00 
4.869860e-01   5.058976e-03   5.627348e-03   2.097639e-03   3.006259e-03   -1.333740e-03   2.205175e+00 
4.898639e-01   5.200737e-03   5.631362e-03   2.103468e-03   3.012091e-03   -1.338081e-03   2.259489e+00 
4.927512e-01   5.344445e-03   5.634015e-03   2.108810e-03   3.017863e-03   -1.342092e-03   2.314335e+00 
4.956472e-01   5.489863e-03   5.635190e-03   2.113716e-03   3.023207e-03   -1.345898e-03   2.369707e+00 
4.985545e-01   5.636697e-03   5.635462e-03   2.118279e-03   3.028152e-03   -1.349632e-03   2.425604e+00 
5.014749e-01   5.785149e-03   5.634861e-03   2.122601e-03   3.032749e-03   -1.353198e-03   2.482022e+00 
5.044112e-01   5.935836e-03   5.633292e-03   2.126741e-03   3.037013e-03   -1.356321e-03   2.538956e+00 
5.073656e-01   6.089039e-03   5.631184e-03   2.130651e-03   3.040479e-03   -1.358939e-03   2.596404e+00 
5.103319e-01   6.243875e-03   5.629163e-03   2.134161e-03   3.042833e-03   -1.361407e-03   2.654363e+00 
5.133091e-01   6.400163e-03   5.626824e-03   2.137103e-03   3.044295e-03   -1.363609e-03   2.712828e+00 
5.163038e-01   6.558463e-03   5.623716e-03   2.139435e-03   3.044973e-03   -1.365375e-03   2.771797e+00 
5.193162e-01   6.718581e-03   5.619859e-03   2.141216e-03   3.045357e-03   -1.366797e-03   2.831267e+00 
5.223441e-01   6.880514e-03   5.615198e-03   2.142608e-03   3.045430e-03   -1.367934e-03   2.891233e+00 
5.253877e-01   7.044278e-03   5.610112e-03   2.143609e-03   3.045402e-03   -1.368943e-03   2.951694e+00 
5.284465e-01   7.209603e-03   5.605095e-03   2.143956e-03   3.046000e-03   -1.369861e-03   3.012645e+00 
5.315177e-01   7.376571e-03   5.599818e-03   2.143540e-03   3.046761e-03   -1.370488e-03   3.074084e+00 
5.346007e-01   7.545209e-03   5.593981e-03   2.142437e-03   3.046590e-03   -1.370780e-03   3.136008e+00 
5.376950e-01   7.715326e-03   5.587074e-03   2.140587e-03   3.045690e-03   -1.370825e-03   3.198414e+00 
5.407973e-01   7.887677e-03   5.578343e-03   2.138133e-03   3.045017e-03   -1.370348e-03   3.261298e+00 
5.439060e-01   8.062428e-03   5.567626e-03   2.135387e-03   3.044427e-03   -1.369198e-03   3.324657e+00 
5.470250e-01   8.239198e-03   5.555202e-03   2.132590e-03   3.042645e-03   -1.367560e-03   3.388490e+00 
5.501614e-01   8.418200e-03   5.541267e-03   2.129739e-03   3.039704e-03   -1.365484e-03   3.452792e+00 
5.533168e-01   8.599013e-03   5.525994e-03   2.126643e-03   3.036655e-03   -1.363145e-03   3.517561e+00 
5.564883e-01   8.781610e-03   5.509791e-03   2.123181e-03   3.033746e-03   -1.360459e-03   3.582794e+00 
5.596721e-01   8.965741e-03   5.492908e-03   2.119246e-03   3.030856e-03   -1.357570e-03   3.648489e+00 
5.628626e-01   9.151230e-03   5.475397e-03   2.114985e-03   3.027001e-03   -1.354471e-03   3.714642e+00 
5.660626e-01   9.338205e-03   5.457527e-03   2.110268e-03   3.021608e-03   -1.351094e-03   3.781251e+00 
5.692752e-01   9.526548e-03   5.438301e-03   2.104921e-03   3.015196e-03   -1.347716e-03   3.848313e+00 
5.724953e-01   9.716523e-03   5.417792e-03   2.099013e-03   3.008014e-03   -1.344156e-03   3.915826e+00 
5.757236e-01   9.908488e-03   5.396078e-03   2.092623e-03   3.000507e-03   -1.340095e-03   3.983786e+00 
5.789624e-01   1.010312e-02   5.372100e-03   2.086006e-03   2.992697e-03   -1.335423e-03   4.052192e+00 
5.822104e-01   1.029843e-02   5.346262e-03   2.079045e-03   2.983608e-03   -1.330488e-03   4.121039e+00 
5.854638e-01   1.049523e-02   5.319570e-03   2.071449e-03   2.973363e-03   -1.325413e-03   4.190328e+00 
5.887209e-01   1.069321e-02   5.291724e-03   2.063095e-03   2.963005e-03   -1.320097e-03   4.260053e+00 
5.919846e-01   1.089267e-02   5.262824e-03   2.054131e-03   2.952828e-03   -1.314551e-03   4.330214e+00 
5.952549e-01   1.109318e-02   5.233230e-03   2.044670e-03   2.942040e-03   -1.308953e-03   4.400807e+00 
5.985286e-01   1.129447e-02   5.202575e-03   2.034740e-03   2.929815e-03   -1.303420e-03   4.471830e+00 
6.018055e-01   1.149666e-02   5.170811e-03   2.024459e-03   2.916060e-03   -1.297799e-03   4.543280e+00 
6.050847e-01   1.170023e-02   5.137623e-03   2.013725e-03   2.900694e-03   -1.291843e-03   4.615156e+00 
6.083710e-01   1.190522e-02   5.103308e-03   2.002297e-03   2.884467e-03   -1.285488e-03   4.687455e+00 
6.116722e-01   1.211224e-02   5.067657e-03   1.990268e-03   2.868533e-03   -1.278632e-03   4.760174e+00 
6.149863e-01   1.232124e-02   5.030472e-03   1.977727e-03   2.852422e-03   -1.271360e-03   4.833312e+00 
6.183083e-01   1.253202e-02   4.992079e-03   1.964660e-03   2.835557e-03   -1.263601e-03   4.906865e+00 
6.216331e-01   1.274468e-02   4.952907e-03   1.951163e-03   2.817853e-03   -1.255260e-03   4.980832e+00 
6.249608e-01   1.295943e-02   4.912451e-03   1.937283e-03   2.799754e-03   -1.246290e-03   5.055210e+00 
6.282904e-01   1.317585e-02   4.869839e-03   1.923116e-03   2.780506e-03   -1.236854e-03   5.129997e+00 
6.316139e-01   1.339324e-02   4.825301e-03   1.908610e-03   2.760009e-03   -1.227090e-03   5.205191e+00 
6.349348e-01   1.361201e-02   4.779215e-03   1.893908e-03   2.738667e-03   -1.216857e-03   5.280790e+00 
6.382540e-01   1.383203e-02   4.733033e-03   1.878686e-03   2.717282e-03   -1.206238e-03   5.356792e+00 
6.415689e-01   1.405252e-02   4.687361e-03   1.862813e-03   2.695400e-03   -1.195526e-03   5.433193e+00 
6.448916e-01   1.427364e-02   4.641421e-03   1.846483e-03   2.672668e-03   -1.184776e-03   5.509994e+00 
6.482234e-01   1.449567e-02   4.595024e-03   1.829671e-03   2.648974e-03   -1.173972e-03   5.587190e+00 
6.515568e-01   1.471916e-02   4.547727e-03   1.812423e-03   2.624243e-03   -1.162796e-03   5.664780e+00 
6.548892e-01   1.494429e-02   4.499113e-03   1.794808e-03   2.598659e-03   -1.151195e-03   5.742763e+00 
6.582199e-01   1.517061e-02   4.449047e-03   1.776914e-03   2.572675e-03   -1.139182e-03   5.821135e+00 
6.615511e-01   1.539825e-02   4.396855e-03   1.758487e-03   2.546193e-03   -1.126836e-03   5.899895e+00 
6.648820e-01   1.562730e-02   4.343037e-03   1.739346e-03   2.518708e-03   -1.114039e-03   5.979042e+00 
6.682078e-01   1.585743e-02   4.288688e-03   1.719562e-03   2.490096e-03   -1.100908e-03   6.058572e+00 
6.715201e-01   1.608841e-02   4.233809e-03   1.699338e-03   2.460174e-03   -1.087493e-03   6.138485e+00 
6.748202e-01   1.632058e-02   4.177941e-03   1.678842e-03   2.429313e-03   -1.073557e-03   6.218778e+00 
6.781108e-01   1.655313e-02   4.121771e-03   1.658042e-03   2.397711e-03   -1.059504e-03   6.299449e+00 
6.813911e-01   1.678597e-02   4.065283e-03   1.636932e-03   2.365145e-03   -1.045401e-03   6.380496e+00 
6.846612e-01   1.701954e-02   4.007845e-03   1.615447e-03   2.332606e-03   -1.031110e-03   6.461918e+00 
6.879228e-01   1.725401e-02   3.949583e-03   1.593418e-03   2.299422e-03   -1.016614e-03   6.543712e+00 
6.911765e-01   1.748953e-02   3.889778e-03   1.571071e-03   2.265512e-03   -1.001861e-03   6.625877e+00 
6.944199e-01   1.772613e-02   3.828960e-03   1.548443e-03   2.231293e-03   -9.866458e-04   6.708411e+00 
6.976532e-01   1.796323e-02   3.767511e-03   1.525467e-03   2.195866e-03   -9.712056e-04   6.791312e+00 
7.008722e-01   1.820059e-02   3.705509e-03   1.502113e-03   2.158885e-03   -9.556001e-04   6.874579e+00 
7.040783e-01   1.843853e-02   3.642667e-03   1.478362e-03   2.121204e-03   -9.396132e-04   6.958208e+00 
7.072749e-01   1.867701e-02   3.579174e-03   1.454273e-03   2.083120e-03   -9.234193e-04   7.042200e+00 
7.104561e-01   1.891624e-02   3.514968e-03   1.429821e-03   2.044623e-03   -9.067891e-04   7.126552e+00 
7.136243e-01   1.915652e-02   3.449946e-03   1.405077e-03   2.006110e-03   -8.896865e-04   7.211262e+00 
7.167770e-01   1.939733e-02   3.385225e-03   1.380132e-03   1.967049e-03   -8.723099e-04   7.296328e+00 
7.199086e-01   1.963792e-02   3.320779e-03   1.355076e-03   1.927124e-03   -8.548322e-04   7.381750e+00 
7.230264e-01   1.987869e-02   3.256030e-03   1.329974e-03   1.886246e-03   -8.372559e-04   7.467524e+00 
7.261317e-01   2.012002e-02   3.190665e-03   1.304596e-03   1.844554e-03   -8.195751e-04   7.553650e+00 
7.292205e-01   2.036187e-02   3.125028e-03   1.278991e-03   1.802304e-03   -8.015621e-04   7.640126e+00 
7.322966e-01   2.060457e-02   3.058723e-03   1.253241e-03   1.759417e-03   -7.830789e-04   7.726950e+00 
7.353634e-01   2.084811e-02   2.990831e-03   1.227339e-03   1.715430e-03   -7.643898e-04   7.814121e+00 
7.384212e-01   2.109211e-02   2.921730e-03   1.201275e-03   1.670569e-03   -7.455773e-04   7.901637e+00 
7.414738e-01   2.133653e-02   2.851805e-03   1.174985e-03   1.625407e-03   -7.266784e-04   7.989497e+00 
7.445149e-01   2.158151e-02   2.780761e-03   1.148366e-03   1.579846e-03   -7.076621e-04   8.077698e+00 
7.475344e-01   2.182692e-02   2.708417e-03   1.121390e-03   1.533740e-03   -6.883626e-04   8.166239e+00 
7.505254e-01   2.207223e-02   2.635666e-03   1.094338e-03   1.487092e-03   -6.689161e-04   8.255120e+00 
7.534829e-01   2.231697e-02   2.563461e-03   1.067353e-03   1.440221e-03   -6.494167e-04   8.344337e+00 
7.564101e-01   2.256167e-02   2.491450e-03   1.040582e-03   1.393294e-03   -6.297675e-04   8.433891e+00 
7.593076e-01   2.280646e-02   2.419337e-03   1.013867e-03   1.346217e-03   -6.099562e-04   8.523778e+00 
7.621720e-01   2.305055e-02   2.348101e-03   9.868648e-04   1.299173e-03   -5.901075e-04   8.613998e+00 
7.650053e-01   2.329436e-02   2.277175e-03   9.595445e-04   1.252497e-03   -5.701813e-04   8.704549e+00 
7.678082e-01   2.353803e-02   2.205745e-03   9.319989e-04   1.206097e-03   -5.501302e-04   8.795430e+00 
7.705766e-01   2.378114e-02   2.133281e-03   9.042840e-04   1.159858e-03   -5.301283e-04   8.886640e+00 
7.733086e-01   2.402365e-02   2.059994e-03   8.765961e-04   1.113401e-03   -5.101190e-04   8.978176e+00 
7.760077e-01   2.426580e-02   1.986229e-03   8.490768e-04   1.066835e-03   -4.900284e-04   9.070038e+00 
7.786711e-01   2.450746e-02   1.912149e-03   8.216651e-04   1.020634e-03   -4.699802e-04   9.162223e+00 
7.812891e-01   2.474780e-02   1.837607e-03   7.944630e-04   9.752509e-04   -4.501408e-04   9.254732e+00 
7.838577e-01   2.498652e-02   1.762363e-03   7.675703e-04   9.304782e-04   -4.306270e-04   9.347561e+00 
7.863755e-01   2.522393e-02   1.687193e-03   7.409252e-04   8.857470e-04   -4.112648e-04   9.440710e+00 
7.888417e-01   2.545997e-02   1.612421e-03   7.144586e-04   8.418258e-04   -3.920072e-04   9.534178e+00 
7.912533e-01   2.569450e-02   1.537687e-03   6.882439e-04   7.990387e-04   -3.729957e-04   9.627963e+00 
7.936091e-01   2.592740e-02   1.462803e-03   6.623967e-04   7.570796e-04   -3.541591e-04   9.722064e+00 
7.959102e-01   2.615886e-02   1.387999e-03   6.368817e-04   7.162564e-04   -3.353981e-04   9.816478e+00 
7.981523e-01   2.638851e-02   1.313474e-03   6.117072e-04   6.764840e-04   -3.168478e-04   9.911206e+00 
8.003327e-01   2.661625e-02   1.239712e-03   5.869127e-04   6.375060e-04   -2.985477e-04   1.000625e+01 
8.024466e-01   2.684169e-02   1.167133e-03   5.624597e-04   5.994444e-04   -2.806059e-04   1.010160e+01 
8.044853e-01   2.706424e-02   1.095979e-03   5.382766e-04   5.624661e-04   -2.632403e-04   1.019726e+01 
8.064509e-01   2.728404e-02   1.026057e-03   5.144451e-04   5.265307e-04   -2.463865e-04   1.029322e+01 
8.083479e-01   2.750149e-02   9.572259e-04   4.911002e-04   4.915932e-04   -2.299693e-04   1.038950e+01 
8.101690e-01   2.771593e-02   8.903511e-04   4.681499e-04   4.579459e-04   -2.141153e-04   1.048608e+01 
8.119097e-01   2.792714e-02   8.255226e-04   4.455932e-04   4.258729e-04   -1.987591e-04   1.058296e+01 
8.135698e-01   2.813524e-02   7.627239e-04   4.234865e-04   3.952437e-04   -1.839199e-04   1.068015e+01 
8.151472e-01   2.833982e-02   7.025388e-04   4.018651e-04   3.659166e-04   -1.696960e-04   1.077763e+01 
8.166389e-01   2.854079e-02   6.453879e-04   3.807203e-04   3.378956e-04   -1.560821e-04   1.087542e+01 
8.180442e-01   2.873827e-02   5.909655e-04   3.601250e-04   3.112271e-04   -1.430693e-04   1.097351e+01 
8.193636e-01   2.893213e-02   5.392166e-04   3.401698e-04   2.861219e-04   -1.307715e-04   1.107190e+01 
8.205994e-01   2.912234e-02   4.904486e-04   3.208596e-04   2.625948e-04   -1.192370e-04   1.117058e+01 
8.217528e-01   2.930901e-02   4.448491e-04   3.021589e-04   2.404937e-04   -1.084310e-04   1.126955e+01 
8.228217e-01   2.949192e-02   4.025907e-04   2.840277e-04   2.196781e-04   -9.840664e-05   1.136883e+01 
8.238121e-01   2.967149e-02   3.630953e-04   2.665080e-04   2.002195e-04   -8.899626e-05   1.146839e+01 
8.247289e-01   2.984806e-02   3.262490e-04   2.496264e-04   1.820028e-04   -8.013329e-05   1.156825e+01 
8.255721e-01   3.002135e-02   2.923106e-04   2.333814e-04   1.650784e-04   -7.194204e-05   1.166840e+01 
8.263448e-01   3.019152e-02   2.611397e-04   2.178386e-04   1.495586e-04   -6.438797e-05   1.176884e+01 
8.270499e-01   3.035885e-02   2.325814e-04   2.030202e-04   1.352532e-04   -5.739850e-05   1.186957e+01 
8.276893e-01   3.052328e-02   2.069231e-04   1.889215e-04   1.220835e-04   -5.095622e-05   1.197058e+01 
8.282664e-01   3.068497e-02   1.839071e-04   1.754880e-04   1.100062e-04   -4.507628e-05   1.207188e+01 
8.287850e-01   3.084416e-02   1.632238e-04   1.626989e-04   9.889912e-05   -3.971013e-05   1.217347e+01 
8.292502e-01   3.100121e-02   1.447759e-04   1.505884e-04   8.875074e-05   -3.474760e-05   1.227534e+01 
8.296650e-01   3.115616e-02   1.284549e-04   1.391606e-04   7.950564e-05   -3.020971e-05   1.237750e+01 
8.300318e-01   3.130896e-02   1.140321e-04   1.284263e-04   7.111188e-05   -2.616462e-05   1.247993e+01 
8.303549e-01   3.145981e-02   1.012963e-04   1.183739e-04   6.349516e-05   -2.258649e-05   1.258265e+01 
8.306391e-01   3.160893e-02   9.008028e-05   1.089802e-04   5.659631e-05   -1.944786e-05   1.268565e+01 
8.308881e-01   3.175660e-02   8.028624e-05   1.002415e-04   5.038114e-05   -1.667256e-05   1.278892e+01 
8.311045e-01   3.190293e-02   7.174360e-05   9.212624e-05   4.479664e-05   -1.424011e-05   1.289248e+01 
8.312907e-01   3.204798e-02   6.432027e-05   8.461518e-05   3.978812e-05   -1.217958e-05   1.299631e+01 
8.314511e-01   3.219196e-02   5.787433e-05   7.768444e-05   3.535512e-05   -1.043885e-05   1.310042e+01 
8.315897e-01   3.233517e-02   5.223621e-05   7.130827e-05   3.142244e-05   -8.931902e-06   1.320480e+01 
8.317089e-01   3.247771e-02   4.727312e-05   6.546712e-05   2.794624e-05   -7.633624e-06   1.330946e+01 
8.318113e-01   3.261969e-02   4.285398e-05   6.012640e-05   2.487906e-05   -6.531127e-06   1.341438e+01 
8.319001e-01   3.276132e-02   3.891268e-05   5.524635e-05   2.220500e-05   -5.565215e-06   1.351959e+01 
8.319776e-01   3.290272e-02   3.543880e-05   5.078259e-05   1.986200e-05   -4.711564e-06   1.362506e+01 
8.320449e-01   3.304393e-02   3.234665e-05   4.670677e-05   1.776733e-05   -3.968157e-06   1.373080e+01 
8.321033e-01   3.318501e-02   2.960149e-05   4.299533e-05   1.590159e-05   -3.326515e-06   1.383681e+01 
8.321538e-01   3.332598e-02   2.719813e-05   3.960648e-05   1.425675e-05   -2.799061e-06   1.394309e+01 
8.321974e-01   3.346691e-02   2.505264e-05   3.651293e-05   1.282297e-05   -2.366666e-06   1.404963e+01 
8.322357e-01   3.360789e-02   2.314424e-05   3.369456e-05   1.158510e-05   -2.004071e-06   1.415644e+01 
8.322696e-01   3.374897e-02   2.142143e-05   3.113441e-05   1.050549e-05   -1.692701e-06   1.426352e+01 
8.322999e-01   3.389020e-02   1.985378e-05   2.881146e-05   9.559369e-06   -1.415791e-06   1.437086e+01 
8.323267e-01   3.403156e-02   1.845485e-05   2.670192e-05   8.717066e-06   -1.189171e-06   1.447846e+01 
8.323501e-01   3.417306e-02   1.719739e-05   2.478888e-05   7.957935e-06   -1.014859e-06   1.458633e+01 
8.323709e-01   3.431472e-02   1.606594e-05   2.305431e-05   7.279494e-06   -8.818485e-07   1.469445e+01 
8.323898e-01   3.445661e-02   1.503623e-05   2.147747e-05   6.676318e-06   -7.761559e-07   1.480284e+01 
8.324074e-01   3.459876e-02   1.409965e-05   2.003663e-05   6.151570e-06   -6.930061e-07   1.491149e+01 
8.324240e-01   3.474117e-02   1.324372e-05   1.871746e-05   5.695736e-06   -6.276193e-07   1.502039e+01 
8.324402e-01   3.488390e-02   1.244540e-05   1.751289e-05   5.287153e-06   -5.673055e-07   1.512956e+01 
8.324559e-01   3.502693e-02   1.170012e-05   1.641447e-05   4.909695e-06   -5.116053e-07   1.523898e+01 
8.324714e-01   3.517028e-02   1.100587e-05   1.541309e-05   4.567625e-06   -4.611248e-07   1.534865e+01 
8.324866e-01   3.531394e-02   1.036420e-05   1.449966e-05   4.260358e-06   -4.161581e-07   1.545858e+01 
8.325016e-01   3.545792e-02   9.774128e-06   1.366256e-05   3.984687e-06   -3.755745e-07   1.556877e+01 
8.325165e-01   3.560222e-02   9.231989e-06   1.288973e-05   3.732897e-06   -3.389639e-07   1.567921e+01 
8.325313e-01   3.574683e-02   8.736379e-06   1.217185e-05   3.502143e-06   -3.074545e-07   1.578990e+01 
8.325462e-01   3.589177e-02   8.280126e-06   1.150318e-05   3.293118e-06   -2.798641e-07   1.590084e+01 
8.325609e-01   3.603702e-02   7.854366e-06   1.088188e-05   3.101231e-06   -2.567971e-07   1.601203e+01 
8.325756e-01   3.618258e-02   7.453240e-06   1.030696e-05   2.922041e-06   -2.411990e-07   1.612348e+01 
8.325902e-01   3.632844e-02   7.075191e-06   9.775216e-06   2.755780e-06   -2.318888e-07   1.623517e+01 
8.326048e-01   3.647463e-02   6.723567e-06   9.282071e-06   2.602916e-06   -2.234601e-07   1.634711e+01 
8.326197e-01   3.662115e-02   6.397412e-06   8.822138e-06   2.461978e-06   -2.141406e-07   1.645930e+01 
8.326347e-01   3.676800e-02   6.092978e-06   8.391805e-06   2.331022e-06   -2.039095e-07   1.657173e+01 
8.326500e-01   3.691517e-02   5.808240e-06   7.988584e-06   2.209826e-06   -1.931397e-07   1.668441e+01 
8.326654e-01   3.706266e-02   5.541662e-06   7.610368e-06   2.097382e-06   -1.836679e-07   1.679734e+01 
8.326809e-01   3.721048e-02   5.290528e-06   7.255514e-06   1.992599e-06   -1.760806e-07   1.691051e+01 
8.326966e-01   3.735861e-02   5.054575e-06   6.922193e-06   1.893848e-06   -1.691952e-07   1.702392e+01 
8.327124e-01   3.750707e-02   4.833586e-06   6.608401e-06   1.800581e-06   -1.622722e-07   1.713757e+01 
8.327283e-01   3.765584e-02   4.624990e-06   6.312604e-06   1.713382e-06   -1.559358e-07   1.725147e+01 
8.327443e-01   3.780492e-02   4.426034e-06   6.033898e-06   1.632043e-06   -1.502988e-07   1.736561e+01 
8.327602e-01   3.795431e-02   4.237447e-06   5.771276e-06   1.555584e-06   -1.447380e-07   1.747999e+01 
8.327762e-01   3.810402e-02   4.059394e-06   5.523511e-06   1.483390e-06   -1.391535e-07   1.759461e+01 
8.327921e-01   3.825403e-02   3.891091e-06   5.289421e-06   1.415638e-06   -1.336170e-07   1.770946e+01 
8.328080e-01   3.840435e-02   3.731983e-06   5.067873e-06   1.352193e-06   -1.283838e-07   1.782456e+01 
8.328238e-01   3.855497e-02   3.580901e-06   4.857891e-06   1.292480e-06   -1.237698e-07   1.793989e+01 
8.328396e-01   3.870590e-02   3.437107e-06   4.658738e-06   1.236092e-06   -1.195913e-07   1.805546e+01 
8.328554e-01   3.885713e-02   3.300403e-06   4.469711e-06   1.182762e-06   -1.155822e-07   1.817126e+01 
8.328714e-01   3.900867e-02   3.170319e-06   4.290120e-06   1.132258e-06   -1.117102e-07   1.828730e+01 
8.328875e-01   3.916052e-02   3.046253e-06   4.119406e-06   1.084352e-06   -1.081805e-07   1.840357e+01 
8.329039e-01   3.931269e-02   2.927662e-06   3.957086e-06   1.038894e-06   -1.050443e-07   1.852008e+01 
8.329208e-01   3.946518e-02   2.814400e-06   3.802696e-06   9.957793e-07   -1.021206e-07   1.863682e+01 
8.329381e-01   3.961800e-02   2.706252e-06   3.655759e-06   9.548620e-07   -9.933549e-08   1.875379e+01 
8.329560e-01   3.977115e-02   2.602990e-06   3.515826e-06   9.159940e-07   -9.669163e-08   1.887100e+01 
8.329746e-01   3.992461e-02   2.504437e-06   3.382480e-06   8.790440e-07   -9.416748e-08   1.898843e+01 
8.329937e-01   4.007842e-02   2.410420e-06   3.255339e-06   8.438940e-07   -9.172294e-08   1.910610e+01 
8.330133e-01   4.023254e-02   2.320789e-06   3.134061e-06   8.104398e-07   -8.931586e-08   1.922399e+01 
8.330335e-01   4.038698e-02   2.235384e-06   3.018318e-06   7.785833e-07   -8.692002e-08   1.934211e+01 
8.330540e-01   4.054174e-02   2.154022e-06   2.907803e-06   7.482336e-07   -8.451681e-08   1.946046e+01 
8.330747e-01   4.069681e-02   2.076496e-06   2.802226e-06   7.193067e-07   -8.210546e-08   1.957903e+01 
8.330956e-01   4.085218e-02   2.002586e-06   2.701318e-06   6.917231e-07   -7.969355e-08   1.969784e+01 
8.331165e-01   4.100784e-02   1.932062e-06   2.604831e-06   6.654107e-07   -7.729658e-08   1.981687e+01 
8.331373e-01   4.116380e-02   1.864692e-06   2.512531e-06   6.402997e-07   -7.493400e-08   1.993612e+01 
8.331579e-01   4.132004e-02   1.800261e-06   2.424197e-06   6.163260e-07   -7.262813e-08   2.005560e+01 
8.331784e-01   4.147656e-02   1.738572e-06   2.339622e-06   5.934291e-07   -7.038896e-08   2.017530e+01 
8.331987e-01   4.163336e-02   1.679443e-06   2.258612e-06   5.715512e-07   -6.822482e-08   2.029523e+01 
8.332188e-01   4.179044e-02   1.622724e-06   2.180982e-06   5.506392e-07   -6.614172e-08   2.041537e+01 
8.332387e-01   4.194781e-02   1.568285e-06   2.106565e-06   5.306424e-07   -6.414572e-08   2.053574e+01 
8.332585e-01   4.210546e-02   1.516012e-06   2.035211e-06   5.115142e-07   -6.223169e-08   2.065633e+01 
8.332781e-01   4.226338e-02   1.465787e-06   1.966773e-06   4.932100e-07   -6.039079e-08   2.077714e+01 
8.332976e-01   4.242159e-02   1.417513e-06   1.901111e-06   4.756873e-07   -5.862912e-08   2.089818e+01 
8.333170e-01   4.258008e-02   1.371119e-06   1.838094e-06   4.589074e-07   -5.695524e-08   2.101942e+01 
8.333364e-01   4.273886e-02   1.326537e-06   1.777594e-06   4.428330e-07   -5.535870e-08   2.114089e+01 
8.333557e-01   4.289792e-02   1.283688e-06   1.719487e-06   4.274291e-07   -5.381646e-08   2.126258e+01 
8.333749e-01   4.305726e-02   1.242488e-06   1.663666e-06   4.126636e-07   -5.231668e-08   2.138448e+01 
8.333941e-01   4.321689e-02   1.202852e-06   1.610022e-06   3.985049e-07   -5.086216e-08   2.150660e+01 
8.334133e-01   4.337679e-02   1.164709e-06   1.558452e-06   3.849238e-07   -4.946279e-08   2.162894e+01 
8.334324e-01   4.353698e-02   1.127996e-06   1.508870e-06   3.718930e-07   -4.811887e-08   2.175149e+01 
8.334515e-01   4.369745e-02   1.092657e-06   1.461186e-06   3.593864e-07   -4.682329e-08   2.187426e+01 
8.334706e-01   4.385820e-02   1.058636e-06   1.415317e-06   3.473793e-07   -4.557108e-08   2.199724e+01 
8.334897e-01   4.401923e-02   1.025878e-06   1.371183e-06   3.358487e-07   -4.435405e-08   2.212044e+01 
8.335087e-01   4.418054e-02   9.943340e-07   1.328705e-06   3.247729e-07   -4.317848e-08   2.224384e+01 
8.335278e-01   4.434213e-02   9.639808e-07   1.287808e-06   3.141321e-07   -4.203134e-08   2.236746e+01 
8.335468e-01   4.450400e-02   9.348033e-07   1.248429e-06   3.039071e-07   -4.093166e-08   2.249130e+01 
8.335659e-01   4.466615e-02   9.068208e-07   1.210509e-06   2.940782e-07   -3.982351e-08   2.261534e+01 
8.335849e-01   4.482857e-02   8.798127e-07   1.173994e-06   2.846200e-07   -3.877097e-08   2.273959e+01 
8.336039e-01   4.499128e-02   8.533534e-07   1.138845e-06   2.755127e-07   -3.771109e-08   2.286406e+01 
8.336229e-01   4.515426e-02   8.276490e-07   1.105015e-06   2.667742e-07   -3.697905e-08   2.298873e+01 
8.336420e-01   4.531751e-02   8.060503e-07   1.072166e-06   2.584183e-07   -3.632371e-08   2.311361e+01 
8.336611e-01   4.548106e-02   7.848705e-07   1.040502e-06   2.502780e-07   -3.500314e-08   2.323870e+01 
8.336800e-01   4.564486e-02   7.568706e-07   1.011001e-06   2.424313e-07   -3.411777e-08   2.336400e+01 
8.336991e-01   4.580896e-02   7.364052e-07   9.811553e-07   2.349230e-07   -3.256046e-08   2.348951e+01 
8.337182e-01   4.597332e-02   7.136353e-07   9.523963e-07   2.276615e-07   -3.233658e-08   2.361522e+01 
8.337373e-01   4.613795e-02   6.931428e-07   9.249442e-07   2.206888e-07   -3.157071e-08   2.374114e+01 
8.337563e-01   4.630286e-02   6.732988e-07   8.985266e-07   2.139584e-07   -3.079178e-08   2.386726e+01 
8.337754e-01   4.646805e-02   6.541711e-07   8.730326e-07   2.074765e-07   -3.002305e-08   2.399359e+01 
8.337945e-01   4.663351e-02   6.356852e-07   8.484120e-07   2.012280e-07   -2.927690e-08   2.412012e+01 
8.338136e-01   4.679924e-02   6.178142e-07   8.246328e-07   1.952025e-07   -2.855322e-08   2.424686e+01 
8.338327e-01   4.696524e-02   6.005341e-07   8.016620e-07   1.893910e-07   -2.784991e-08   2.437380e+01 
8.338519e-01   4.713152e-02   5.838214e-07   7.794678e-07   1.837848e-07   -2.716776e-08   2.450094e+01 
8.338710e-01   4.729807e-02   5.676550e-07   7.580208e-07   1.783755e-07   -2.650511e-08   2.462828e+01 
8.338902e-01   4.746489e-02   5.520165e-07   7.372872e-07   1.731553e-07   -2.586117e-08   2.475583e+01 
8.339094e-01   4.763198e-02   5.368906e-07   7.172397e-07   1.681166e-07   -2.523419e-08   2.488358e+01 
8.339285e-01   4.779934e-02   5.222638e-07   6.978496e-07   1.632523e-07   -2.462387e-08   2.501153e+01 
8.339477e-01   4.796696e-02   5.081286e-07   6.790903e-07   1.585554e-07   -2.402731e-08   2.513968e+01 
8.339669e-01   4.813486e-02   4.944760e-07   6.609339e-07   1.540194e-07   -2.344478e-08   2.526803e+01 
8.339861e-01   4.830303e-02   4.813014e-07   6.433576e-07   1.496381e-07   -2.287458e-08   2.539657e+01 
8.340053e-01   4.847146e-02   4.685954e-07   6.263474e-07   1.454053e-07   -2.231523e-08   2.552532e+01 
8.340246e-01   4.864016e-02   4.563570e-07   6.098553e-07   1.413154e-07   -2.176873e-08   2.565426e+01 
8.340438e-01   4.880913e-02   4.445505e-07   5.939011e-07   1.373629e-07   -2.122564e-08   2.578340e+01 
8.340630e-01   4.897837e-02   4.330878e-07   5.784320e-07   1.335427e-07   -2.073088e-08   2.591274e+01 
8.340823e-01   4.914787e-02   4.219979e-07   5.634612e-07   1.298498e-07   -2.023382e-08   2.604228e+01 
8.341016e-01   4.931764e-02   4.111985e-07   5.489659e-07   1.262797e-07   -1.975205e-08   2.617201e+01 
8.341210e-01   4.948768e-02   4.006490e-07   5.349343e-07   1.228280e-07   -1.928440e-08   2.630193e+01 
8.341403e-01   4.965798e-02   3.903220e-07   5.213520e-07   1.194902e-07   -1.882688e-08   2.643205e+01 
8.341598e-01   4.982855e-02   3.802118e-07   5.082050e-07   1.162620e-07   -1.837650e-08   2.656237e+01 
8.341792e-01   4.999939e-02   3.703346e-07   4.954748e-07   1.131391e-07   -1.792941e-08   2.669288e+01 
8.341987e-01   5.017049e-02   3.607225e-07   4.831455e-07   1.101178e-07   -1.748438e-08   2.682358e+01 
8.342182e-01   5.034185e-02   3.514077e-07   4.711967e-07   1.071944e-07   -1.704106e-08   2.695448e+01 
8.342377e-01   5.051348e-02   3.424107e-07   4.596131e-07   1.043654e-07   -1.660231e-08   2.708556e+01 
8.342572e-01   5.068537e-02   3.337388e-07   4.483741e-07   1.016274e-07   -1.617319e-08   2.721684e+01 
8.342767e-01   5.085753e-02   3.253847e-07   4.374656e-07   9.897714e-08   -1.575824e-08   2.734832e+01 
8.342963e-01   5.102994e-02   3.173304e-07   4.268724e-07   9.641171e-08   -1.536092e-08   2.747998e+01 
8.343158e-01   5.120262e-02   3.095514e-07   4.165844e-07   9.392798e-08   -1.498313e-08   2.761184e+01 
8.343354e-01   5.137555e-02   3.020237e-07   4.065918e-07   9.152329e-08   -1.462466e-08   2.774388e+01 
8.343549e-01   5.154876e-02   2.947251e-07   3.968857e-07   8.919476e-08   -1.428350e-08   2.787611e+01 
8.343745e-01   5.172221e-02   2.876396e-07   3.874593e-07   8.693988e-08   -1.395628e-08   2.800853e+01 
8.343941e-01   5.189593e-02   2.807559e-07   3.783059e-07   8.475607e-08   -1.364024e-08   2.814114e+01 
8.344137e-01   5.206991e-02   2.740670e-07   3.694178e-07   8.264091e-08   -1.333215e-08   2.827394e+01 
8.344333e-01   5.224415e-02   2.675689e-07   3.607867e-07   8.059212e-08   -1.302902e-08   2.840693e+01 
8.344529e-01   5.241865e-02   2.612578e-07   3.524066e-07   7.860744e-08   -1.273049e-08   2.854011e+01 
8.344726e-01   5.259341e-02   2.551329e-07   3.442674e-07   7.668479e-08   -1.243669e-08   2.867347e+01 
8.344922e-01   5.276843e-02   2.491901e-07   3.363613e-07   7.482207e-08   -1.214733e-08   2.880702e+01 
8.345119e-01   5.294371e-02   2.434261e-07   3.286801e-07   7.301736e-08   -1.186292e-08   2.894075e+01 
8.345316e-01   5.311924e-02   2.378389e-07   3.212127e-07   7.126872e-08   -1.158391e-08   2.907467e+01 
8.345513e-01   5.329503e-02   2.324253e-07   3.139547e-07   6.957443e-08   -1.131075e-08   2.920877e+01 
8.345709e-01   5.347107e-02   2.271833e-07   3.068958e-07   6.793270e-08   -1.104287e-08   2.934306e+01 
8.345905e-01   5.364737e-02   2.221114e-07   3.000288e-07   6.634188e-08   -1.078007e-08   2.947754e+01 
8.346101e-01   5.382392e-02   2.172082e-07   2.933461e-07   6.480038e-08   -1.052131e-08   2.961219e+01 
8.346296e-01   5.400073e-02   2.124708e-07   2.868406e-07   6.330657e-08   -1.026514e-08   2.974703e+01 
8.346490e-01   5.417778e-02   2.078964e-07   2.805052e-07   6.185885e-08   -1.001105e-08   2.988206e+01 
8.346683e-01   5.435509e-02   2.034786e-07   2.743340e-07   6.045563e-08   -9.758301e-09   3.001726e+01 
8.346876e-01   5.453264e-02   1.992086e-07   2.683190e-07   5.909533e-08   -9.508366e-09   3.015265e+01 
8.347068e-01   5.471045e-02   1.950773e-07   2.624557e-07   5.777643e-08   -9.262315e-09   3.028822e+01 
8.347260e-01   5.488851e-02   1.910714e-07   2.567391e-07   5.649744e-08   -9.022790e-09   3.042397e+01 
8.347452e-01   5.506682e-02   1.871789e-07   2.511627e-07   5.525700e-08   -8.792347e-09   3.055990e+01 
8.347644e-01   5.524539e-02   1.833877e-07   2.457240e-07   5.405386e-08   -8.571109e-09   3.069601e+01 
8.347836e-01   5.542421e-02   1.796887e-07   2.404189e-07   5.288682e-08   -8.358538e-09   3.083231e+01 
8.348029e-01   5.560330e-02   1.760758e-07   2.352444e-07   5.175476e-08   -8.153804e-09   3.096878e+01 
8.348223e-01   5.578264e-02   1.725448e-07   2.301981e-07   5.065662e-08   -7.953915e-09   3.110543e+01 
8.348417e-01   5.596223e-02   1.690935e-07   2.252773e-07   4.959136e-08   -7.757039e-09   3.124226e+01 
8.348612e-01   5.614209e-02   1.657221e-07   2.204786e-07   4.855795e-08   -7.562254e-09   3.137926e+01 
8.348807e-01   5.632219e-02   1.624294e-07   2.157989e-07   4.755544e-08   -7.368285e-09   3.151645e+01 
8.349003e-01   5.650256e-02   1.592146e-07   2.112362e-07   4.658283e-08   -7.175511e-09   3.165381e+01 
8.349199e-01   5.668318e-02   1.560778e-07   2.067868e-07   4.563922e-08   -6.985059e-09   3.179135e+01 
8.349396e-01   5.686405e-02   1.530164e-07   2.024459e-07   4.472369e-08   -6.796781e-09   3.192907e+01 
8.349594e-01   5.704518e-02   1.500291e-07   1.982134e-07   4.383538e-08   -6.610880e-09   3.206696e+01 
8.349791e-01   5.722657e-02   1.471143e-07   1.940845e-07   4.297343e-08   -6.428636e-09   3.220503e+01 
8.349989e-01   5.740820e-02   1.442695e-07   1.900565e-07   4.213704e-08   -6.248848e-09   3.234327e+01 
8.350188e-01   5.759009e-02   1.414927e-07   1.861269e-07   4.132543e-08   -6.072249e-09   3.248169e+01 
8.350387e-01   5.777224e-02   1.387831e-07   1.822933e-07   4.053783e-08   -5.898844e-09   3.262028e+01 
8.350586e-01   5.795464e-02   1.361381e-07   1.785521e-07   3.977351e-08   -5.728978e-09   3.275905e+01 
8.350786e-01   5.813729e-02   1.335560e-07   1.749029e-07   3.903178e-08   -5.561407e-09   3.289799e+01 
8.350986e-01   5.832020e-02   1.310364e-07   1.713397e-07   3.831193e-08   -5.397363e-09   3.303710e+01 
8.351187e-01   5.850336e-02   1.285761e-07   1.678633e-07   3.761332e-08   -5.236510e-09   3.317639e+01 
8.351388e-01   5.868676e-02   1.261743e-07   1.644698e-07   3.693530e-08   -5.078329e-09   3.331585e+01 
8.351589e-01   5.887043e-02   1.238298e-07   1.611580e-07   3.627724e-08   -4.923254e-09   3.345548e+01 
8.351791e-01   5.905434e-02   1.215399e-07   1.579242e-07   3.563855e-08   -4.771269e-09   3.359529e+01 
8.351993e-01   5.923851e-02   1.193045e-07   1.547674e-07   3.501867e-08   -4.621776e-09   3.373526e+01 
8.352195e-01   5.942293e-02   1.171211e-07   1.516858e-07   3.441702e-08   -4.475698e-09   3.387541e+01 
8.352398e-01   5.960760e-02   1.149886e-07   1.486768e-07   3.383305e-08   -4.332046e-09   3.401573e+01 
8.352602e-01   5.979252e-02   1.129064e-07   1.457387e-07   3.326626e-08   -4.191352e-09   3.415622e+01 
8.352805e-01   5.997769e-02   1.108726e-07   1.428678e-07   3.271611e-08   -4.053225e-09   3.429688e+01 
8.353009e-01   6.016312e-02   1.088852e-07   1.400652e-07   3.218214e-08   -3.917531e-09   3.443771e+01 
8.353214e-01   6.034879e-02   1.069448e-07   1.373281e-07   3.166386e-08   -3.784972e-09   3.457870e+01 
8.353419e-01   6.053472e-02   1.050489e-07   1.346538e-07   3.116081e-08   -3.654853e-09   3.471987e+01 
8.353624e-01   6.072090e-02   1.031953e-07   1.320413e-07   3.067254e-08   -3.527181e-09   3.486121e+01 
8.353830e-01   6.090732e-02   1.013855e-07   1.294902e-07   3.019863e-08   -3.401431e-09   3.500271e+01 
8.354036e-01   6.109400e-02   9.961690e-08   1.269968e-07   2.973866e-08   -3.279290e-09   3.514438e+01 
8.354242e-01   6.128093e-02   9.788794e-08   1.245602e-07   2.929220e-08   -3.158230e-09   3.528622e+01 
8.354449e-01   6.146811e-02   9.619892e-08   1.221800e-07   2.885889e-08   -3.040420e-09   3.542822e+01 
8.354657e-01   6.165554e-02   9.454790e-08   1.198535e-07   2.843833e-08   -2.925450e-09   3.557040e+01 
8.354864e-01   6.184322e-02   9.293382e-08   1.175796e-07   2.803016e-08   -2.810703e-09   3.571274e+01 
8.355072e-01   6.203115e-02   9.135612e-08   1.153572e-07   2.763402e-08   -2.699890e-09   3.585524e+01 
8.355281e-01   6.221932e-02   8.981454e-08   1.131849e-07   2.724957e-08   -2.591048e-09   3.599791e+01 
8.355490e-01   6.240775e-02   8.830724e-08   1.110624e-07   2.687646e-08   -2.483783e-09   3.614075e+01 
8.355699e-01   6.259643e-02   8.683198e-08   1.089856e-07   2.651437e-08   -2.378861e-09   3.628375e+01 
8.355909e-01   6.278536e-02   8.539198e-08   1.069575e-07   2.616300e-08   -2.276108e-09   3.642692e+01 
8.356119e-01   6.297454e-02   8.398262e-08   1.049724e-07   2.582203e-08   -2.175027e-09   3.657025e+01 
8.356329e-01   6.316397e-02   8.260404e-08   1.030319e-07   2.549116e-08   -2.077285e-09   3.671374e+01 
8.356540e-01   6.335364e-02   8.125668e-08   1.011348e-07   2.517011e-08   -1.978777e-09   3.685740e+01 
8.356752e-01   6.354357e-02   7.993974e-08   9.927970e-08   2.485861e-08   -1.884303e-09   3.700122e+01 
8.356964e-01   6.373374e-02   7.865009e-08   9.746509e-08   2.455638e-08   -1.791879e-09   3.714521e+01 
8.357176e-01   6.392417e-02   7.739019e-08   9.569063e-08   2.426314e-08   -1.698602e-09   3.728935e+01 
8.357389e-01   6.411484e-02   7.616041e-08   9.395634e-08   2.397867e-08   -1.610560e-09   3.743366e+01 
8.357602e-01   6.430576e-02   7.495388e-08   9.226257e-08   2.370270e-08   -1.526690e-09   3.757814e+01 
8.357815e-01   6.449693e-02   7.377193e-08   9.060784e-08   2.343501e-08   -1.440802e-09   3.772277e+01 
8.358029e-01   6.468836e-02   7.261401e-08   8.899310e-08   2.317533e-08   -1.355289e-09   3.786756e+01 
8.358243e-01   6.488002e-02   7.148134e-08   8.740566e-08   2.292345e-08   -1.275379e-09   3.801252e+01 
8.358458e-01   6.507194e-02   7.037279e-08   8.584779e-08   2.267919e-08   -1.192942e-09   3.815763e+01 
8.358674e-01   6.526411e-02   6.929306e-08   8.431837e-08   2.244230e-08   -1.105663e-09   3.830291e+01 
8.358889e-01   6.545652e-02   6.824167e-08   8.282047e-08   2.221255e-08   -1.020259e-09   3.844835e+01 
8.359105e-01   6.564919e-02   6.721291e-08   8.135296e-08   2.198974e-08   -9.408242e-10   3.859394e+01 
8.359322e-01   6.584210e-02   6.620110e-08   7.991796e-08   2.177374e-08   -8.632599e-10   3.873970e+01 
8.359539e-01   6.603526e-02   6.520809e-08   7.852202e-08   2.156439e-08   -7.843174e-10   3.888561e+01 
8.359756e-01   6.622867e-02   6.423955e-08   7.715898e-08   2.136150e-08   -7.129376e-10   3.903169e+01 
8.359974e-01   6.642232e-02   6.329475e-08   7.582969e-08   2.116481e-08   -6.495116e-10   3.917792e+01 
8.360192e-01   6.661622e-02   6.236306e-08   7.452686e-08   2.097413e-08   -5.862260e-10   3.932431e+01 
8.360411e-01   6.681038e-02   6.143708e-08   7.325079e-08   2.078928e-08   -5.116874e-10   3.947086e+01 
8.360631e-01   6.700479e-02   6.053059e-08   7.199447e-08   2.061013e-08   -4.291086e-10   3.961756e+01 
8.360851e-01   6.719945e-02   5.966091e-08   7.075713e-08   2.043656e-08   -3.495168e-10   3.976442e+01 
8.361072e-01   6.739435e-02   5.881476e-08   6.953966e-08   2.026842e-08   -2.826635e-10   3.991144e+01 
8.361292e-01   6.758950e-02   5.798004e-08   6.834501e-08   2.010556e-08   -2.274784e-10   4.005862e+01 
8.361513e-01   6.778489e-02   5.715715e-08   6.717782e-08   1.994783e-08   -1.751713e-10   4.020595e+01 
8.361735e-01   6.798054e-02   5.634643e-08   6.603868e-08   1.979508e-08   -1.195748e-10   4.035344e+01 
8.361957e-01   6.817644e-02   5.555069e-08   6.492710e-08   1.964716e-08   -6.145403e-11   4.050108e+01 
8.362180e-01   6.837258e-02   5.477339e-08   6.383926e-08   1.950394e-08   -2.408372e-12   4.064888e+01 
8.362403e-01   6.856897e-02   5.401414e-08   6.277322e-08   1.936530e-08   5.504926e-11   4.079683e+01 
8.362627e-01   6.876561e-02   5.327217e-08   6.172720e-08   1.923110e-08   1.106133e-10   4.094494e+01 
8.362851e-01   6.896250e-02   5.254500e-08   6.070088e-08   1.910123e-08   1.646105e-10   4.109321e+01 
8.363076e-01   6.915964e-02   5.183168e-08   5.969559e-08   1.897557e-08   2.177017e-10   4.124162e+01 
8.363301e-01   6.935702e-02   5.113275e-08   5.871057e-08   1.885400e-08   2.701120e-10   4.139019e+01 
8.363527e-01   6.955466e-02   5.044816e-08   5.774556e-08   1.873641e-08   3.219337e-10   4.153892e+01 
8.363753e-01   6.975254e-02   4.977774e-08   5.680017e-08   1.862270e-08   3.729129e-10   4.168780e+01 
8.363980e-01   6.995067e-02   4.912069e-08   5.587342e-08   1.851274e-08   4.224862e-10   4.183683e+01 
8.364207e-01   7.014905e-02   4.847710e-08   5.496508e-08   1.840645e-08   4.716301e-10   4.198601e+01 
8.364435e-01   7.034768e-02   4.784660e-08   5.407396e-08   1.830373e-08   5.200105e-10   4.213534e+01 
8.364663e-01   7.054656e-02   4.722851e-08   5.320063e-08   1.820446e-08   5.672749e-10   4.228483e+01 
8.364892e-01   7.074569e-02   4.662269e-08   5.234464e-08   1.810856e-08   6.135628e-10   4.243447e+01 
8.365121e-01   7.094507e-02   4.602915e-08   5.150512e-08   1.801595e-08   6.595021e-10   4.258426e+01 
8.365351e-01   7.114469e-02   4.544724e-08   5.068203e-08   1.792651e-08   7.045342e-10   4.273420e+01 
8.365582e-01   7.134456e-02   4.487679e-08   4.987505e-08   1.784018e-08   7.485241e-10   4.288430e+01 
8.365813e-01   7.154469e-02   4.431768e-08   4.908311e-08   1.775686e-08   7.917636e-10   4.303454e+01 
8.366045e-01   7.174506e-02   4.376953e-08   4.830671e-08   1.767648e-08   8.342795e-10   4.318493e+01 
8.366277e-01   7.194568e-02   4.323224e-08   4.754500e-08   1.759894e-08   8.758919e-10   4.333548e+01 
8.366510e-01   7.214655e-02   4.270530e-08   4.679810e-08   1.752418e-08   9.171504e-10   4.348617e+01 
8.366743e-01   7.234767e-02   4.218884e-08   4.606525e-08   1.745212e-08   9.572027e-10   4.363702e+01 
8.366977e-01   7.254904e-02   4.168242e-08   4.534605e-08   1.738268e-08   9.966598e-10   4.378801e+01 
8.367211e-01   7.275066e-02   4.118556e-08   4.464055e-08   1.731579e-08   1.035346e-09   4.393915e+01 
8.367447e-01   7.295253e-02   4.069858e-08   4.394851e-08   1.725139e-08   1.073315e-09   4.409044e+01 
8.367682e-01   7.315465e-02   4.022083e-08   4.326925e-08   1.718939e-08   1.110704e-09   4.424188e+01 
8.367918e-01   7.335702e-02   3.975234e-08   4.260271e-08   1.712975e-08   1.147435e-09   4.439347e+01 
8.368155e-01   7.355963e-02   3.929292e-08   4.194864e-08   1.707238e-08   1.183255e-09   4.454520e+01 
8.368393e-01   7.376250e-02   3.884218e-08   4.130656e-08   1.701723e-08   1.218544e-09   4.469708e+01 
8.368631e-01   7.396562e-02   3.840024e-08   4.067644e-08   1.696425e-08   1.253024e-09   4.484911e+01 
8.368870e-01   7.416898e-02   3.796661e-08   4.005812e-08   1.691336e-08   1.287017e-09   4.500129e+01 
8.369109e-01   7.437260e-02   3.754132e-08   3.945081e-08   1.686451e-08   1.320359e-09   4.515361e+01 
8.369349e-01   7.457647e-02   3.712417e-08   3.885494e-08   1.681765e-08   1.353060e-09   4.530608e+01 
8.369589e-01   7.478059e-02   3.671470e-08   3.826949e-08   1.677271e-08   1.385056e-09   4.545870e+01 
8.369831e-01   7.498495e-02   3.631310e-08   3.769527e-08   1.672966e-08   1.416439e-09   4.561146e+01 
8.370072e-01   7.518957e-02   3.591917e-08   3.713069e-08   1.668842e-08   1.447265e-09   4.576437e+01 
8.370315e-01   7.539444e-02   3.553255e-08   3.657696e-08   1.664896e-08   1.477555e-09   4.591742e+01 
8.370558e-01   7.559956e-02   3.515326e-08   3.603285e-08   1.661123e-08   1.507136e-09   4.607062e+01 
8.370802e-01   7.580493e-02   3.478117e-08   3.549861e-08   1.657517e-08   1.536329e-09   4.622396e+01 
8.371046e-01   7.601055e-02   3.441595e-08   3.497384e-08   1.654074e-08   1.564754e-09   4.637745e+01 
8.371292e-01   7.621642e-02   3.405748e-08   3.445839e-08   1.650789e-08   1.592759e-09   4.653108e+01 
8.371537e-01   7.642255e-02   3.370592e-08   3.395233e-08   1.647659e-08   1.620247e-09   4.668486e+01 
8.371784e-01   7.662892e-02   3.336083e-08   3.345475e-08   1.644678e-08   1.647157e-09   4.683878e+01 
8.372031e-01   7.683555e-02   3.302224e-08   3.296635e-08   1.641842e-08   1.673511e-09   4.699285e+01 
8.372279e-01   7.704242e-02   3.268995e-08   3.248651e-08   1.639148e-08   1.699286e-09   4.714705e+01 
8.372527e-01   7.724955e-02   3.236376e-08   3.201470e-08   1.636592e-08   1.724734e-09   4.730140e+01 
8.372777e-01   7.745693e-02   3.204364e-08   3.155129e-08   1.634168e-08   1.749670e-09   4.745590e+01 
8.373027e-01   7.766457e-02   3.172949e-08   3.109579e-08   1.631875e-08   1.774031e-09   4.761053e+01 
8.373277e-01   7.787245e-02   3.142070e-08   3.064854e-08   1.629708e-08   1.797819e-09   4.776531e+01 
8.373529e-01   7.808059e-02   3.111749e-08   3.020880e-08   1.627663e-08   1.821045e-09   4.792023e+01 
8.373781e-01   7.828898e-02   3.081968e-08   2.977660e-08   1.625737e-08   1.843806e-09   4.807530e+01 
8.374034e-01   7.849762e-02   3.052814e-08   2.935162e-08   1.623927e-08   1.866178e-09   4.823050e+01 
8.374287e-01   7.870651e-02   3.024162e-08   2.893406e-08   1.622229e-08   1.888414e-09   4.838585e+01 
8.374542e-01   7.891566e-02   2.996116e-08   2.852381e-08   1.620641e-08   1.910181e-09   4.854133e+01 
8.374797e-01   7.912506e-02   2.968468e-08   2.812025e-08   1.619158e-08   1.931097e-09   4.869696e+01 
8.375052e-01   7.933471e-02   2.941451e-08   2.772342e-08   1.617778e-08   1.952082e-09   4.885273e+01 
8.375309e-01   7.954461e-02   2.914763e-08   2.733366e-08   1.616498e-08   1.972003e-09   4.900864e+01 
8.375566e-01   7.975477e-02   2.888728e-08   2.694993e-08   1.615315e-08   1.991986e-09   4.916469e+01 
8.375825e-01   7.996519e-02   2.863008e-08   2.657293e-08   1.614227e-08   2.011229e-09   4.932088e+01 
8.376084e-01   8.017585e-02   2.837935e-08   2.620220e-08   1.613230e-08   2.030501e-09   4.947721e+01 
8.376343e-01   8.038677e-02   2.813144e-08   2.583744e-08   1.612321e-08   2.048946e-09   4.963367e+01 
8.376604e-01   8.059794e-02   2.788958e-08   2.547909e-08   1.611499e-08   2.067126e-09   4.979028e+01 
8.376865e-01   8.080937e-02   2.765114e-08   2.512675e-08   1.610760e-08   2.084729e-09   4.994703e+01 
8.377127e-01   8.102105e-02   2.741619e-08   2.478032e-08   1.610102e-08   2.101525e-09   5.010391e+01 
8.377390e-01   8.123299e-02   2.718745e-08   2.443939e-08   1.609524e-08   2.118439e-09   5.026094e+01 
8.377654e-01   8.144517e-02   2.695877e-08   2.410435e-08   1.609022e-08   2.133860e-09   5.041810e+01 
8.377919e-01   8.165762e-02   2.674136e-08   2.377501e-08   1.608594e-08   2.150605e-09   5.057540e+01 
8.378184e-01   8.187032e-02   2.651983e-08   2.345029e-08   1.608238e-08   2.165196e-09   5.073284e+01 
8.378450e-01   8.208327e-02   2.631217e-08   2.313064e-08   1.607951e-08   2.181941e-09   5.089041e+01 
8.378717e-01   8.229648e-02   2.609821e-08   2.281557e-08   1.607732e-08   2.196213e-09   5.104812e+01 
8.378986e-01   8.250994e-02   2.589754e-08   2.250496e-08   1.607579e-08   2.212464e-09   5.120597e+01 
8.379254e-01   8.272367e-02   2.569473e-08   2.219897e-08   1.607489e-08   2.227173e-09   5.136396e+01 
8.379524e-01   8.293764e-02   2.549675e-08   2.189826e-08   1.607461e-08   2.241314e-09   5.152208e+01 
8.379795e-01   8.315188e-02   2.530560e-08   2.160338e-08   1.607492e-08   2.255760e-09   5.168035e+01 
8.380066e-01   8.336636e-02   2.510484e-08   2.131446e-08   1.607582e-08   2.266408e-09   5.183874e+01 
8.380339e-01   8.358111e-02   2.492344e-08   2.103079e-08   1.607727e-08   2.280926e-09   5.199727e+01 
8.380612e-01   8.379610e-02   2.472752e-08   2.074985e-08   1.607927e-08   2.290496e-09   5.215594e+01 
8.380886e-01   8.401136e-02   2.455715e-08   2.047228e-08   1.608179e-08   2.305757e-09   5.231474e+01 
8.381161e-01   8.422687e-02   2.437889e-08   2.019667e-08   1.608482e-08   2.317600e-09   5.247368e+01 
8.381437e-01   8.444264e-02   2.420701e-08   1.992674e-08   1.608834e-08   2.330239e-09   5.263276e+01 
8.381715e-01   8.465868e-02   2.403929e-08   1.966373e-08   1.609234e-08   2.342458e-09   5.279197e+01 
8.381992e-01   8.487495e-02   2.385397e-08   1.940596e-08   1.609680e-08   2.349102e-09   5.295131e+01 
8.382271e-01   8.509147e-02   2.369780e-08   1.915242e-08   1.610171e-08   2.362176e-09   5.311077e+01 
8.382551e-01   8.530822e-02   2.352854e-08   1.889761e-08   1.610705e-08   2.370590e-09   5.327034e+01 
8.382832e-01   8.552521e-02   2.338305e-08   1.864574e-08   1.611280e-08   2.384212e-09   5.343004e+01 
8.383114e-01   8.574243e-02   2.322997e-08   1.840041e-08   1.611896e-08   2.394655e-09   5.358985e+01 
8.383396e-01   8.595990e-02   2.305837e-08   1.816273e-08   1.612550e-08   2.399572e-09   5.374979e+01 
8.383680e-01   8.617760e-02   2.291419e-08   1.792926e-08   1.613242e-08   2.410777e-09   5.390984e+01 
8.383964e-01   8.639554e-02   2.275842e-08   1.769242e-08   1.613972e-08   2.417834e-09   5.407001e+01 
8.384250e-01   8.661373e-02   2.263287e-08   1.745804e-08   1.614734e-08   2.430250e-09   5.423030e+01 
8.384537e-01   8.683216e-02   2.249082e-08   1.723258e-08   1.615531e-08   2.438544e-09   5.439071e+01 
8.384824e-01   8.705082e-02   2.232362e-08   1.701434e-08   1.616361e-08   2.440833e-09   5.455124e+01 
8.385113e-01   8.726973e-02   2.220080e-08   1.679493e-08   1.617222e-08   2.451994e-09   5.471189e+01 
8.385402e-01   8.748888e-02   2.207076e-08   1.657137e-08   1.618113e-08   2.459281e-09   5.487266e+01 
8.385693e-01   8.770827e-02   2.194509e-08   1.635751e-08   1.619034e-08   2.467403e-09   5.503355e+01 
8.385985e-01   8.792791e-02   2.180558e-08   1.615413e-08   1.619983e-08   2.473156e-09   5.519456e+01 
8.386277e-01   8.814778e-02   2.165648e-08   1.594658e-08   1.620959e-08   2.474847e-09   5.535569e+01 
8.386571e-01   8.836791e-02   2.156968e-08   1.573567e-08   1.621961e-08   2.488000e-09   5.551693e+01 
8.386866e-01   8.858827e-02   2.144517e-08   1.553568e-08   1.622989e-08   2.492642e-09   5.567830e+01 
8.387162e-01   8.880888e-02   2.128841e-08   1.534492e-08   1.624041e-08   2.491373e-09   5.583979e+01 
8.387459e-01   8.902975e-02   2.119583e-08   1.514657e-08   1.625118e-08   2.501621e-09   5.600139e+01 
8.387757e-01   8.925084e-02   2.109283e-08   1.494844e-08   1.626218e-08   2.506967e-09   5.616312e+01 
8.388056e-01   8.947219e-02   2.096248e-08   1.476742e-08   1.627347e-08   2.507209e-09   5.632496e+01 
8.388357e-01   8.969380e-02   2.084790e-08   1.458307e-08   1.628509e-08   2.513708e-09   5.648692e+01 
8.388658e-01   8.991562e-02   2.075219e-08   1.439064e-08   1.629728e-08   2.514497e-09   5.664900e+01 
8.388961e-01   9.013773e-02   2.066453e-08   1.421666e-08   1.631045e-08   2.522984e-09   5.681121e+01 
8.389265e-01   9.036006e-02   2.053422e-08   1.404629e-08   1.632513e-08   2.520337e-09   5.697353e+01 
8.389569e-01   9.058265e-02   2.044710e-08   1.387895e-08   1.634187e-08   2.522896e-09   5.713597e+01 
8.389876e-01   9.080546e-02   2.038754e-08   1.373797e-08   1.636326e-08   2.529322e-09   5.729853e+01 
8.390183e-01   9.102861e-02   2.026843e-08   1.358332e-08   1.639421e-08   2.527779e-09   5.746121e+01 
8.390491e-01   9.125185e-02   2.015929e-08   1.342590e-08   1.638696e-08   2.505244e-09   5.762400e+01 
8.390801e-01   9.147558e-02   2.012624e-08   1.328822e-08   1.639587e-08   2.523125e-09   5.778692e+01 
8.391113e-01   9.169919e-02   2.009023e-08   1.312295e-08   1.644167e-08   2.460190e-09   5.794996e+01 
8.391422e-01   9.192359e-02   2.041240e-08   1.305459e-08   1.652819e-08   2.493558e-09   5.811312e+01 
8.391739e-01   9.214753e-02   2.016822e-08   1.316696e-08   1.653818e-08   2.566782e-09   5.827639e+01 
8.392054e-01   9.237229e-02   2.050947e-08   1.273773e-08   1.645660e-08   2.489246e-09   5.843979e+01 
8.392366e-01   9.259728e-02   2.014843e-08   1.254856e-08   1.658411e-08   2.528287e-09   5.860330e+01 
8.392685e-01   9.282238e-02   1.966189e-08   1.251471e-08   1.647225e-08   2.511153e-09   5.876694e+01 
8.393003e-01   9.304767e-02   1.959888e-08   1.230672e-08   1.651231e-08   2.535312e-09   5.893069e+01 
8.393322e-01   9.327324e-02   1.953504e-08   1.202408e-08   1.648911e-08   2.462537e-09   5.909456e+01 
8.393644e-01   9.349911e-02   1.945632e-08   1.191479e-08   1.650558e-08   2.434175e-09   5.925856e+01 
8.393966e-01   9.372524e-02   1.949887e-08   1.185798e-08   1.651668e-08   2.405690e-09   5.942267e+01 
8.394289e-01   9.395160e-02   1.941953e-08   1.189135e-08   1.653018e-08   2.333288e-09   5.958690e+01 
8.394614e-01   9.417822e-02   1.931837e-08   1.182591e-08   1.654415e-08   2.310924e-09   5.975125e+01 
8.394941e-01   9.440511e-02   1.940791e-08   1.162769e-08   1.655822e-08   2.387464e-09   5.991572e+01 
8.395268e-01   9.463225e-02   1.932660e-08   1.148941e-08   1.657236e-08   2.414746e-09   6.008031e+01 
8.395596e-01   9.485964e-02   1.956745e-08   1.181902e-08   1.658656e-08   2.298758e-09   6.024501e+01 
8.395928e-01   9.508733e-02   1.967472e-08   1.280554e-08   1.660081e-08   1.883654e-09   6.040984e+01 
8.396261e-01   9.531525e-02   1.987427e-08   1.406619e-08   1.661512e-08   1.283555e-09   6.057479e+01 
8.396593e-01   9.554338e-02   1.965991e-08   1.496022e-08   1.662948e-08   8.896043e-10   6.073986e+01 
8.396928e-01   9.577180e-02   1.967221e-08   1.480259e-08   1.664389e-08   9.819299e-10   6.090504e+01 
8.397266e-01   9.600051e-02   1.995820e-08   1.352572e-08   1.665832e-08   1.455610e-09   6.107035e+01 
8.397602e-01   9.622945e-02   2.048361e-08   1.206689e-08   1.667277e-08   2.038441e-09   6.123577e+01 
8.397933e-01   9.645860e-02   2.070489e-08   1.084433e-08   1.668724e-08   2.346066e-09   6.140132e+01 
8.398269e-01   9.668801e-02   2.129122e-08   1.050940e-08   1.670175e-08   2.683162e-09   6.156698e+01 
8.398613e-01   9.691778e-02   1.964652e-08   1.062868e-08   1.671631e-08   2.868676e-09   6.173276e+01 
8.398962e-01   9.714786e-02   1.861187e-08   1.077276e-08   1.673090e-08   3.216890e-09   6.189866e+01 
8.399311e-01   9.737816e-02   1.964310e-08   1.066152e-08   1.674550e-08   3.591813e-09   6.206469e+01 
8.399657e-01   9.760866e-02   1.977664e-08   1.013599e-08   1.676010e-08   3.416452e-09   6.223083e+01 
8.400002e-01   9.783940e-02   1.909290e-08   9.599002e-09   1.677471e-08   3.063522e-09   6.239709e+01 
8.400350e-01   9.807044e-02   1.849617e-08   9.350082e-09   1.678933e-08   2.924033e-09   6.256347e+01 
8.400702e-01   9.830177e-02   1.814601e-08   9.283327e-09   1.680396e-08   2.919998e-09   6.272996e+01 
8.401054e-01   9.853336e-02   1.800728e-08   9.197056e-09   1.681860e-08   2.902822e-09   6.289658e+01 
8.401408e-01   9.876519e-02   1.787197e-08   9.016502e-09   1.683322e-08   2.816207e-09   6.306332e+01 
8.401763e-01   9.899728e-02   1.770717e-08   8.816544e-09   1.684785e-08   2.722430e-09   6.323018e+01 
8.402120e-01   9.922964e-02   1.756224e-08   8.652057e-09   1.686247e-08   2.659284e-09   6.339715e+01 
8.402479e-01   9.946228e-02   1.745843e-08   8.513370e-09   1.687708e-08   2.620863e-09   6.356425e+01 
8.402840e-01   9.969518e-02   1.737998e-08   8.384679e-09   1.689168e-08   2.594609e-09   6.373146e+01 
8.403202e-01   9.992835e-02   1.731190e-08   8.264450e-09   1.690627e-08   2.576474e-09   6.389880e+01 
8.403565e-01   1.001618e-01   1.725174e-08   8.152735e-09   1.692084e-08   2.564677e-09   6.406625e+01 
8.403930e-01   1.003955e-01   1.719789e-08   8.046211e-09   1.693539e-08   2.556739e-09   6.423383e+01 
8.404297e-01   1.006295e-01   1.714819e-08   7.942933e-09   1.694993e-08   2.551300e-09   6.440152e+01 
8.404666e-01   1.008637e-01   1.710145e-08   7.842139e-09   1.696444e-08   2.547254e-09   6.456933e+01 
8.405037e-01   1.010982e-01   1.705468e-08   7.742858e-09   1.697892e-08   2.542316e-09   6.473726e+01 
8.405409e-01   1.013330e-01   1.700821e-08   7.644562e-09   1.699338e-08   2.536938e-09   6.490531e+01 
8.405783e-01   1.015680e-01   1.696392e-08   7.548095e-09   1.700781e-08   2.532648e-09   6.507348e+01 
8.406158e-01   1.018033e-01   1.692056e-08   7.452798e-09   1.702221e-08   2.528774e-09   6.524177e+01 
8.406536e-01   1.020389e-01   1.687764e-08   7.358408e-09   1.703658e-08   2.524167e-09   6.541018e+01 
8.406915e-01   1.022748e-01   1.683385e-08   7.264652e-09   1.705092e-08   2.517873e-09   6.557871e+01 
8.407296e-01   1.025109e-01   1.679063e-08   7.171580e-09   1.706521e-08   2.510948e-09   6.574736e+01 
8.407678e-01   1.027473e-01   1.675061e-08   7.079974e-09   1.707947e-08   2.505347e-09   6.591612e+01 
8.408063e-01   1.029840e-01   1.671232e-08   6.989918e-09   1.709370e-08   2.500514e-09   6.608501e+01 
8.408450e-01   1.032209e-01   1.667440e-08   6.901338e-09   1.710787e-08   2.495434e-09   6.625401e+01 
8.408838e-01   1.034581e-01   1.663685e-08   6.813959e-09   1.712201e-08   2.489516e-09   6.642314e+01 
8.409228e-01   1.036956e-01   1.659879e-08   6.727846e-09   1.713610e-08   2.483008e-09   6.659238e+01 
8.409620e-01   1.039334e-01   1.656091e-08   6.642450e-09   1.715016e-08   2.476146e-09   6.676175e+01 
8.410014e-01   1.041714e-01   1.652467e-08   6.557854e-09   1.716417e-08   2.469894e-09   6.693123e+01 
8.410410e-01   1.044097e-01   1.648855e-08   6.473482e-09   1.717813e-08   2.463575e-09   6.710083e+01 
8.410808e-01   1.046483e-01   1.645332e-08   6.389205e-09   1.719205e-08   2.457355e-09   6.727055e+01 
8.411208e-01   1.048872e-01   1.642022e-08   6.305471e-09   1.720591e-08   2.451390e-09   6.744040e+01 
8.411610e-01   1.051263e-01   1.638722e-08   6.222157e-09   1.721972e-08   2.444793e-09   6.761036e+01 
8.412013e-01   1.053657e-01   1.635522e-08   6.139859e-09   1.723348e-08   2.437974e-09   6.778044e+01 
8.412419e-01   1.056054e-01   1.632448e-08   6.059167e-09   1.724719e-08   2.430993e-09   6.795064e+01 
8.412827e-01   1.058454e-01   1.629313e-08   5.980002e-09   1.726084e-08   2.423194e-09   6.812095e+01 
8.413237e-01   1.060856e-01   1.629642e-08   5.903846e-09   1.727443e-08   2.422268e-09   6.829139e+01 
8.413648e-01   1.063261e-01   1.626555e-08   5.827766e-09   1.728796e-08   2.401244e-09   6.846195e+01 
8.414063e-01   1.065669e-01   1.619897e-08   5.751433e-09   1.730143e-08   2.401106e-09   6.863263e+01 
8.414479e-01   1.068080e-01   1.616819e-08   5.676940e-09   1.731484e-08   2.394244e-09   6.880342e+01 
8.414897e-01   1.070493e-01   1.614031e-08   5.602875e-09   1.732820e-08   2.387809e-09   6.897434e+01 
8.415317e-01   1.072910e-01   1.611273e-08   5.528773e-09   1.734150e-08   2.380293e-09   6.914537e+01 
8.415740e-01   1.075329e-01   1.608541e-08   5.454606e-09   1.735473e-08   2.371817e-09   6.931653e+01 
8.416164e-01   1.077750e-01   1.605945e-08   5.381073e-09   1.736791e-08   2.363174e-09   6.948780e+01 
8.416591e-01   1.080175e-01   1.603295e-08   5.308074e-09   1.738103e-08   2.353954e-09   6.965919e+01 
8.417019e-01   1.082602e-01   1.600646e-08   5.236140e-09   1.739408e-08   2.344537e-09   6.983071e+01 
8.417451e-01   1.085032e-01   1.598151e-08   5.165395e-09   1.740707e-08   2.335594e-09   7.000234e+01 
8.417884e-01   1.087465e-01   1.595679e-08   5.095808e-09   1.742000e-08   2.326754e-09   7.017409e+01 
8.418320e-01   1.089901e-01   1.593154e-08   5.026906e-09   1.743286e-08   2.317346e-09   7.034596e+01 
8.418757e-01   1.092340e-01   1.590786e-08   4.958912e-09   1.744566e-08   2.308144e-09   7.051795e+01 
8.419198e-01   1.094781e-01   1.588533e-08   4.891753e-09   1.745838e-08   2.299034e-09   7.069006e+01 
8.419640e-01   1.097225e-01   1.586158e-08   4.825146e-09   1.747104e-08   2.289301e-09   7.086229e+01 
8.420085e-01   1.099672e-01   1.583901e-08   4.759133e-09   1.748363e-08   2.279569e-09   7.103463e+01 
8.420532e-01   1.102122e-01   1.581835e-08   4.693682e-09   1.749616e-08   2.270056e-09   7.120710e+01 
8.420981e-01   1.104575e-01   1.579660e-08   4.628971e-09   1.750861e-08   2.260030e-09   7.137969e+01 
8.421433e-01   1.107030e-01   1.577470e-08   4.564889e-09   1.752100e-08   2.249589e-09   7.155239e+01 
8.421887e-01   1.109489e-01   1.575485e-08   4.501492e-09   1.753331e-08   2.239597e-09   7.172522e+01 
8.422344e-01   1.111950e-01   1.573562e-08   4.438916e-09   1.754556e-08   2.229555e-09   7.189816e+01 
8.422803e-01   1.114414e-01   1.571481e-08   4.376868e-09   1.755773e-08   2.218851e-09   7.207123e+01 
8.423264e-01   1.116880e-01   1.569522e-08   4.315392e-09   1.756984e-08   2.208125e-09   7.224441e+01 
8.423728e-01   1.119350e-01   1.567790e-08   4.254764e-09   1.758187e-08   2.197903e-09   7.241771e+01 
8.424194e-01   1.121822e-01   1.565964e-08   4.194742e-09   1.759384e-08   2.187189e-09   7.259114e+01 
8.424663e-01   1.124298e-01   1.564015e-08   4.135075e-09   1.760572e-08   2.175805e-09   7.276468e+01 
8.425135e-01   1.126776e-01   1.562287e-08   4.076232e-09   1.761755e-08   2.164817e-09   7.293834e+01 
8.425609e-01   1.129257e-01   1.560738e-08   4.018055e-09   1.762929e-08   2.154264e-09   7.311212e+01 
8.426085e-01   1.131740e-01   1.559054e-08   3.960365e-09   1.764097e-08   2.142991e-09   7.328602e+01 
8.426564e-01   1.134227e-01   1.557243e-08   3.903139e-09   1.765257e-08   2.131076e-09   7.346004e+01 
8.427046e-01   1.136716e-01   1.555711e-08   3.846872e-09   1.766410e-08   2.119868e-09   7.363418e+01 
8.427531e-01   1.139208e-01   1.554434e-08   3.791303e-09   1.767555e-08   2.109113e-09   7.380843e+01 
8.428017e-01   1.141703e-01   1.553003e-08   3.736149e-09   1.768694e-08   2.097741e-09   7.398281e+01 
8.428507e-01   1.144201e-01   1.551188e-08   3.681158e-09   1.769823e-08   2.085071e-09   7.415731e+01 
8.428999e-01   1.146702e-01   1.549406e-08   3.626578e-09   1.770948e-08   2.072191e-09   7.433192e+01 
8.429494e-01   1.149206e-01   1.547939e-08   3.572694e-09   1.772063e-08   2.060079e-09   7.450666e+01 
8.429992e-01   1.151712e-01   1.546725e-08   3.519563e-09   1.773172e-08   2.048494e-09   7.468151e+01 
8.430493e-01   1.154221e-01   1.545554e-08   3.466855e-09   1.774272e-08   2.036792e-09   7.485649e+01 
8.430996e-01   1.156734e-01   1.544274e-08   3.414788e-09   1.775367e-08   2.024626e-09   7.503158e+01 
8.431502e-01   1.159249e-01   1.542953e-08   3.363286e-09   1.776452e-08   2.012059e-09   7.520679e+01 
8.432011e-01   1.161766e-01   1.541650e-08   3.312133e-09   1.777532e-08   1.999337e-09   7.538212e+01 
8.432523e-01   1.164287e-01   1.540412e-08   3.261668e-09   1.778602e-08   1.986763e-09   7.555757e+01 
8.433037e-01   1.166811e-01   1.539226e-08   3.211622e-09   1.779667e-08   1.973845e-09   7.573315e+01 
8.433555e-01   1.169337e-01   1.538085e-08   3.162226e-09   1.780721e-08   1.961211e-09   7.590884e+01 
8.434075e-01   1.171866e-01   1.536956e-08   3.113103e-09   1.781772e-08   1.948013e-09   7.608465e+01 
8.434599e-01   1.174398e-01   1.535924e-08   3.064685e-09   1.782811e-08   1.935235e-09   7.626057e+01 
8.435124e-01   1.176933e-01   1.534890e-08   3.016682e-09   1.783847e-08   1.921955e-09   7.643662e+01 
8.435654e-01   1.179471e-01   1.534060e-08   2.969221e-09   1.784872e-08   1.909093e-09   7.661279e+01 
8.436186e-01   1.182011e-01   1.533295e-08   2.922265e-09   1.785894e-08   1.895824e-09   7.678908e+01 
8.436722e-01   1.184555e-01   1.532901e-08   2.875860e-09   1.786906e-08   1.883179e-09   7.696548e+01 
8.437259e-01   1.187101e-01   1.532842e-08   2.830052e-09   1.787916e-08   1.870366e-09   7.714201e+01 
8.437801e-01   1.189650e-01   1.533397e-08   2.784817e-09   1.788919e-08   1.858224e-09   7.731865e+01 
8.438345e-01   1.192202e-01   1.534690e-08   2.740484e-09   1.789925e-08   1.846790e-09   7.749542e+01 
8.438893e-01   1.194757e-01   1.536691e-08   2.696749e-09   1.790927e-08   1.835328e-09   7.767230e+01 
8.439443e-01   1.197315e-01   1.539617e-08   2.654294e-09   1.791944e-08   1.825437e-09   7.784930e+01 
8.439997e-01   1.199875e-01   1.542582e-08   2.612363e-09   1.792972e-08   1.813512e-09   7.802643e+01 
8.440554e-01   1.202438e-01   1.545842e-08   2.572160e-09   1.794030e-08   1.803422e-09   7.820367e+01 
8.441115e-01   1.205005e-01   1.547988e-08   2.532202e-09   1.795118e-08   1.787362e-09   7.838103e+01 
8.441677e-01   1.207574e-01   1.550209e-08   2.493731e-09   1.796214e-08   1.772497e-09   7.855851e+01 
8.442245e-01   1.210145e-01   1.554091e-08   2.455074e-09   1.797287e-08   1.749169e-09   7.873611e+01 
8.442814e-01   1.212720e-01   1.561968e-08   2.415467e-09   1.798286e-08   1.726851e-09   7.891383e+01 
8.443387e-01   1.215298e-01   1.580805e-08   2.375818e-09   1.799235e-08   1.702213e-09   7.909167e+01 
8.443963e-01   1.217878e-01   1.608044e-08   2.330900e-09   1.800265e-08   1.682591e-09   7.926963e+01 
8.444544e-01   1.220461e-01   1.646465e-08   2.289832e-09   1.801783e-08   1.675676e-09   7.944770e+01 
8.445127e-01   1.223047e-01   1.680328e-08   2.246241e-09   1.803596e-08   1.675208e-09   7.962590e+01 
8.445713e-01   1.225636e-01   1.703181e-08   2.210887e-09   1.805969e-08   1.687516e-09   7.980422e+01 
8.446303e-01   1.228227e-01   1.706162e-08   2.175361e-09   1.807466e-08   1.684386e-09   7.998265e+01 
8.446897e-01   1.230822e-01   1.691199e-08   2.137862e-09   1.808361e-08   1.667620e-09   8.016121e+01 
8.447493e-01   1.233419e-01   1.691917e-08   2.100078e-09   1.808553e-08   1.634322e-09   8.033988e+01 
8.448095e-01   1.236019e-01   1.715142e-08   2.058545e-09   1.809083e-08   1.597470e-09   8.051868e+01 
8.448697e-01   1.238622e-01   1.767368e-08   2.027993e-09   1.811341e-08   1.605667e-09   8.069759e+01 
8.449306e-01   1.241227e-01   1.808012e-08   1.987896e-09   1.814301e-08   1.625343e-09   8.087662e+01 
8.449916e-01   1.243836e-01   1.789308e-08   1.954576e-09   1.815608e-08   1.605457e-09   8.105577e+01 
8.450531e-01   1.246447e-01   1.778719e-08   1.937009e-09   1.815459e-08   1.558035e-09   8.123504e+01 
8.451149e-01   1.249061e-01   1.824038e-08   1.886927e-09   1.818239e-08   1.534276e-09   8.141443e+01 
8.451771e-01   1.251677e-01   1.898431e-08   1.858456e-09   1.820511e-08   1.566344e-09   8.159394e+01 
8.452396e-01   1.254297e-01   1.897546e-08   1.850645e-09   1.823160e-08   1.546064e-09   8.177357e+01 
8.453027e-01   1.256919e-01   1.850517e-08   1.797577e-09   1.826005e-08   1.486961e-09   8.195332e+01 
8.453657e-01   1.259544e-01   1.968843e-08   1.780828e-09   1.825700e-08   1.495753e-09   8.213319e+01 
8.454296e-01   1.262172e-01   2.019178e-08   1.764644e-09   1.832422e-08   1.497885e-09   8.231318e+01 
8.454935e-01   1.264803e-01   1.923826e-08   1.719475e-09   1.835215e-08   1.466736e-09   8.249328e+01 
8.455580e-01   1.267436e-01   2.088500e-08   1.721633e-09   1.831684e-08   1.435568e-09   8.267351e+01 
8.456228e-01   1.270072e-01   2.103636e-08   1.679847e-09   1.843964e-08   1.455261e-09   8.285385e+01 
8.456881e-01   1.272711e-01   2.008908e-08   1.676703e-09   1.839534e-08   1.415506e-09   8.303432e+01 
8.457534e-01   1.275352e-01   2.289036e-08   1.636417e-09   1.847622e-08   1.438190e-09   8.321490e+01 
8.458197e-01   1.277997e-01   2.102451e-08   1.652701e-09   1.842866e-08   1.406029e-09   8.339561e+01 
8.458859e-01   1.280644e-01   2.170156e-08   1.711154e-09   1.845990e-08   1.319645e-09   8.357643e+01 
8.459526e-01   1.283293e-01   2.355092e-08   1.622846e-09   1.861239e-08   1.521723e-09   8.375737e+01 
8.460197e-01   1.285946e-01   2.376390e-08   1.675065e-09   1.838599e-08   1.282500e-09   8.393843e+01 
8.460877e-01   1.288601e-01   2.005610e-08   1.827670e-09   1.860408e-08   1.120306e-09   8.411961e+01 
8.461551e-01   1.291259e-01   2.323729e-08   2.405676e-09   1.880054e-08   9.588790e-10   8.430091e+01 
8.462233e-01   1.293918e-01   2.194378e-08   2.621234e-09   1.850108e-08   1.949933e-09   8.448233e+01 
8.462920e-01   1.296582e-01   2.378536e-08   2.532720e-09   1.866448e-08   3.015059e-09   8.466387e+01 
8.463618e-01   1.299248e-01   1.896006e-08   2.282292e-09   1.856100e-08   2.285002e-09   8.484553e+01 
8.464314e-01   1.301917e-01   1.711776e-08   2.241976e-09   1.829909e-08   2.327904e-09   8.502731e+01 
8.465016e-01   1.304588e-01   1.630346e-08   1.798368e-09   1.829982e-08   1.896546e-09   8.520921e+01 
8.465716e-01   1.307262e-01   1.552124e-08   1.381925e-09   1.830667e-08   1.425210e-09   8.539122e+01 
8.466427e-01   1.309938e-01   1.530763e-08   1.222941e-09   1.828241e-08   1.258111e-09   8.557336e+01 
8.467137e-01   1.312617e-01   1.513986e-08   1.134656e-09   1.827621e-08   1.159639e-09   8.575561e+01 
8.467857e-01   1.315299e-01   1.509919e-08   1.090173e-09   1.828087e-08   1.121079e-09   8.593799e+01 
8.468576e-01   1.317983e-01   1.509083e-08   1.057203e-09   1.828699e-08   1.097661e-09   8.612048e+01 
8.469304e-01   1.320670e-01   1.508655e-08   1.029459e-09   1.829305e-08   1.078899e-09   8.630310e+01 
8.470032e-01   1.323360e-01   1.508678e-08   1.003362e-09   1.829942e-08   1.061938e-09   8.648583e+01 
8.470769e-01   1.326052e-01   1.508700e-08   9.779484e-10   1.830554e-08   1.045049e-09   8.666868e+01 
8.471505e-01   1.328746e-01   1.508747e-08   9.529017e-10   1.831180e-08   1.027961e-09   8.685165e+01 
8.472251e-01   1.331443e-01   1.508654e-08   9.283856e-10   1.831771e-08   1.011287e-09   8.703474e+01 
8.472996e-01   1.334143e-01   1.508791e-08   9.042836e-10   1.832395e-08   9.945422e-10   8.721795e+01 
8.473752e-01   1.336845e-01   1.509070e-08   8.804374e-10   1.832974e-08   9.774824e-10   8.740128e+01 
8.474505e-01   1.339550e-01   1.508927e-08   8.570857e-10   1.833578e-08   9.605921e-10   8.758473e+01 
8.475270e-01   1.342257e-01   1.509014e-08   8.339597e-10   1.834142e-08   9.438756e-10   8.776830e+01 
8.476033e-01   1.344967e-01   1.509321e-08   8.112876e-10   1.834752e-08   9.269309e-10   8.795199e+01 
8.476807e-01   1.347679e-01   1.509838e-08   7.893262e-10   1.835297e-08   9.101747e-10   8.813579e+01 
8.477579e-01   1.350394e-01   1.509267e-08   7.675351e-10   1.835879e-08   8.932542e-10   8.831972e+01 
8.478362e-01   1.353111e-01   1.509858e-08   7.462027e-10   1.836429e-08   8.763910e-10   8.850377e+01 
8.479143e-01   1.355831e-01   1.510411e-08   7.249394e-10   1.837018e-08   8.599226e-10   8.868793e+01 
8.479937e-01   1.358553e-01   1.510836e-08   7.048366e-10   1.837525e-08   8.432197e-10   8.887222e+01 
8.480727e-01   1.361278e-01   1.510031e-08   6.858324e-10   1.838109e-08   8.261600e-10   8.905662e+01 
8.481530e-01   1.364004e-01   1.511331e-08   6.675208e-10   1.838640e-08   8.087346e-10   8.924114e+01 
8.482329e-01   1.366734e-01   1.511656e-08   6.481101e-10   1.839208e-08   7.919932e-10   8.942579e+01 
8.483142e-01   1.369465e-01   1.512026e-08   6.292159e-10   1.839650e-08   7.766514e-10   8.961055e+01 
8.483951e-01   1.372199e-01   1.511095e-08   6.115125e-10   1.840299e-08   7.610105e-10   8.979543e+01 
8.484774e-01   1.374936e-01   1.513858e-08   5.972330e-10   1.840782e-08   7.438147e-10   8.998043e+01 
8.485593e-01   1.377674e-01   1.514121e-08   5.847703e-10   1.841350e-08   7.253978e-10   9.016555e+01 
8.486425e-01   1.380416e-01   1.514642e-08   5.723123e-10   1.841699e-08   7.081429e-10   9.035079e+01 
8.487254e-01   1.383159e-01   1.512584e-08   5.576973e-10   1.842306e-08   6.942687e-10   9.053615e+01 
8.488097e-01   1.385904e-01   1.517093e-08   5.408241e-10   1.843077e-08   6.803589e-10   9.072163e+01 
8.488935e-01   1.388652e-01   1.517889e-08   5.267197e-10   1.843428e-08   6.692193e-10   9.090722e+01 
8.489788e-01   1.391402e-01   1.519625e-08   5.182514e-10   1.843770e-08   6.562481e-10   9.109294e+01 
8.490636e-01   1.394155e-01   1.515957e-08   5.188321e-10   1.844158e-08   6.328700e-10   9.127878e+01 
8.491500e-01   1.396909e-01   1.520211e-08   5.220149e-10   1.845178e-08   5.997898e-10   9.146473e+01 
8.492358e-01   1.399666e-01   1.526413e-08   5.219082e-10   1.845693e-08   5.716728e-10   9.165081e+01 
8.493232e-01   1.402425e-01   1.521941e-08   5.095570e-10   1.845869e-08   5.614330e-10   9.183700e+01 
8.494100e-01   1.405186e-01   1.526976e-08   4.763716e-10   1.846202e-08   5.585701e-10   9.202332e+01 
8.494986e-01   1.407950e-01   1.526178e-08   4.315690e-10   1.846407e-08   5.545302e-10   9.220975e+01 
8.495864e-01   1.410715e-01   1.541483e-08   3.888625e-10   1.847321e-08   5.531474e-10   9.239630e+01 
8.496759e-01   1.413482e-01   1.541761e-08   3.614966e-10   1.847434e-08   5.382555e-10   9.258297e+01 
8.497647e-01   1.416252e-01   1.538478e-08   3.591263e-10   1.848073e-08   5.166652e-10   9.276976e+01 
8.498554e-01   1.419024e-01   1.548272e-08   3.815753e-10   1.848893e-08   4.867350e-10   9.295667e+01 
8.499453e-01   1.421797e-01   1.535835e-08   4.232569e-10   1.848879e-08   4.841426e-10   9.314370e+01 
8.500370e-01   1.424573e-01   1.528033e-08   4.652252e-10   1.849440e-08   5.276882e-10   9.333085e+01 
8.501277e-01   1.427350e-01   1.544523e-08   4.877180e-10   1.850077e-08   5.605797e-10   9.351812e+01 
8.502206e-01   1.430130e-01   1.552341e-08   4.805117e-10   1.850062e-08   5.479994e-10   9.370551e+01 
8.503127e-01   1.432912e-01   1.532867e-08   4.429826e-10   1.850108e-08   4.990203e-10   9.389302e+01 
8.504070e-01   1.435696e-01   1.525520e-08   3.871468e-10   1.850355e-08   4.679535e-10   9.408064e+01 
8.505002e-01   1.438482e-01   1.540201e-08   3.249814e-10   1.850748e-08   4.580887e-10   9.426839e+01 
8.505953e-01   1.441269e-01   1.541711e-08   2.629519e-10   1.851105e-08   4.200436e-10   9.445626e+01 
8.506893e-01   1.444058e-01   1.530939e-08   2.148619e-10   1.851462e-08   3.702657e-10   9.464424e+01 
8.507855e-01   1.446849e-01   1.524922e-08   1.894237e-10   1.851767e-08   3.436781e-10   9.483234e+01 
8.508805e-01   1.449642e-01   1.523046e-08   1.812088e-10   1.852109e-08   3.358210e-10   9.502057e+01 
8.509780e-01   1.452437e-01   1.522659e-08   1.786802e-10   1.852428e-08   3.315954e-10   9.520891e+01 
8.510743e-01   1.455234e-01   1.523548e-08   1.727963e-10   1.852784e-08   3.227223e-10   9.539737e+01 
8.511729e-01   1.458032e-01   1.524020e-08   1.618261e-10   1.853106e-08   3.055181e-10   9.558596e+01 
8.512702e-01   1.460832e-01   1.523026e-08   1.499052e-10   1.853454e-08   2.848418e-10   9.577466e+01 
8.513701e-01   1.463634e-01   1.521512e-08   1.420239e-10   1.853774e-08   2.678843e-10   9.596348e+01 
8.514686e-01   1.466438e-01   1.520272e-08   1.365553e-10   1.854118e-08   2.542576e-10   9.615242e+01 
8.515697e-01   1.469243e-01   1.520145e-08   1.317459e-10   1.854436e-08   2.437682e-10   9.634148e+01 
8.516692e-01   1.472050e-01   1.520737e-08   1.240076e-10   1.854773e-08   2.335033e-10   9.653065e+01 
8.517715e-01   1.474859e-01   1.521464e-08   1.133452e-10   1.855086e-08   2.209078e-10   9.671995e+01 
8.518721e-01   1.477669e-01   1.522114e-08   1.000807e-10   1.855415e-08   2.062495e-10   9.690937e+01 
8.519755e-01   1.480480e-01   1.522636e-08   8.598847e-11   1.855726e-08   1.904952e-10   9.709891e+01 
8.520773e-01   1.483294e-01   1.522938e-08   7.352679e-11   1.856046e-08   1.751303e-10   9.728856e+01 
8.521819e-01   1.486108e-01   1.523115e-08   6.227912e-11   1.856355e-08   1.596481e-10   9.747834e+01 
8.522848e-01   1.488925e-01   1.523281e-08   5.323164e-11   1.856670e-08   1.455087e-10   9.766823e+01 
8.523908e-01   1.491742e-01   1.523431e-08   4.588985e-11   1.856978e-08   1.321202e-10   9.785825e+01 
8.524947e-01   1.494562e-01   1.523617e-08   4.026786e-11   1.857286e-08   1.198300e-10   9.804838e+01 
8.526019e-01   1.497382e-01   1.524034e-08   3.591621e-11   1.857595e-08   1.086147e-10   9.823863e+01 
8.527070e-01   1.500204e-01   1.524639e-08   3.119757e-11   1.857897e-08   9.809911e-11   9.842900e+01 
8.528155e-01   1.503028e-01   1.525262e-08   2.716388e-11   1.858206e-08   8.729240e-11   9.861950e+01 
8.529218e-01   1.505853e-01   1.525707e-08   2.244331e-11   1.858504e-08   7.615175e-11   9.881011e+01 
8.530314e-01   1.508680e-01   1.526450e-08   1.805883e-11   1.858816e-08   6.565570e-11   9.900084e+01 
8.531390e-01   1.511508e-01   1.527007e-08   1.447871e-11   1.859110e-08   5.523923e-11   9.919169e+01 
8.532497e-01   1.514337e-01   1.527602e-08   1.141696e-11   1.859428e-08   4.515044e-11   9.938266e+01 
8.533590e-01   1.517168e-01   1.528002e-08   1.022357e-11   1.859717e-08   3.590556e-11   9.957374e+01 
8.534692e-01   1.520001e-01   1.528556e-08   7.462451e-12   1.860043e-08   2.646214e-11   9.976495e+01 
8.535856e-01   1.522835e-01   1.529326e-08   5.617982e-12   1.860334e-08   1.771483e-11   9.995628e+01 
8.536790e-01   1.525671e-01   1.529905e-08   2.376686e-12   1.860648e-08   8.715390e-12   1.001477e+02 
8.538359e-01   1.528509e-01   1.531134e-08   -2.046974e-16   1.861007e-08   -4.996004e-16   1.003393e+02 
