% The data presented here were obtained from a direct numerical simulation of a turbulent 
% boundary layer developing under a pressure gradient. All the data shown here are 
% not normalized. Please refer to the references below for rmore detailed information.
 
 
% We compute the boundary layer thickness using the method of Griffin et al. (2021). 
% The pressure-gradient parameters of beta_{ZS} and beta_i are computed as follows. 
% beta_{ZS}=(delta)/(rho U_{ZS}^2)(dp_e/dx) and beta_i = (nu/rho u_tau^3)(d p_w/dx) 
% where $delta$ is the boundary layer thickness, $U_{ZS}$ is the Zagorola-Smits velocity, 
% $p_e$ and $p_w$ are the pressure at the edge of boundary layer and wall, respectively. 
 
  
% Please check this report for rmore detailed information about the data: 
% Gungor, T. R., Gungor, A. G.., Maciel, Y. (2024). Datasets of  
% three non-equilibrium pressure gradient turbulent boundary layers.  
  
  
% Please cite this paper when referencing the data: 
% Gungor, T. R., Gungor, A. G. & Maciel, Y. (2024).  
% Turbulent boundary layer response to uniform changes of the pressure force contribution
% arXiv preprint arXiv:2402.13067 
 
  
% ========================================================================================= 
%  	 	 	************ Position 5 of DNS23 ************ 
% ========================================================================================= 

% 	 Re_tau = 7.207614e+02 
% 	 Re_theta=1.090935e+04 
% 	 utau=6.860447e-03 
% 	 U_e=6.429377e-01 
% 	 theta=4.847992e+00 
% 	 delta_star=1.394096e+01 
% 	 delta=3.001726e+01 
%  	 x_pos=4.886885e+02 
% 	 H=2.875615e+00 
% 	 C_f=2.248764e-04 
% 	 nu=2.857143e-04 
% 	 beta_RC=3.038455e+01 
% 	 beta_i=1.607171e-01 
% 	 beta_ZS=5.371389e-02 
 
% ========================================================================================================== 
% 	 U   	   V   	   u2   	   v2   	   w2   	   uv   	   y        
% ========================================================================================================= 
5.493313e-04   -3.472200e-09   1.222932e-06   5.802257e-11   1.280843e-06   -6.315356e-10   3.320224e-03 
1.269340e-03   -1.799486e-08   6.254759e-06   1.534336e-09   6.518068e-06   -8.111946e-09   7.619924e-03 
2.167081e-03   -5.008340e-08   1.720171e-05   1.163987e-08   1.778214e-05   -4.136601e-08   1.288845e-02 
3.249560e-03   -1.058560e-07   3.613384e-05   5.123083e-08   3.693168e-05   -1.406386e-07   1.911534e-02 
4.523349e-03   -1.893801e-07   6.494142e-05   1.641998e-07   6.538624e-05   -3.755939e-07   2.629033e-02 
5.993311e-03   -3.003652e-07   1.051868e-04   4.254956e-07   1.039220e-04   -8.487840e-07   3.440335e-02 
7.660238e-03   -4.318295e-07   1.579736e-04   9.446696e-07   1.525736e-04   -1.689237e-06   4.344451e-02 
9.518743e-03   -5.689511e-07   2.237930e-04   1.863066e-06   2.106262e-04   -3.034751e-06   5.340409e-02 
1.155561e-02   -6.904432e-07   3.023910e-04   3.344731e-06   2.767264e-04   -5.006038e-06   6.427258e-02 
1.374944e-02   -7.727969e-07   3.926969e-04   5.562907e-06   3.490767e-04   -7.681822e-06   7.604062e-02 
1.607166e-02   -7.958663e-07   4.928675e-04   8.684943e-06   4.256688e-04   -1.108396e-05   8.869899e-02 
1.848878e-02   -7.472851e-07   6.004592e-04   1.285843e-05   5.045031e-04   -1.517712e-05   1.022387e-01 
2.096521e-02   -6.237352e-07   7.126919e-04   1.820069e-05   5.837572e-04   -1.988079e-05   1.166508e-01 
2.346607e-02   -4.282640e-07   8.267421e-04   2.479276e-05   6.618940e-04   -2.508729e-05   1.319265e-01 
2.595945e-02   -1.643556e-07   9.399980e-04   3.267767e-05   7.377107e-04   -3.067947e-05   1.480574e-01 
2.841800e-02   1.711438e-07   1.050238e-03   4.186254e-05   8.103367e-04   -3.654448e-05   1.650351e-01 
3.081968e-02   5.951725e-07   1.155723e-03   5.232328e-05   8.791930e-04   -4.258289e-05   1.828511e-01 
3.314796e-02   1.143848e-06   1.255220e-03   6.401029e-05   9.439359e-04   -4.871317e-05   2.014975e-01 
3.539145e-02   1.870141e-06   1.347964e-03   7.685403e-05   1.004404e-03   -5.487323e-05   2.209661e-01 
3.754319e-02   2.833002e-06   1.433602e-03   9.077030e-05   1.060573e-03   -6.102149e-05   2.412492e-01 
3.959989e-02   4.086288e-06   1.512106e-03   1.056646e-04   1.112519e-03   -6.713602e-05   2.623390e-01 
4.156104e-02   5.672088e-06   1.583690e-03   1.214359e-04   1.160396e-03   -7.320887e-05   2.842279e-01 
4.342818e-02   7.616314e-06   1.648722e-03   1.379791e-04   1.204415e-03   -7.923970e-05   3.069083e-01 
4.520427e-02   9.927291e-06   1.707674e-03   1.551886e-04   1.244811e-03   -8.523352e-05   3.303730e-01 
4.689324e-02   1.260587e-05   1.761081e-03   1.729591e-04   1.281817e-03   -9.119983e-05   3.546147e-01 
4.849956e-02   1.564902e-05   1.809501e-03   1.911876e-04   1.315636e-03   -9.715114e-05   3.796264e-01 
5.002800e-02   1.902714e-05   1.853487e-03   2.097782e-04   1.346431e-03   -1.031001e-04   4.054008e-01 
5.148359e-02   2.267413e-05   1.893576e-03   2.286484e-04   1.374335e-03   -1.090592e-04   4.319312e-01 
5.287141e-02   2.650326e-05   1.930273e-03   2.477304e-04   1.399461e-03   -1.150414e-04   4.592109e-01 
5.419636e-02   3.041603e-05   1.964029e-03   2.669686e-04   1.421919e-03   -1.210591e-04   4.872331e-01 
5.546293e-02   3.432358e-05   1.995220e-03   2.863157e-04   1.441854e-03   -1.271255e-04   5.159912e-01 
5.667510e-02   3.820319e-05   2.024165e-03   3.057284e-04   1.459463e-03   -1.332538e-04   5.454788e-01 
5.783643e-02   4.210931e-05   2.051129e-03   3.251642e-04   1.474953e-03   -1.394497e-04   5.756895e-01 
5.895045e-02   4.611092e-05   2.076356e-03   3.445856e-04   1.488519e-03   -1.457121e-04   6.066170e-01 
6.002067e-02   5.028664e-05   2.100072e-03   3.639614e-04   1.500376e-03   -1.520432e-04   6.382551e-01 
6.105022e-02   5.472581e-05   2.122485e-03   3.832619e-04   1.510763e-03   -1.584393e-04   6.705979e-01 
6.204175e-02   5.943621e-05   2.143779e-03   4.024603e-04   1.519884e-03   -1.649060e-04   7.036392e-01 
6.299778e-02   6.423183e-05   2.164098e-03   4.215398e-04   1.527935e-03   -1.714388e-04   7.373731e-01 
6.392088e-02   6.882022e-05   2.183560e-03   4.404986e-04   1.535121e-03   -1.780487e-04   7.717940e-01 
6.481342e-02   7.303861e-05   2.202352e-03   4.593431e-04   1.541581e-03   -1.847531e-04   8.068960e-01 
6.567745e-02   7.687388e-05   2.220731e-03   4.780732e-04   1.547369e-03   -1.915680e-04   8.426735e-01 
6.651477e-02   8.028869e-05   2.238929e-03   4.966743e-04   1.552535e-03   -1.985087e-04   8.791210e-01 
6.732669e-02   8.319241e-05   2.257050e-03   5.151193e-04   1.557134e-03   -2.055744e-04   9.162329e-01 
6.811462e-02   8.555363e-05   2.275060e-03   5.333833e-04   1.561224e-03   -2.127437e-04   9.540039e-01 
6.888073e-02   8.745503e-05   2.292895e-03   5.514587e-04   1.564883e-03   -2.199940e-04   9.924286e-01 
6.962781e-02   8.898912e-05   2.310547e-03   5.693559e-04   1.568196e-03   -2.273214e-04   1.031502e+00 
7.035862e-02   9.019189e-05   2.328044e-03   5.871019e-04   1.571349e-03   -2.347338e-04   1.071218e+00 
7.107565e-02   9.108369e-05   2.345391e-03   6.047227e-04   1.574641e-03   -2.422311e-04   1.111573e+00 
7.178092e-02   9.174350e-05   2.362600e-03   6.222322e-04   1.578297e-03   -2.498141e-04   1.152561e+00 
7.247601e-02   9.235620e-05   2.379725e-03   6.396238e-04   1.582354e-03   -2.574824e-04   1.194178e+00 
7.316204e-02   9.318216e-05   2.396800e-03   6.568799e-04   1.586721e-03   -2.652359e-04   1.236418e+00 
7.383984e-02   9.436302e-05   2.413881e-03   6.739843e-04   1.591310e-03   -2.730981e-04   1.279276e+00 
7.451035e-02   9.585344e-05   2.431084e-03   6.909206e-04   1.596147e-03   -2.811015e-04   1.322748e+00 
7.517497e-02   9.757944e-05   2.448458e-03   7.076974e-04   1.601257e-03   -2.892315e-04   1.366830e+00 
7.583527e-02   9.958742e-05   2.465948e-03   7.243647e-04   1.606555e-03   -2.974569e-04   1.411516e+00 
7.649245e-02   1.018845e-04   2.483506e-03   7.409899e-04   1.611930e-03   -3.057786e-04   1.456801e+00 
7.714723e-02   1.044573e-04   2.501064e-03   7.576076e-04   1.617430e-03   -3.141714e-04   1.502683e+00 
7.780040e-02   1.073824e-04   2.518464e-03   7.742226e-04   1.623195e-03   -3.225721e-04   1.549156e+00 
7.845308e-02   1.106169e-04   2.535719e-03   7.908524e-04   1.629191e-03   -3.309528e-04   1.596215e+00 
7.910530e-02   1.140234e-04   2.552941e-03   8.075126e-04   1.635121e-03   -3.393287e-04   1.643857e+00 
7.975642e-02   1.173851e-04   2.570205e-03   8.242057e-04   1.640830e-03   -3.477251e-04   1.692076e+00 
8.040543e-02   1.202637e-04   2.587844e-03   8.409448e-04   1.646437e-03   -3.562209e-04   1.740870e+00 
8.105153e-02   1.223204e-04   2.606106e-03   8.577403e-04   1.651996e-03   -3.648867e-04   1.790234e+00 
8.169629e-02   1.235810e-04   2.624936e-03   8.746062e-04   1.657460e-03   -3.737317e-04   1.840163e+00 
8.234298e-02   1.242500e-04   2.644221e-03   8.915395e-04   1.662917e-03   -3.827300e-04   1.890654e+00 
8.299358e-02   1.245552e-04   2.663998e-03   9.084975e-04   1.668478e-03   -3.918398e-04   1.941702e+00 
8.364827e-02   1.246634e-04   2.684188e-03   9.254254e-04   1.674193e-03   -4.009961e-04   1.993305e+00 
8.430799e-02   1.246059e-04   2.704601e-03   9.423562e-04   1.680210e-03   -4.102196e-04   2.045457e+00 
8.497302e-02   1.242043e-04   2.725324e-03   9.593682e-04   1.686812e-03   -4.195755e-04   2.098155e+00 
8.564303e-02   1.234264e-04   2.746381e-03   9.764786e-04   1.694083e-03   -4.290519e-04   2.151396e+00 
8.631976e-02   1.224123e-04   2.767763e-03   9.936482e-04   1.701876e-03   -4.385997e-04   2.205175e+00 
8.700527e-02   1.215569e-04   2.789470e-03   1.010811e-03   1.710059e-03   -4.481922e-04   2.259489e+00 
8.770082e-02   1.214133e-04   2.811292e-03   1.027951e-03   1.718648e-03   -4.578033e-04   2.314335e+00 
8.840657e-02   1.222856e-04   2.833022e-03   1.045064e-03   1.727634e-03   -4.673783e-04   2.369707e+00 
8.912065e-02   1.242362e-04   2.854600e-03   1.062101e-03   1.736931e-03   -4.768508e-04   2.425604e+00 
8.984194e-02   1.268849e-04   2.876060e-03   1.079034e-03   1.746518e-03   -4.862239e-04   2.482022e+00 
9.057158e-02   1.294317e-04   2.897540e-03   1.095860e-03   1.756295e-03   -4.956006e-04   2.538956e+00 
9.131106e-02   1.311815e-04   2.919446e-03   1.112591e-03   1.766192e-03   -5.051186e-04   2.596404e+00 
9.206055e-02   1.315458e-04   2.941852e-03   1.129254e-03   1.776376e-03   -5.148695e-04   2.654363e+00 
9.281731e-02   1.303698e-04   2.964241e-03   1.145860e-03   1.787097e-03   -5.248059e-04   2.712828e+00 
9.357799e-02   1.282656e-04   2.986282e-03   1.162372e-03   1.798523e-03   -5.347738e-04   2.771797e+00 
9.434390e-02   1.258176e-04   3.007896e-03   1.178781e-03   1.810687e-03   -5.447278e-04   2.831267e+00 
9.511997e-02   1.230919e-04   3.029135e-03   1.195207e-03   1.823356e-03   -5.547648e-04   2.891233e+00 
9.590970e-02   1.206986e-04   3.050244e-03   1.211799e-03   1.836174e-03   -5.649438e-04   2.951694e+00 
9.671394e-02   1.189031e-04   3.072084e-03   1.228556e-03   1.848773e-03   -5.753599e-04   3.012645e+00 
9.753105e-02   1.173958e-04   3.095225e-03   1.245411e-03   1.860987e-03   -5.860871e-04   3.074084e+00 
9.835834e-02   1.160018e-04   3.119682e-03   1.262277e-03   1.873151e-03   -5.969718e-04   3.136008e+00 
9.919391e-02   1.148954e-04   3.145140e-03   1.279125e-03   1.885712e-03   -6.078623e-04   3.198414e+00 
1.000349e-01   1.142726e-04   3.171585e-03   1.295887e-03   1.898837e-03   -6.187489e-04   3.261298e+00 
1.008797e-01   1.138435e-04   3.198937e-03   1.312565e-03   1.912378e-03   -6.295907e-04   3.324657e+00 
1.017303e-01   1.137970e-04   3.226860e-03   1.329270e-03   1.926311e-03   -6.403144e-04   3.388490e+00 
1.025906e-01   1.147024e-04   3.254814e-03   1.346081e-03   1.940809e-03   -6.508313e-04   3.452792e+00 
1.034623e-01   1.162737e-04   3.282604e-03   1.362987e-03   1.955757e-03   -6.611236e-04   3.517561e+00 
1.043428e-01   1.172710e-04   3.310540e-03   1.379952e-03   1.970586e-03   -6.712630e-04   3.582794e+00 
1.052354e-01   1.180226e-04   3.338856e-03   1.397006e-03   1.985075e-03   -6.813311e-04   3.648489e+00 
1.061456e-01   1.186075e-04   3.367339e-03   1.414167e-03   1.999327e-03   -6.914460e-04   3.714642e+00 
1.070724e-01   1.192919e-04   3.395425e-03   1.431484e-03   2.013115e-03   -7.015870e-04   3.781251e+00 
1.080131e-01   1.212069e-04   3.423513e-03   1.448987e-03   2.026351e-03   -7.116466e-04   3.848313e+00 
1.089653e-01   1.237871e-04   3.452228e-03   1.466592e-03   2.039250e-03   -7.216455e-04   3.915826e+00 
1.099268e-01   1.261474e-04   3.481866e-03   1.484252e-03   2.052447e-03   -7.318207e-04   3.983786e+00 
1.108958e-01   1.277879e-04   3.512286e-03   1.502043e-03   2.066416e-03   -7.424821e-04   4.052192e+00 
1.118726e-01   1.283305e-04   3.543219e-03   1.520019e-03   2.080863e-03   -7.536498e-04   4.121039e+00 
1.128554e-01   1.284172e-04   3.574514e-03   1.538088e-03   2.095408e-03   -7.652198e-04   4.190328e+00 
1.138430e-01   1.295621e-04   3.606130e-03   1.556041e-03   2.110402e-03   -7.769504e-04   4.260053e+00 
1.148360e-01   1.329122e-04   3.638450e-03   1.573676e-03   2.125979e-03   -7.886683e-04   4.330214e+00 
1.158359e-01   1.377727e-04   3.671359e-03   1.590950e-03   2.142321e-03   -8.003044e-04   4.400807e+00 
1.168488e-01   1.438500e-04   3.704005e-03   1.607946e-03   2.159721e-03   -8.118020e-04   4.471830e+00 
1.178771e-01   1.512300e-04   3.736041e-03   1.624708e-03   2.178187e-03   -8.232279e-04   4.543280e+00 
1.189182e-01   1.602217e-04   3.767883e-03   1.641278e-03   2.197522e-03   -8.346796e-04   4.615156e+00 
1.199689e-01   1.703379e-04   3.799879e-03   1.657585e-03   2.217305e-03   -8.460886e-04   4.687455e+00 
1.210284e-01   1.804913e-04   3.832415e-03   1.673626e-03   2.237321e-03   -8.575615e-04   4.760174e+00 
1.221002e-01   1.897428e-04   3.865415e-03   1.689398e-03   2.257380e-03   -8.691014e-04   4.833312e+00 
1.231904e-01   1.978499e-04   3.897911e-03   1.704939e-03   2.277332e-03   -8.806392e-04   4.906865e+00 
1.243063e-01   2.054953e-04   3.929795e-03   1.720564e-03   2.297257e-03   -8.923780e-04   4.980832e+00 
1.254512e-01   2.138015e-04   3.962075e-03   1.736420e-03   2.317281e-03   -9.044237e-04   5.055210e+00 
1.266135e-01   2.237716e-04   3.995340e-03   1.752307e-03   2.336771e-03   -9.165911e-04   5.129997e+00 
1.277780e-01   2.354482e-04   4.028996e-03   1.767855e-03   2.355503e-03   -9.285110e-04   5.205191e+00 
1.289445e-01   2.481852e-04   4.063056e-03   1.783087e-03   2.373130e-03   -9.403667e-04   5.280790e+00 
1.301203e-01   2.616986e-04   4.097644e-03   1.798212e-03   2.389695e-03   -9.523915e-04   5.356792e+00 
1.313096e-01   2.760054e-04   4.132634e-03   1.813275e-03   2.405417e-03   -9.644422e-04   5.433193e+00 
1.325120e-01   2.911378e-04   4.168993e-03   1.828408e-03   2.420305e-03   -9.764887e-04   5.509994e+00 
1.337248e-01   3.068772e-04   4.206598e-03   1.843753e-03   2.434328e-03   -9.883687e-04   5.587190e+00 
1.349519e-01   3.238441e-04   4.245373e-03   1.859224e-03   2.448652e-03   -1.000130e-03   5.664780e+00 
1.361954e-01   3.398779e-04   4.285167e-03   1.874701e-03   2.464209e-03   -1.011967e-03   5.742763e+00 
1.374577e-01   3.542554e-04   4.325105e-03   1.890264e-03   2.481315e-03   -1.023780e-03   5.821135e+00 
1.387424e-01   3.677023e-04   4.365548e-03   1.905770e-03   2.500564e-03   -1.035621e-03   5.899895e+00 
1.400470e-01   3.801053e-04   4.407177e-03   1.921167e-03   2.522161e-03   -1.047617e-03   5.979042e+00 
1.413676e-01   3.917445e-04   4.449839e-03   1.936329e-03   2.545021e-03   -1.059858e-03   6.058572e+00 
1.427022e-01   4.024938e-04   4.492889e-03   1.951479e-03   2.567798e-03   -1.072242e-03   6.138485e+00 
1.440506e-01   4.116639e-04   4.536405e-03   1.966485e-03   2.590731e-03   -1.085015e-03   6.218778e+00 
1.454089e-01   4.213617e-04   4.580055e-03   1.981150e-03   2.614454e-03   -1.097959e-03   6.299449e+00 
1.467750e-01   4.332561e-04   4.623293e-03   1.995923e-03   2.638918e-03   -1.110893e-03   6.380496e+00 
1.481580e-01   4.461021e-04   4.665364e-03   2.011213e-03   2.663847e-03   -1.123992e-03   6.461918e+00 
1.495733e-01   4.592266e-04   4.706142e-03   2.027248e-03   2.689706e-03   -1.137174e-03   6.543712e+00 
1.510218e-01   4.718554e-04   4.746784e-03   2.043890e-03   2.716085e-03   -1.150555e-03   6.625877e+00 
1.524915e-01   4.837297e-04   4.787634e-03   2.060760e-03   2.742238e-03   -1.164196e-03   6.708411e+00 
1.539763e-01   4.948455e-04   4.828120e-03   2.077492e-03   2.768134e-03   -1.178117e-03   6.791312e+00 
1.554709e-01   5.057781e-04   4.867827e-03   2.093861e-03   2.793570e-03   -1.191926e-03   6.874579e+00 
1.569711e-01   5.201729e-04   4.907033e-03   2.109624e-03   2.818928e-03   -1.204951e-03   6.958208e+00 
1.584775e-01   5.379789e-04   4.946038e-03   2.124925e-03   2.844512e-03   -1.217235e-03   7.042200e+00 
1.599941e-01   5.564018e-04   4.984818e-03   2.139988e-03   2.869804e-03   -1.229054e-03   7.126552e+00 
1.615280e-01   5.760412e-04   5.023585e-03   2.154891e-03   2.894630e-03   -1.240337e-03   7.211262e+00 
1.630801e-01   5.981078e-04   5.062484e-03   2.169536e-03   2.919256e-03   -1.250972e-03   7.296328e+00 
1.646481e-01   6.226470e-04   5.102382e-03   2.183696e-03   2.942865e-03   -1.261354e-03   7.381750e+00 
1.662309e-01   6.500824e-04   5.143979e-03   2.197458e-03   2.965420e-03   -1.271626e-03   7.467524e+00 
1.678260e-01   6.819367e-04   5.185999e-03   2.211180e-03   2.988204e-03   -1.281751e-03   7.553650e+00 
1.694322e-01   7.164505e-04   5.226395e-03   2.225047e-03   3.011831e-03   -1.291967e-03   7.640126e+00 
1.710503e-01   7.530689e-04   5.264631e-03   2.238894e-03   3.035535e-03   -1.302632e-03   7.726950e+00 
1.726923e-01   7.931243e-04   5.301859e-03   2.252739e-03   3.059301e-03   -1.313645e-03   7.814121e+00 
1.743618e-01   8.358359e-04   5.338148e-03   2.266632e-03   3.082990e-03   -1.324613e-03   7.901637e+00 
1.760513e-01   8.802644e-04   5.373021e-03   2.280730e-03   3.107009e-03   -1.335162e-03   7.989497e+00 
1.777560e-01   9.276177e-04   5.406614e-03   2.294835e-03   3.131447e-03   -1.345192e-03   8.077698e+00 
1.794774e-01   9.751766e-04   5.439699e-03   2.308584e-03   3.154545e-03   -1.354917e-03   8.166239e+00 
1.812247e-01   1.022265e-03   5.472886e-03   2.322075e-03   3.177251e-03   -1.364410e-03   8.255120e+00 
1.829966e-01   1.068433e-03   5.506017e-03   2.335517e-03   3.199640e-03   -1.373712e-03   8.344337e+00 
1.847836e-01   1.114914e-03   5.538107e-03   2.348714e-03   3.221292e-03   -1.382445e-03   8.433891e+00 
1.865820e-01   1.162608e-03   5.570468e-03   2.361445e-03   3.243088e-03   -1.390581e-03   8.523778e+00 
1.883879e-01   1.210050e-03   5.603731e-03   2.373749e-03   3.263459e-03   -1.398691e-03   8.613998e+00 
1.902096e-01   1.258036e-03   5.637378e-03   2.386041e-03   3.281981e-03   -1.406577e-03   8.704549e+00 
1.920601e-01   1.306596e-03   5.672465e-03   2.398625e-03   3.300914e-03   -1.414931e-03   8.795430e+00 
1.939346e-01   1.354038e-03   5.708719e-03   2.411188e-03   3.321776e-03   -1.423547e-03   8.886640e+00 
1.958204e-01   1.402184e-03   5.744991e-03   2.423583e-03   3.343769e-03   -1.431855e-03   8.978176e+00 
1.977094e-01   1.450956e-03   5.782070e-03   2.435809e-03   3.367167e-03   -1.440130e-03   9.070038e+00 
1.996053e-01   1.503768e-03   5.817601e-03   2.447838e-03   3.391769e-03   -1.448007e-03   9.162223e+00 
2.015134e-01   1.560510e-03   5.850950e-03   2.459519e-03   3.416150e-03   -1.455250e-03   9.254732e+00 
2.034406e-01   1.617868e-03   5.885381e-03   2.470617e-03   3.439831e-03   -1.462609e-03   9.347561e+00 
2.053814e-01   1.675134e-03   5.920726e-03   2.480942e-03   3.462836e-03   -1.470004e-03   9.440710e+00 
2.073279e-01   1.734718e-03   5.956577e-03   2.490612e-03   3.485524e-03   -1.477014e-03   9.534178e+00 
2.092851e-01   1.795782e-03   5.991102e-03   2.500443e-03   3.507023e-03   -1.483974e-03   9.627963e+00 
2.112661e-01   1.858665e-03   6.023571e-03   2.510988e-03   3.527796e-03   -1.490880e-03   9.722064e+00 
2.132834e-01   1.921497e-03   6.054076e-03   2.522226e-03   3.548930e-03   -1.497636e-03   9.816478e+00 
2.153174e-01   1.982932e-03   6.082675e-03   2.533478e-03   3.567862e-03   -1.504709e-03   9.911206e+00 
2.173613e-01   2.044322e-03   6.110388e-03   2.544309e-03   3.586086e-03   -1.511999e-03   1.000625e+01 
2.194306e-01   2.109264e-03   6.138380e-03   2.554924e-03   3.604861e-03   -1.519194e-03   1.010160e+01 
2.215280e-01   2.174938e-03   6.165691e-03   2.565070e-03   3.624351e-03   -1.526567e-03   1.019726e+01 
2.236488e-01   2.239069e-03   6.191648e-03   2.575100e-03   3.644330e-03   -1.534572e-03   1.029322e+01 
2.257745e-01   2.300416e-03   6.218929e-03   2.584714e-03   3.663601e-03   -1.543248e-03   1.038950e+01 
2.278946e-01   2.360757e-03   6.246172e-03   2.593849e-03   3.680871e-03   -1.552047e-03   1.048608e+01 
2.300199e-01   2.422869e-03   6.271031e-03   2.603511e-03   3.696419e-03   -1.560073e-03   1.058296e+01 
2.321534e-01   2.486965e-03   6.295967e-03   2.613614e-03   3.711059e-03   -1.567263e-03   1.068015e+01 
2.342983e-01   2.552521e-03   6.321153e-03   2.624057e-03   3.724925e-03   -1.573783e-03   1.077763e+01 
2.364584e-01   2.618346e-03   6.347702e-03   2.634477e-03   3.739335e-03   -1.580266e-03   1.087542e+01 
2.386245e-01   2.684831e-03   6.377194e-03   2.644604e-03   3.755300e-03   -1.587018e-03   1.097351e+01 
2.407930e-01   2.752093e-03   6.408496e-03   2.653941e-03   3.772577e-03   -1.593280e-03   1.107190e+01 
2.429628e-01   2.818653e-03   6.438240e-03   2.662699e-03   3.790857e-03   -1.599389e-03   1.117058e+01 
2.451534e-01   2.881274e-03   6.468234e-03   2.670720e-03   3.808746e-03   -1.605875e-03   1.126955e+01 
2.473736e-01   2.943808e-03   6.499924e-03   2.678489e-03   3.822790e-03   -1.612697e-03   1.136883e+01 
2.496140e-01   3.008155e-03   6.531986e-03   2.686090e-03   3.834681e-03   -1.618955e-03   1.146839e+01 
2.518749e-01   3.074925e-03   6.563151e-03   2.693438e-03   3.847343e-03   -1.624785e-03   1.156825e+01 
2.541516e-01   3.141945e-03   6.593873e-03   2.700457e-03   3.861258e-03   -1.630955e-03   1.166840e+01 
2.564520e-01   3.207883e-03   6.626591e-03   2.706873e-03   3.875493e-03   -1.637306e-03   1.176884e+01 
2.587728e-01   3.276814e-03   6.659265e-03   2.712682e-03   3.888253e-03   -1.643171e-03   1.186957e+01 
2.611055e-01   3.348230e-03   6.688746e-03   2.718215e-03   3.898270e-03   -1.649009e-03   1.197058e+01 
2.634432e-01   3.420447e-03   6.716372e-03   2.723769e-03   3.908152e-03   -1.654978e-03   1.207188e+01 
2.657796e-01   3.493665e-03   6.743015e-03   2.728850e-03   3.919098e-03   -1.661099e-03   1.217347e+01 
2.681251e-01   3.566978e-03   6.768856e-03   2.733588e-03   3.929429e-03   -1.667032e-03   1.227534e+01 
2.704938e-01   3.642851e-03   6.792670e-03   2.738375e-03   3.940204e-03   -1.672368e-03   1.237750e+01 
2.728877e-01   3.723440e-03   6.813424e-03   2.743250e-03   3.951131e-03   -1.676943e-03   1.247993e+01 
2.752923e-01   3.805815e-03   6.831781e-03   2.748281e-03   3.962011e-03   -1.681122e-03   1.258265e+01 
2.776983e-01   3.886381e-03   6.849457e-03   2.753371e-03   3.974431e-03   -1.685573e-03   1.268565e+01 
2.801030e-01   3.968916e-03   6.865153e-03   2.758646e-03   3.987172e-03   -1.689740e-03   1.278892e+01 
2.825058e-01   4.052495e-03   6.880010e-03   2.764211e-03   3.996472e-03   -1.693752e-03   1.289248e+01 
2.849257e-01   4.136039e-03   6.896904e-03   2.769611e-03   4.004254e-03   -1.697383e-03   1.299631e+01 
2.873693e-01   4.221028e-03   6.916276e-03   2.774053e-03   4.012751e-03   -1.700669e-03   1.310042e+01 
2.898419e-01   4.303931e-03   6.935569e-03   2.778023e-03   4.020406e-03   -1.703849e-03   1.320480e+01 
2.923480e-01   4.387358e-03   6.951290e-03   2.782239e-03   4.028712e-03   -1.706774e-03   1.330946e+01 
2.948778e-01   4.476374e-03   6.964257e-03   2.786782e-03   4.037369e-03   -1.708929e-03   1.341438e+01 
2.974279e-01   4.568410e-03   6.978110e-03   2.791235e-03   4.044192e-03   -1.710978e-03   1.351959e+01 
2.999836e-01   4.660149e-03   6.995734e-03   2.794666e-03   4.049701e-03   -1.713355e-03   1.362506e+01 
3.025323e-01   4.753400e-03   7.014173e-03   2.796917e-03   4.054749e-03   -1.715673e-03   1.373080e+01 
3.050816e-01   4.847456e-03   7.029883e-03   2.798021e-03   4.061957e-03   -1.718221e-03   1.383681e+01 
3.076490e-01   4.944237e-03   7.042406e-03   2.798454e-03   4.069761e-03   -1.720360e-03   1.394309e+01 
3.102419e-01   5.041226e-03   7.053263e-03   2.798586e-03   4.075531e-03   -1.722498e-03   1.404963e+01 
3.128603e-01   5.137189e-03   7.064231e-03   2.797872e-03   4.081058e-03   -1.725130e-03   1.415644e+01 
3.154823e-01   5.232755e-03   7.077259e-03   2.796202e-03   4.085321e-03   -1.727850e-03   1.426352e+01 
3.181005e-01   5.329462e-03   7.092208e-03   2.794526e-03   4.089886e-03   -1.730056e-03   1.437086e+01 
3.207360e-01   5.428742e-03   7.105925e-03   2.793586e-03   4.094413e-03   -1.731875e-03   1.447846e+01 
3.233819e-01   5.527682e-03   7.118539e-03   2.793342e-03   4.097968e-03   -1.733739e-03   1.458633e+01 
3.260292e-01   5.627283e-03   7.126870e-03   2.792949e-03   4.101177e-03   -1.735456e-03   1.469445e+01 
3.286931e-01   5.730106e-03   7.128381e-03   2.792196e-03   4.102403e-03   -1.736526e-03   1.480284e+01 
3.313788e-01   5.835041e-03   7.128236e-03   2.790641e-03   4.099701e-03   -1.736993e-03   1.491149e+01 
3.340674e-01   5.936676e-03   7.129054e-03   2.787981e-03   4.097453e-03   -1.737932e-03   1.502039e+01 
3.367571e-01   6.035551e-03   7.131597e-03   2.784315e-03   4.095023e-03   -1.739031e-03   1.512956e+01 
3.394447e-01   6.137198e-03   7.133145e-03   2.780105e-03   4.092191e-03   -1.739222e-03   1.523898e+01 
3.421203e-01   6.242215e-03   7.131694e-03   2.775872e-03   4.089459e-03   -1.738241e-03   1.534865e+01 
3.448130e-01   6.350412e-03   7.125472e-03   2.771856e-03   4.087188e-03   -1.737028e-03   1.545858e+01 
3.475410e-01   6.461706e-03   7.114253e-03   2.767977e-03   4.085405e-03   -1.736209e-03   1.556877e+01 
3.502949e-01   6.572900e-03   7.103293e-03   2.763664e-03   4.084687e-03   -1.735624e-03   1.567921e+01 
3.530614e-01   6.683585e-03   7.093910e-03   2.758685e-03   4.085190e-03   -1.735344e-03   1.578990e+01 
3.558334e-01   6.795798e-03   7.083969e-03   2.753169e-03   4.084903e-03   -1.734590e-03   1.590084e+01 
3.586235e-01   6.907652e-03   7.074950e-03   2.747154e-03   4.082732e-03   -1.733879e-03   1.601203e+01 
3.614345e-01   7.020015e-03   7.065813e-03   2.740800e-03   4.080078e-03   -1.733121e-03   1.612348e+01 
3.642632e-01   7.133718e-03   7.055150e-03   2.733612e-03   4.073906e-03   -1.731666e-03   1.623517e+01 
3.671040e-01   7.246434e-03   7.045336e-03   2.725800e-03   4.064777e-03   -1.730637e-03   1.634711e+01 
3.699383e-01   7.358747e-03   7.036538e-03   2.717253e-03   4.053008e-03   -1.729306e-03   1.645930e+01 
3.727801e-01   7.474332e-03   7.026866e-03   2.708191e-03   4.037110e-03   -1.726972e-03   1.657173e+01 
3.756447e-01   7.595115e-03   7.016958e-03   2.699203e-03   4.020857e-03   -1.723869e-03   1.668441e+01 
3.785113e-01   7.716671e-03   7.008477e-03   2.690081e-03   4.004834e-03   -1.720662e-03   1.679734e+01 
3.813681e-01   7.837313e-03   6.998245e-03   2.680406e-03   3.987390e-03   -1.717133e-03   1.691051e+01 
3.842280e-01   7.957274e-03   6.985731e-03   2.670535e-03   3.969967e-03   -1.713029e-03   1.702392e+01 
3.871025e-01   8.077274e-03   6.971716e-03   2.661060e-03   3.953853e-03   -1.709007e-03   1.713757e+01 
3.899983e-01   8.201380e-03   6.954682e-03   2.652227e-03   3.936937e-03   -1.704473e-03   1.725147e+01 
3.929149e-01   8.330960e-03   6.934151e-03   2.643675e-03   3.919151e-03   -1.698583e-03   1.736561e+01 
3.958264e-01   8.460774e-03   6.910244e-03   2.634304e-03   3.902044e-03   -1.692225e-03   1.747999e+01 
3.987377e-01   8.593059e-03   6.882617e-03   2.624852e-03   3.885252e-03   -1.685646e-03   1.759461e+01 
4.016503e-01   8.726656e-03   6.852031e-03   2.615374e-03   3.867504e-03   -1.678681e-03   1.770946e+01 
4.045882e-01   8.862328e-03   6.817237e-03   2.605722e-03   3.848380e-03   -1.670793e-03   1.782456e+01 
4.075643e-01   8.999649e-03   6.781458e-03   2.595259e-03   3.829331e-03   -1.662511e-03   1.793989e+01 
4.105414e-01   9.136092e-03   6.746540e-03   2.583747e-03   3.811288e-03   -1.654154e-03   1.805546e+01 
4.135255e-01   9.274384e-03   6.713078e-03   2.571652e-03   3.793579e-03   -1.645033e-03   1.817126e+01 
4.165161e-01   9.413432e-03   6.677298e-03   2.558277e-03   3.774631e-03   -1.635839e-03   1.828730e+01 
4.195203e-01   9.555580e-03   6.638915e-03   2.544376e-03   3.755437e-03   -1.625903e-03   1.840357e+01 
4.225354e-01   9.698813e-03   6.598170e-03   2.529822e-03   3.736795e-03   -1.616244e-03   1.852008e+01 
4.255494e-01   9.840938e-03   6.556606e-03   2.514676e-03   3.717452e-03   -1.606367e-03   1.863682e+01 
4.285593e-01   9.985846e-03   6.517084e-03   2.499290e-03   3.697356e-03   -1.595346e-03   1.875379e+01 
4.315696e-01   1.013199e-02   6.476764e-03   2.484060e-03   3.676276e-03   -1.584062e-03   1.887100e+01 
4.345847e-01   1.027910e-02   6.436035e-03   2.468368e-03   3.652981e-03   -1.572616e-03   1.898843e+01 
4.375925e-01   1.042401e-02   6.396034e-03   2.451222e-03   3.629367e-03   -1.561414e-03   1.910610e+01 
4.405980e-01   1.056942e-02   6.353800e-03   2.433223e-03   3.607091e-03   -1.550216e-03   1.922399e+01 
4.436035e-01   1.071830e-02   6.308963e-03   2.414896e-03   3.585563e-03   -1.537965e-03   1.934211e+01 
4.466170e-01   1.086806e-02   6.261330e-03   2.395856e-03   3.563533e-03   -1.525772e-03   1.946046e+01 
4.496412e-01   1.101736e-02   6.212102e-03   2.376287e-03   3.538884e-03   -1.514051e-03   1.957903e+01 
4.526679e-01   1.116651e-02   6.163841e-03   2.356739e-03   3.511509e-03   -1.502419e-03   1.969784e+01 
4.556910e-01   1.131526e-02   6.115620e-03   2.337714e-03   3.481596e-03   -1.490418e-03   1.981687e+01 
4.587193e-01   1.146664e-02   6.062253e-03   2.319481e-03   3.448805e-03   -1.477788e-03   1.993612e+01 
4.617578e-01   1.161980e-02   6.005176e-03   2.301587e-03   3.413268e-03   -1.464974e-03   2.005560e+01 
4.648061e-01   1.177489e-02   5.946714e-03   2.283392e-03   3.377770e-03   -1.451890e-03   2.017530e+01 
4.678585e-01   1.193266e-02   5.887323e-03   2.264648e-03   3.344086e-03   -1.437970e-03   2.029523e+01 
4.709035e-01   1.209158e-02   5.823361e-03   2.245283e-03   3.311660e-03   -1.423829e-03   2.041537e+01 
4.739599e-01   1.225127e-02   5.756362e-03   2.225325e-03   3.279547e-03   -1.409596e-03   2.053574e+01 
4.770331e-01   1.241146e-02   5.687277e-03   2.204881e-03   3.244355e-03   -1.394916e-03   2.065633e+01 
4.801108e-01   1.257225e-02   5.615292e-03   2.183407e-03   3.206313e-03   -1.379941e-03   2.077714e+01 
4.831933e-01   1.273298e-02   5.542432e-03   2.161244e-03   3.166621e-03   -1.365064e-03   2.089818e+01 
4.862691e-01   1.289446e-02   5.468822e-03   2.138576e-03   3.127044e-03   -1.349850e-03   2.101942e+01 
4.893191e-01   1.305706e-02   5.396286e-03   2.115263e-03   3.088223e-03   -1.333473e-03   2.114089e+01 
4.923545e-01   1.322160e-02   5.323561e-03   2.091746e-03   3.048638e-03   -1.315951e-03   2.126258e+01 
4.953857e-01   1.338738e-02   5.248391e-03   2.068249e-03   3.008376e-03   -1.298377e-03   2.138448e+01 
4.984152e-01   1.355464e-02   5.172718e-03   2.044327e-03   2.965937e-03   -1.280229e-03   2.150660e+01 
5.014401e-01   1.372183e-02   5.100544e-03   2.019424e-03   2.922566e-03   -1.261829e-03   2.162894e+01 
5.044616e-01   1.388880e-02   5.029335e-03   1.993704e-03   2.880401e-03   -1.243146e-03   2.175149e+01 
5.074872e-01   1.405535e-02   4.955685e-03   1.967670e-03   2.838297e-03   -1.224655e-03   2.187426e+01 
5.105102e-01   1.422088e-02   4.880063e-03   1.941381e-03   2.794112e-03   -1.206579e-03   2.199724e+01 
5.135188e-01   1.438731e-02   4.805115e-03   1.915326e-03   2.748362e-03   -1.187976e-03   2.212044e+01 
5.165003e-01   1.455228e-02   4.730954e-03   1.889039e-03   2.703315e-03   -1.169398e-03   2.224384e+01 
5.194633e-01   1.471543e-02   4.657692e-03   1.862098e-03   2.659417e-03   -1.150709e-03   2.236746e+01 
5.224185e-01   1.487919e-02   4.582061e-03   1.835823e-03   2.612003e-03   -1.132071e-03   2.249130e+01 
5.253540e-01   1.504476e-02   4.505980e-03   1.809985e-03   2.562062e-03   -1.112796e-03   2.261534e+01 
5.282580e-01   1.520960e-02   4.433650e-03   1.783799e-03   2.512053e-03   -1.093081e-03   2.273959e+01 
5.311447e-01   1.537448e-02   4.361532e-03   1.757418e-03   2.460697e-03   -1.073227e-03   2.286406e+01 
5.340229e-01   1.554006e-02   4.288699e-03   1.730846e-03   2.409850e-03   -1.053006e-03   2.298873e+01 
5.368927e-01   1.570481e-02   4.215035e-03   1.703783e-03   2.358919e-03   -1.032833e-03   2.311361e+01 
5.397551e-01   1.587013e-02   4.139340e-03   1.676141e-03   2.309054e-03   -1.012554e-03   2.323870e+01 
5.426099e-01   1.603703e-02   4.061402e-03   1.648673e-03   2.261010e-03   -9.919242e-04   2.336400e+01 
5.454534e-01   1.620534e-02   3.982530e-03   1.621466e-03   2.211424e-03   -9.706881e-04   2.348951e+01 
5.482754e-01   1.637295e-02   3.904915e-03   1.594330e-03   2.161076e-03   -9.492772e-04   2.361522e+01 
5.510680e-01   1.653759e-02   3.828518e-03   1.566487e-03   2.110710e-03   -9.285504e-04   2.374114e+01 
5.538417e-01   1.670198e-02   3.751559e-03   1.538220e-03   2.060573e-03   -9.078688e-04   2.386726e+01 
5.566141e-01   1.686649e-02   3.672292e-03   1.509676e-03   2.010455e-03   -8.873138e-04   2.399359e+01 
5.593830e-01   1.702990e-02   3.591506e-03   1.480390e-03   1.958655e-03   -8.670786e-04   2.412012e+01 
5.621407e-01   1.719343e-02   3.509716e-03   1.451292e-03   1.906206e-03   -8.467895e-04   2.424686e+01 
5.648768e-01   1.735594e-02   3.429165e-03   1.422547e-03   1.854187e-03   -8.265130e-04   2.437380e+01 
5.676030e-01   1.751747e-02   3.349036e-03   1.393911e-03   1.801192e-03   -8.066051e-04   2.450094e+01 
5.703188e-01   1.768005e-02   3.268424e-03   1.365457e-03   1.747723e-03   -7.863169e-04   2.462828e+01 
5.729936e-01   1.784177e-02   3.188567e-03   1.336961e-03   1.695124e-03   -7.658219e-04   2.475583e+01 
5.756326e-01   1.800245e-02   3.108945e-03   1.308359e-03   1.644359e-03   -7.452091e-04   2.488358e+01 
5.782551e-01   1.816396e-02   3.028406e-03   1.279498e-03   1.595114e-03   -7.238466e-04   2.501153e+01 
5.808571e-01   1.832540e-02   2.945811e-03   1.250118e-03   1.546192e-03   -7.022914e-04   2.513968e+01 
5.834372e-01   1.848661e-02   2.860013e-03   1.220583e-03   1.496481e-03   -6.809714e-04   2.526803e+01 
5.859938e-01   1.864695e-02   2.773326e-03   1.191195e-03   1.446971e-03   -6.597236e-04   2.539657e+01 
5.885221e-01   1.880792e-02   2.685888e-03   1.162136e-03   1.397496e-03   -6.379263e-04   2.552532e+01 
5.910199e-01   1.896827e-02   2.596949e-03   1.133216e-03   1.346591e-03   -6.161411e-04   2.565426e+01 
5.934793e-01   1.912552e-02   2.509398e-03   1.104163e-03   1.294826e-03   -5.949306e-04   2.578340e+01 
5.958996e-01   1.928162e-02   2.421618e-03   1.075447e-03   1.244925e-03   -5.738824e-04   2.591274e+01 
5.982787e-01   1.943564e-02   2.333882e-03   1.046937e-03   1.197431e-03   -5.531038e-04   2.604228e+01 
6.006055e-01   1.958731e-02   2.247612e-03   1.018539e-03   1.150602e-03   -5.326906e-04   2.617201e+01 
6.028730e-01   1.973620e-02   2.163288e-03   9.901421e-04   1.104447e-03   -5.126218e-04   2.630193e+01 
6.050890e-01   1.988300e-02   2.078823e-03   9.621547e-04   1.059648e-03   -4.929950e-04   2.643205e+01 
6.072548e-01   2.002812e-02   1.994311e-03   9.344915e-04   1.015418e-03   -4.734356e-04   2.656237e+01 
6.093641e-01   2.017086e-02   1.911695e-03   9.066259e-04   9.710610e-04   -4.539306e-04   2.669288e+01 
6.114231e-01   2.031232e-02   1.828690e-03   8.790360e-04   9.273239e-04   -4.344772e-04   2.682358e+01 
6.134288e-01   2.045203e-02   1.746398e-03   8.518163e-04   8.841363e-04   -4.149849e-04   2.695448e+01 
6.153869e-01   2.059025e-02   1.664241e-03   8.249865e-04   8.410541e-04   -3.954204e-04   2.708556e+01 
6.172959e-01   2.072554e-02   1.583283e-03   7.984713e-04   7.986884e-04   -3.764321e-04   2.721684e+01 
6.191411e-01   2.085779e-02   1.503897e-03   7.725035e-04   7.573425e-04   -3.580361e-04   2.734832e+01 
6.209238e-01   2.098803e-02   1.425370e-03   7.470795e-04   7.173985e-04   -3.398033e-04   2.747998e+01 
6.226511e-01   2.111601e-02   1.347975e-03   7.220205e-04   6.790298e-04   -3.217482e-04   2.761184e+01 
6.243224e-01   2.124115e-02   1.272480e-03   6.972908e-04   6.420860e-04   -3.041563e-04   2.774388e+01 
6.259314e-01   2.136281e-02   1.198489e-03   6.729435e-04   6.064242e-04   -2.873774e-04   2.787611e+01 
6.274781e-01   2.148132e-02   1.126694e-03   6.491092e-04   5.722694e-04   -2.710680e-04   2.800853e+01 
6.289677e-01   2.159762e-02   1.056820e-03   6.257564e-04   5.394943e-04   -2.550779e-04   2.814114e+01 
6.303885e-01   2.171046e-02   9.894868e-04   6.027311e-04   5.084548e-04   -2.397863e-04   2.827394e+01 
6.317363e-01   2.181964e-02   9.250009e-04   5.799939e-04   4.794716e-04   -2.250864e-04   2.840693e+01 
6.330244e-01   2.192617e-02   8.620422e-04   5.576954e-04   4.518737e-04   -2.107832e-04   2.854011e+01 
6.342511e-01   2.202947e-02   8.013106e-04   5.360144e-04   4.251785e-04   -1.971534e-04   2.867347e+01 
6.354140e-01   2.212934e-02   7.430642e-04   5.146967e-04   3.995954e-04   -1.841730e-04   2.880702e+01 
6.365077e-01   2.222545e-02   6.883233e-04   4.936248e-04   3.750476e-04   -1.718374e-04   2.894075e+01 
6.375291e-01   2.231740e-02   6.374765e-04   4.728324e-04   3.511133e-04   -1.601989e-04   2.907467e+01 
6.384833e-01   2.240599e-02   5.898141e-04   4.524954e-04   3.279229e-04   -1.490500e-04   2.920877e+01 
6.393717e-01   2.249171e-02   5.451436e-04   4.327267e-04   3.057944e-04   -1.381992e-04   2.934306e+01 
6.401970e-01   2.257425e-02   5.031469e-04   4.136718e-04   2.846698e-04   -1.278508e-04   2.947754e+01 
6.409649e-01   2.265360e-02   4.639752e-04   3.951377e-04   2.648347e-04   -1.181250e-04   2.961219e+01 
6.416776e-01   2.273021e-02   4.274760e-04   3.770692e-04   2.461467e-04   -1.088827e-04   2.974703e+01 
6.423341e-01   2.280405e-02   3.937590e-04   3.595667e-04   2.285430e-04   -1.000953e-04   2.988206e+01 
6.429377e-01   2.287519e-02   3.629949e-04   3.426774e-04   2.120041e-04   -9.173738e-05   3.001726e+01 
6.434937e-01   2.294412e-02   3.343699e-04   3.265103e-04   1.963988e-04   -8.369139e-05   3.015265e+01 
6.439994e-01   2.301004e-02   3.080731e-04   3.109463e-04   1.815725e-04   -7.628048e-05   3.028822e+01 
6.444550e-01   2.307292e-02   2.840853e-04   2.959252e-04   1.675992e-04   -6.946985e-05   3.042397e+01 
6.448664e-01   2.313340e-02   2.619456e-04   2.815269e-04   1.544483e-04   -6.312356e-05   3.055990e+01 
6.452340e-01   2.319142e-02   2.417584e-04   2.676395e-04   1.422763e-04   -5.730169e-05   3.069601e+01 
6.455616e-01   2.324735e-02   2.231729e-04   2.543691e-04   1.309649e-04   -5.184450e-05   3.083231e+01 
6.458561e-01   2.330151e-02   2.061854e-04   2.418067e-04   1.205396e-04   -4.670208e-05   3.096878e+01 
6.461206e-01   2.335396e-02   1.907539e-04   2.297721e-04   1.110227e-04   -4.187849e-05   3.110543e+01 
6.463541e-01   2.340467e-02   1.771039e-04   2.181796e-04   1.022159e-04   -3.735709e-05   3.124226e+01 
6.465549e-01   2.345363e-02   1.648117e-04   2.071394e-04   9.390700e-05   -3.320694e-05   3.137926e+01 
6.467250e-01   2.350070e-02   1.538046e-04   1.966129e-04   8.622284e-05   -2.954769e-05   3.151645e+01 
6.468675e-01   2.354596e-02   1.438715e-04   1.865517e-04   7.929022e-05   -2.639567e-05   3.165381e+01 
6.469869e-01   2.359007e-02   1.347496e-04   1.769599e-04   7.307076e-05   -2.347705e-05   3.179135e+01 
6.470862e-01   2.363311e-02   1.266610e-04   1.678117e-04   6.745323e-05   -2.080111e-05   3.192907e+01 
6.471643e-01   2.367486e-02   1.195514e-04   1.591157e-04   6.209035e-05   -1.843773e-05   3.206696e+01 
6.472252e-01   2.371575e-02   1.131697e-04   1.509104e-04   5.704185e-05   -1.624063e-05   3.220503e+01 
6.472704e-01   2.375577e-02   1.072580e-04   1.431701e-04   5.251001e-05   -1.427911e-05   3.234327e+01 
6.472969e-01   2.379462e-02   1.016513e-04   1.359115e-04   4.841908e-05   -1.266037e-05   3.248169e+01 
6.473085e-01   2.383265e-02   9.652930e-05   1.291399e-04   4.465341e-05   -1.123414e-05   3.262028e+01 
6.473088e-01   2.387018e-02   9.184925e-05   1.227840e-04   4.130898e-05   -9.889669e-06   3.275905e+01 
6.472991e-01   2.390724e-02   8.755673e-05   1.168284e-04   3.824936e-05   -8.637286e-06   3.289799e+01 
6.472797e-01   2.394370e-02   8.365270e-05   1.112316e-04   3.544210e-05   -7.514636e-06   3.303710e+01 
6.472528e-01   2.397970e-02   7.997471e-05   1.059993e-04   3.285487e-05   -6.533445e-06   3.317639e+01 
6.472204e-01   2.401540e-02   7.644914e-05   1.011045e-04   3.056526e-05   -5.663659e-06   3.331585e+01 
6.471824e-01   2.405084e-02   7.314216e-05   9.652939e-05   2.853820e-05   -4.867236e-06   3.345548e+01 
6.471401e-01   2.408614e-02   7.009258e-05   9.224994e-05   2.668855e-05   -4.111210e-06   3.359529e+01 
6.470930e-01   2.412102e-02   6.726086e-05   8.819620e-05   2.503457e-05   -3.490769e-06   3.373526e+01 
6.470414e-01   2.415556e-02   6.459929e-05   8.436252e-05   2.356536e-05   -3.003205e-06   3.387541e+01 
6.469858e-01   2.418984e-02   6.219481e-05   8.075889e-05   2.221832e-05   -2.610636e-06   3.401573e+01 
6.469267e-01   2.422390e-02   5.994414e-05   7.738274e-05   2.098176e-05   -2.286730e-06   3.415622e+01 
6.468656e-01   2.425790e-02   5.778120e-05   7.421352e-05   1.981296e-05   -2.001830e-06   3.429688e+01 
6.468030e-01   2.429181e-02   5.574409e-05   7.123767e-05   1.869743e-05   -1.770060e-06   3.443771e+01 
6.467394e-01   2.432575e-02   5.382075e-05   6.845849e-05   1.766561e-05   -1.539740e-06   3.457870e+01 
6.466748e-01   2.435967e-02   5.201956e-05   6.584046e-05   1.670665e-05   -1.320957e-06   3.471987e+01 
6.466087e-01   2.439352e-02   5.028850e-05   6.337584e-05   1.581661e-05   -1.131072e-06   3.486121e+01 
6.465417e-01   2.442735e-02   4.865629e-05   6.104073e-05   1.499035e-05   -9.505182e-07   3.500271e+01 
6.464742e-01   2.446118e-02   4.714625e-05   5.883628e-05   1.423437e-05   -7.848270e-07   3.514438e+01 
6.464058e-01   2.449498e-02   4.574099e-05   5.676051e-05   1.354972e-05   -6.386776e-07   3.528622e+01 
6.463362e-01   2.452874e-02   4.439846e-05   5.480079e-05   1.291197e-05   -5.166965e-07   3.542822e+01 
6.462657e-01   2.456248e-02   4.311675e-05   5.295321e-05   1.232191e-05   -4.134050e-07   3.557040e+01 
6.461947e-01   2.459623e-02   4.187806e-05   5.120642e-05   1.178123e-05   -3.226182e-07   3.571274e+01 
6.461232e-01   2.462991e-02   4.067693e-05   4.955445e-05   1.128074e-05   -2.494700e-07   3.585524e+01 
6.460511e-01   2.466369e-02   3.954335e-05   4.796655e-05   1.081758e-05   -1.864662e-07   3.599791e+01 
6.459785e-01   2.469739e-02   3.848036e-05   4.646081e-05   1.039045e-05   -1.250289e-07   3.614075e+01 
6.459062e-01   2.473119e-02   3.744707e-05   4.503251e-05   1.000695e-05   -6.762775e-08   3.628375e+01 
6.458339e-01   2.476499e-02   3.648908e-05   4.366422e-05   9.634592e-06   -2.005294e-08   3.642692e+01 
6.457606e-01   2.479874e-02   3.557109e-05   4.236789e-05   9.266265e-06   2.050954e-08   3.657025e+01 
6.456868e-01   2.483253e-02   3.468065e-05   4.113838e-05   8.918178e-06   5.914798e-08   3.671374e+01 
6.456128e-01   2.486634e-02   3.382753e-05   3.996307e-05   8.589417e-06   9.565151e-08   3.685740e+01 
6.455387e-01   2.490018e-02   3.301261e-05   3.883485e-05   8.272876e-06   1.344380e-07   3.700122e+01 
6.454642e-01   2.493404e-02   3.222727e-05   3.775259e-05   7.976419e-06   1.732839e-07   3.714521e+01 
6.453892e-01   2.496789e-02   3.146995e-05   3.671041e-05   7.698451e-06   1.999284e-07   3.728935e+01 
6.453138e-01   2.500174e-02   3.073928e-05   3.570888e-05   7.436983e-06   2.217130e-07   3.743366e+01 
6.452381e-01   2.503561e-02   3.003355e-05   3.474829e-05   7.188513e-06   2.435634e-07   3.757814e+01 
6.451621e-01   2.506950e-02   2.935502e-05   3.382571e-05   6.954669e-06   2.662093e-07   3.772277e+01 
6.450858e-01   2.510341e-02   2.870037e-05   3.293948e-05   6.730883e-06   2.898198e-07   3.786756e+01 
6.450093e-01   2.513733e-02   2.806711e-05   3.208844e-05   6.513411e-06   3.140488e-07   3.801252e+01 
6.449326e-01   2.517128e-02   2.745518e-05   3.127141e-05   6.305107e-06   3.382911e-07   3.815763e+01 
6.448554e-01   2.520523e-02   2.686410e-05   3.048427e-05   6.106835e-06   3.574878e-07   3.830291e+01 
6.447780e-01   2.523918e-02   2.629362e-05   2.972352e-05   5.917120e-06   3.714200e-07   3.844835e+01 
6.447003e-01   2.527315e-02   2.574295e-05   2.898880e-05   5.734600e-06   3.852420e-07   3.859394e+01 
6.446224e-01   2.530714e-02   2.520953e-05   2.828007e-05   5.558337e-06   3.993537e-07   3.873970e+01 
6.445442e-01   2.534115e-02   2.469206e-05   2.759637e-05   5.389294e-06   4.117279e-07   3.888561e+01 
6.444658e-01   2.537516e-02   2.419065e-05   2.693612e-05   5.227656e-06   4.227630e-07   3.903169e+01 
6.443872e-01   2.540920e-02   2.370492e-05   2.629786e-05   5.072568e-06   4.332984e-07   3.917792e+01 
6.443084e-01   2.544325e-02   2.323403e-05   2.568031e-05   4.923363e-06   4.433503e-07   3.932431e+01 
6.442293e-01   2.547732e-02   2.277714e-05   2.508247e-05   4.779635e-06   4.528195e-07   3.947086e+01 
6.441500e-01   2.551140e-02   2.233348e-05   2.450341e-05   4.641106e-06   4.617051e-07   3.961756e+01 
6.440705e-01   2.554550e-02   2.190258e-05   2.394231e-05   4.507570e-06   4.701098e-07   3.976442e+01 
6.439909e-01   2.557962e-02   2.148415e-05   2.339838e-05   4.378807e-06   4.781756e-07   3.991144e+01 
6.439110e-01   2.561375e-02   2.107777e-05   2.287088e-05   4.254586e-06   4.859577e-07   4.005862e+01 
6.438309e-01   2.564790e-02   2.068290e-05   2.235909e-05   4.134680e-06   4.934327e-07   4.020595e+01 
6.437506e-01   2.568206e-02   2.029903e-05   2.186239e-05   4.018887e-06   5.005733e-07   4.035344e+01 
6.436701e-01   2.571624e-02   1.992571e-05   2.138014e-05   3.907019e-06   5.073819e-07   4.050108e+01 
6.435894e-01   2.575043e-02   1.956253e-05   2.091179e-05   3.798903e-06   5.138790e-07   4.064888e+01 
6.435085e-01   2.578464e-02   1.920915e-05   2.045680e-05   3.694379e-06   5.200865e-07   4.079683e+01 
6.434274e-01   2.581886e-02   1.886521e-05   2.001466e-05   3.593295e-06   5.260173e-07   4.094494e+01 
6.433461e-01   2.585310e-02   1.853036e-05   1.958488e-05   3.495508e-06   5.316827e-07   4.109321e+01 
6.432646e-01   2.588735e-02   1.820428e-05   1.916700e-05   3.400880e-06   5.370913e-07   4.124162e+01 
6.431829e-01   2.592161e-02   1.788666e-05   1.876059e-05   3.309288e-06   5.422544e-07   4.139019e+01 
6.431011e-01   2.595589e-02   1.757721e-05   1.836523e-05   3.220608e-06   5.471824e-07   4.153892e+01 
6.430190e-01   2.599018e-02   1.727565e-05   1.798054e-05   3.134725e-06   5.518865e-07   4.168780e+01 
6.429367e-01   2.602449e-02   1.698170e-05   1.760612e-05   3.051530e-06   5.563778e-07   4.183683e+01 
6.428543e-01   2.605881e-02   1.669511e-05   1.724163e-05   2.970920e-06   5.606611e-07   4.198601e+01 
6.427716e-01   2.609314e-02   1.641564e-05   1.688673e-05   2.892797e-06   5.647400e-07   4.213534e+01 
6.426888e-01   2.612748e-02   1.614305e-05   1.654107e-05   2.817065e-06   5.686182e-07   4.228483e+01 
6.426057e-01   2.616184e-02   1.587713e-05   1.620436e-05   2.743637e-06   5.722981e-07   4.243447e+01 
6.425225e-01   2.619621e-02   1.561768e-05   1.587630e-05   2.672428e-06   5.757841e-07   4.258426e+01 
6.424391e-01   2.623059e-02   1.536448e-05   1.555658e-05   2.603356e-06   5.790824e-07   4.273420e+01 
6.423554e-01   2.626498e-02   1.511736e-05   1.524495e-05   2.536344e-06   5.821947e-07   4.288430e+01 
6.422716e-01   2.629938e-02   1.487613e-05   1.494113e-05   2.471317e-06   5.851255e-07   4.303454e+01 
6.421876e-01   2.633379e-02   1.464061e-05   1.464489e-05   2.408207e-06   5.878792e-07   4.318493e+01 
6.421033e-01   2.636821e-02   1.441064e-05   1.435595e-05   2.346942e-06   5.904617e-07   4.333548e+01 
6.420189e-01   2.640264e-02   1.418603e-05   1.407412e-05   2.287462e-06   5.928776e-07   4.348617e+01 
6.419343e-01   2.643709e-02   1.396664e-05   1.379915e-05   2.229703e-06   5.951385e-07   4.363702e+01 
6.418495e-01   2.647154e-02   1.375229e-05   1.353083e-05   2.173607e-06   5.972535e-07   4.378801e+01 
6.417645e-01   2.650600e-02   1.354283e-05   1.326897e-05   2.119115e-06   5.992354e-07   4.393915e+01 
6.416793e-01   2.654047e-02   1.333811e-05   1.301337e-05   2.066175e-06   6.010929e-07   4.409044e+01 
6.415939e-01   2.657495e-02   1.313797e-05   1.276385e-05   2.014734e-06   6.028381e-07   4.424188e+01 
6.415083e-01   2.660944e-02   1.294228e-05   1.252022e-05   1.964743e-06   6.044839e-07   4.439347e+01 
6.414225e-01   2.664394e-02   1.275088e-05   1.228232e-05   1.916153e-06   6.060377e-07   4.454520e+01 
6.413365e-01   2.667845e-02   1.256365e-05   1.204997e-05   1.868918e-06   6.075084e-07   4.469708e+01 
6.412504e-01   2.671296e-02   1.238045e-05   1.182303e-05   1.822994e-06   6.089057e-07   4.484911e+01 
6.411640e-01   2.674749e-02   1.220119e-05   1.160132e-05   1.778339e-06   6.102335e-07   4.500129e+01 
6.410775e-01   2.678202e-02   1.202574e-05   1.138471e-05   1.734912e-06   6.114976e-07   4.515361e+01 
6.409908e-01   2.681656e-02   1.185403e-05   1.117303e-05   1.692674e-06   6.126974e-07   4.530608e+01 
6.409039e-01   2.685111e-02   1.168596e-05   1.096616e-05   1.651586e-06   6.138323e-07   4.545870e+01 
6.408169e-01   2.688566e-02   1.152146e-05   1.076395e-05   1.611615e-06   6.148960e-07   4.561146e+01 
6.407296e-01   2.692022e-02   1.136045e-05   1.056626e-05   1.572722e-06   6.158791e-07   4.576437e+01 
6.406421e-01   2.695478e-02   1.120285e-05   1.037298e-05   1.534878e-06   6.167749e-07   4.591742e+01 
6.405545e-01   2.698935e-02   1.104857e-05   1.018397e-05   1.498047e-06   6.175750e-07   4.607062e+01 
6.404666e-01   2.702393e-02   1.089755e-05   9.999112e-06   1.462200e-06   6.182673e-07   4.622396e+01 
6.403785e-01   2.705851e-02   1.074969e-05   9.818292e-06   1.427306e-06   6.188502e-07   4.637745e+01 
6.402902e-01   2.709309e-02   1.060491e-05   9.641405e-06   1.393337e-06   6.193228e-07   4.653108e+01 
6.402017e-01   2.712768e-02   1.046313e-05   9.468341e-06   1.360264e-06   6.196852e-07   4.668486e+01 
6.401130e-01   2.716227e-02   1.032427e-05   9.299002e-06   1.328061e-06   6.199424e-07   4.683878e+01 
6.400241e-01   2.719687e-02   1.018825e-05   9.133294e-06   1.296702e-06   6.201088e-07   4.699285e+01 
6.399350e-01   2.723146e-02   1.005499e-05   8.971123e-06   1.266162e-06   6.201859e-07   4.714705e+01 
6.398456e-01   2.726606e-02   9.924420e-06   8.812421e-06   1.236416e-06   6.201826e-07   4.730140e+01 
6.397561e-01   2.730067e-02   9.796471e-06   8.657069e-06   1.207442e-06   6.201370e-07   4.745590e+01 
6.396663e-01   2.733527e-02   9.671111e-06   8.504871e-06   1.179217e-06   6.200550e-07   4.761053e+01 
6.395763e-01   2.736988e-02   9.548249e-06   8.355946e-06   1.151719e-06   6.199096e-07   4.776531e+01 
6.394861e-01   2.740448e-02   9.427845e-06   8.210086e-06   1.124927e-06   6.197146e-07   4.792023e+01 
6.393956e-01   2.743909e-02   9.309837e-06   8.067255e-06   1.098822e-06   6.194988e-07   4.807530e+01 
6.393049e-01   2.747370e-02   9.194209e-06   7.927372e-06   1.073383e-06   6.192595e-07   4.823050e+01 
6.392139e-01   2.750830e-02   9.080861e-06   7.790348e-06   1.048591e-06   6.189828e-07   4.838585e+01 
6.391228e-01   2.754291e-02   8.969759e-06   7.656337e-06   1.024429e-06   6.186793e-07   4.854133e+01 
6.390313e-01   2.757751e-02   8.860854e-06   7.524749e-06   1.000878e-06   6.183557e-07   4.869696e+01 
6.389396e-01   2.761211e-02   8.754066e-06   7.395803e-06   9.779216e-07   6.179797e-07   4.885273e+01 
6.388476e-01   2.764671e-02   8.649328e-06   7.269488e-06   9.555423e-07   6.175354e-07   4.900864e+01 
6.387553e-01   2.768130e-02   8.546579e-06   7.145728e-06   9.337245e-07   6.170479e-07   4.916469e+01 
6.386627e-01   2.771589e-02   8.445751e-06   7.024429e-06   9.124521e-07   6.165062e-07   4.932088e+01 
6.385699e-01   2.775048e-02   8.346784e-06   6.905529e-06   8.917103e-07   6.159024e-07   4.947721e+01 
6.384769e-01   2.778506e-02   8.249605e-06   6.788971e-06   8.714844e-07   6.152287e-07   4.963367e+01 
6.383836e-01   2.781964e-02   8.154174e-06   6.674701e-06   8.517598e-07   6.144762e-07   4.979028e+01 
6.382900e-01   2.785421e-02   8.060440e-06   6.562684e-06   8.325234e-07   6.136339e-07   4.994703e+01 
6.381963e-01   2.788878e-02   7.968330e-06   6.452839e-06   8.137608e-07   6.127333e-07   5.010391e+01 
6.381023e-01   2.792335e-02   7.877826e-06   6.345140e-06   7.954597e-07   6.117642e-07   5.026094e+01 
6.380081e-01   2.795792e-02   7.788963e-06   6.239612e-06   7.776078e-07   6.106892e-07   5.041810e+01 
6.379137e-01   2.799248e-02   7.701579e-06   6.135725e-06   7.601925e-07   6.097434e-07   5.057540e+01 
6.378192e-01   2.802704e-02   7.615724e-06   6.034171e-06   7.432019e-07   6.087303e-07   5.073284e+01 
6.377245e-01   2.806160e-02   7.531626e-06   5.934379e-06   7.266254e-07   6.077523e-07   5.089041e+01 
6.376296e-01   2.809616e-02   7.448643e-06   5.836686e-06   7.104513e-07   6.065831e-07   5.104812e+01 
6.375346e-01   2.813071e-02   7.367383e-06   5.740603e-06   6.946693e-07   6.054006e-07   5.120597e+01 
6.374393e-01   2.816526e-02   7.287470e-06   5.646265e-06   6.792687e-07   6.041106e-07   5.136396e+01 
6.373439e-01   2.819981e-02   7.209045e-06   5.553853e-06   6.642396e-07   6.028981e-07   5.152208e+01 
6.372483e-01   2.823435e-02   7.132041e-06   5.463168e-06   6.495724e-07   6.016730e-07   5.168035e+01 
6.371525e-01   2.826889e-02   7.056410e-06   5.374180e-06   6.352577e-07   6.004328e-07   5.183874e+01 
6.370566e-01   2.830342e-02   6.982121e-06   5.286847e-06   6.212861e-07   5.991750e-07   5.199727e+01 
6.369604e-01   2.833795e-02   6.909140e-06   5.201129e-06   6.076489e-07   5.978973e-07   5.215594e+01 
6.368641e-01   2.837247e-02   6.837439e-06   5.116991e-06   5.943372e-07   5.966005e-07   5.231474e+01 
6.367676e-01   2.840698e-02   6.766985e-06   5.034396e-06   5.813426e-07   5.952837e-07   5.247368e+01 
6.366708e-01   2.844149e-02   6.697758e-06   4.953315e-06   5.686573e-07   5.939459e-07   5.263276e+01 
6.365739e-01   2.847599e-02   6.629722e-06   4.873705e-06   5.562724e-07   5.925885e-07   5.279197e+01 
6.364768e-01   2.851048e-02   6.562863e-06   4.795550e-06   5.441820e-07   5.912119e-07   5.295131e+01 
6.363795e-01   2.854496e-02   6.497157e-06   4.718815e-06   5.323787e-07   5.898149e-07   5.311077e+01 
6.362821e-01   2.857943e-02   6.432576e-06   4.643470e-06   5.208551e-07   5.883987e-07   5.327034e+01 
6.361844e-01   2.861389e-02   6.369104e-06   4.569484e-06   5.096040e-07   5.869630e-07   5.343004e+01 
6.360866e-01   2.864834e-02   6.306709e-06   4.496828e-06   4.986184e-07   5.855110e-07   5.358985e+01 
6.359885e-01   2.868277e-02   6.245369e-06   4.425471e-06   4.878917e-07   5.840379e-07   5.374979e+01 
6.358903e-01   2.871719e-02   6.185073e-06   4.355388e-06   4.774172e-07   5.825479e-07   5.390984e+01 
6.357919e-01   2.875160e-02   6.125776e-06   4.286550e-06   4.671886e-07   5.810349e-07   5.407001e+01 
6.356933e-01   2.878600e-02   6.067502e-06   4.218928e-06   4.571996e-07   5.795114e-07   5.423030e+01 
6.355945e-01   2.882038e-02   6.010149e-06   4.152501e-06   4.474444e-07   5.779670e-07   5.439071e+01 
6.354955e-01   2.885475e-02   5.953823e-06   4.087240e-06   4.379169e-07   5.764159e-07   5.455124e+01 
6.353964e-01   2.888911e-02   5.898331e-06   4.023123e-06   4.286116e-07   5.748387e-07   5.471189e+01 
6.352970e-01   2.892345e-02   5.843862e-06   3.960124e-06   4.195228e-07   5.732564e-07   5.487266e+01 
6.351974e-01   2.895778e-02   5.790185e-06   3.898220e-06   4.106453e-07   5.716485e-07   5.503355e+01 
6.350977e-01   2.899209e-02   5.737433e-06   3.837388e-06   4.019737e-07   5.700289e-07   5.519456e+01 
6.349977e-01   2.902638e-02   5.685596e-06   3.777607e-06   3.935030e-07   5.684017e-07   5.535569e+01 
6.348976e-01   2.906067e-02   5.634431e-06   3.718851e-06   3.852282e-07   5.667360e-07   5.551693e+01 
6.347973e-01   2.909493e-02   5.584429e-06   3.661105e-06   3.771445e-07   5.650937e-07   5.567830e+01 
6.346967e-01   2.912918e-02   5.535055e-06   3.604345e-06   3.692472e-07   5.634144e-07   5.583979e+01 
6.345960e-01   2.916342e-02   5.486313e-06   3.548549e-06   3.615317e-07   5.617016e-07   5.600139e+01 
6.344951e-01   2.919763e-02   5.438474e-06   3.493696e-06   3.539936e-07   5.599889e-07   5.616312e+01 
6.343939e-01   2.923183e-02   5.391456e-06   3.439773e-06   3.466287e-07   5.582816e-07   5.632496e+01 
6.342926e-01   2.926602e-02   5.345182e-06   3.386759e-06   3.394326e-07   5.565594e-07   5.648692e+01 
6.341911e-01   2.930018e-02   5.299604e-06   3.334633e-06   3.324014e-07   5.548175e-07   5.664900e+01 
6.340894e-01   2.933433e-02   5.254743e-06   3.283379e-06   3.255309e-07   5.530632e-07   5.681121e+01 
6.339874e-01   2.936846e-02   5.210608e-06   3.232980e-06   3.188173e-07   5.512978e-07   5.697353e+01 
6.338853e-01   2.940257e-02   5.167143e-06   3.183417e-06   3.122569e-07   5.495200e-07   5.713597e+01 
6.337830e-01   2.943666e-02   5.124403e-06   3.134676e-06   3.058459e-07   5.477314e-07   5.729853e+01 
6.336805e-01   2.947073e-02   5.082309e-06   3.086739e-06   2.995808e-07   5.459316e-07   5.746121e+01 
6.335777e-01   2.950479e-02   5.040846e-06   3.039589e-06   2.934580e-07   5.441219e-07   5.762400e+01 
6.334748e-01   2.953882e-02   5.000039e-06   2.993213e-06   2.874743e-07   5.423028e-07   5.778692e+01 
6.333717e-01   2.957283e-02   4.959880e-06   2.947591e-06   2.816262e-07   5.404722e-07   5.794996e+01 
6.332683e-01   2.960683e-02   4.920353e-06   2.902712e-06   2.759105e-07   5.386295e-07   5.811312e+01 
6.331648e-01   2.964080e-02   4.881411e-06   2.858564e-06   2.703242e-07   5.367790e-07   5.827639e+01 
6.330610e-01   2.967475e-02   4.843052e-06   2.815128e-06   2.648641e-07   5.349208e-07   5.843979e+01 
6.329571e-01   2.970868e-02   4.805312e-06   2.772394e-06   2.595273e-07   5.330496e-07   5.860330e+01 
6.328529e-01   2.974259e-02   4.768165e-06   2.730345e-06   2.543108e-07   5.311682e-07   5.876694e+01 
6.327486e-01   2.977648e-02   4.731540e-06   2.688971e-06   2.492118e-07   5.292820e-07   5.893069e+01 
6.326440e-01   2.981034e-02   4.695437e-06   2.648258e-06   2.442276e-07   5.273914e-07   5.909456e+01 
6.325392e-01   2.984418e-02   4.659899e-06   2.608192e-06   2.393554e-07   5.254887e-07   5.925856e+01 
6.324342e-01   2.987800e-02   4.624933e-06   2.568761e-06   2.345927e-07   5.235757e-07   5.942267e+01 
6.323290e-01   2.991180e-02   4.590498e-06   2.529955e-06   2.299368e-07   5.216538e-07   5.958690e+01 
6.322236e-01   2.994557e-02   4.556564e-06   2.491760e-06   2.253853e-07   5.197249e-07   5.975125e+01 
6.321180e-01   2.997932e-02   4.523132e-06   2.454165e-06   2.209358e-07   5.177902e-07   5.991572e+01 
6.320122e-01   3.001304e-02   4.490202e-06   2.417160e-06   2.165858e-07   5.158492e-07   6.008031e+01 
6.319061e-01   3.004674e-02   4.457764e-06   2.380732e-06   2.123331e-07   5.139009e-07   6.024501e+01 
6.317999e-01   3.008041e-02   4.425810e-06   2.344873e-06   2.081755e-07   5.119464e-07   6.040984e+01 
6.316934e-01   3.011406e-02   4.394333e-06   2.309569e-06   2.041106e-07   5.099860e-07   6.057479e+01 
6.315867e-01   3.014768e-02   4.363323e-06   2.274813e-06   2.001364e-07   5.080193e-07   6.073986e+01 
6.314798e-01   3.018128e-02   4.332771e-06   2.240593e-06   1.962508e-07   5.060462e-07   6.090504e+01 
6.313727e-01   3.021485e-02   4.302662e-06   2.206899e-06   1.924518e-07   5.040654e-07   6.107035e+01 
6.312654e-01   3.024839e-02   4.272988e-06   2.173721e-06   1.887373e-07   5.020767e-07   6.123577e+01 
6.311579e-01   3.028191e-02   4.243735e-06   2.141052e-06   1.851054e-07   5.000786e-07   6.140132e+01 
6.310502e-01   3.031540e-02   4.214893e-06   2.108881e-06   1.815543e-07   4.980687e-07   6.156698e+01 
6.309422e-01   3.034886e-02   4.186457e-06   2.077198e-06   1.780820e-07   4.960496e-07   6.173276e+01 
6.308341e-01   3.038229e-02   4.158421e-06   2.045994e-06   1.746868e-07   4.940211e-07   6.189866e+01 
6.307257e-01   3.041570e-02   4.130787e-06   2.015261e-06   1.713668e-07   4.919865e-07   6.206469e+01 
6.306171e-01   3.044908e-02   4.103553e-06   1.984994e-06   1.681205e-07   4.899455e-07   6.223083e+01 
6.305083e-01   3.048242e-02   4.076720e-06   1.955181e-06   1.649461e-07   4.879027e-07   6.239709e+01 
6.303993e-01   3.051574e-02   4.050284e-06   1.925817e-06   1.618419e-07   4.858595e-07   6.256347e+01 
6.302900e-01   3.054903e-02   4.024242e-06   1.896889e-06   1.588064e-07   4.838184e-07   6.272996e+01 
6.301805e-01   3.058228e-02   3.998583e-06   1.868393e-06   1.558380e-07   4.817783e-07   6.289658e+01 
6.300708e-01   3.061551e-02   3.973294e-06   1.840321e-06   1.529352e-07   4.797341e-07   6.306332e+01 
6.299609e-01   3.064870e-02   3.948358e-06   1.812667e-06   1.500966e-07   4.776825e-07   6.323018e+01 
6.298508e-01   3.068186e-02   3.923766e-06   1.785422e-06   1.473206e-07   4.756225e-07   6.339715e+01 
6.297404e-01   3.071500e-02   3.899513e-06   1.758578e-06   1.446058e-07   4.735540e-07   6.356425e+01 
6.296299e-01   3.074809e-02   3.875592e-06   1.732126e-06   1.419509e-07   4.714776e-07   6.373146e+01 
6.295191e-01   3.078116e-02   3.852005e-06   1.706060e-06   1.393546e-07   4.693969e-07   6.389880e+01 
6.294081e-01   3.081419e-02   3.828745e-06   1.680375e-06   1.368155e-07   4.673122e-07   6.406625e+01 
6.292968e-01   3.084720e-02   3.805813e-06   1.655066e-06   1.343323e-07   4.652227e-07   6.423383e+01 
6.291854e-01   3.088016e-02   3.783204e-06   1.630128e-06   1.319038e-07   4.631285e-07   6.440152e+01 
6.290737e-01   3.091310e-02   3.760908e-06   1.605555e-06   1.295288e-07   4.610305e-07   6.456933e+01 
6.289618e-01   3.094599e-02   3.738923e-06   1.581337e-06   1.272060e-07   4.589296e-07   6.473726e+01 
6.288496e-01   3.097886e-02   3.717245e-06   1.557465e-06   1.249343e-07   4.568264e-07   6.490531e+01 
6.287373e-01   3.101168e-02   3.695868e-06   1.533934e-06   1.227126e-07   4.547200e-07   6.507348e+01 
6.286247e-01   3.104447e-02   3.674784e-06   1.510740e-06   1.205396e-07   4.526123e-07   6.524177e+01 
6.285119e-01   3.107723e-02   3.653991e-06   1.487880e-06   1.184144e-07   4.504998e-07   6.541018e+01 
6.283989e-01   3.110995e-02   3.633480e-06   1.465349e-06   1.163359e-07   4.483801e-07   6.557871e+01 
6.282856e-01   3.114263e-02   3.613246e-06   1.443142e-06   1.143031e-07   4.462547e-07   6.574736e+01 
6.281721e-01   3.117528e-02   3.593287e-06   1.421252e-06   1.123148e-07   4.441278e-07   6.591612e+01 
6.280584e-01   3.120789e-02   3.573602e-06   1.399672e-06   1.103702e-07   4.419990e-07   6.608501e+01 
6.279445e-01   3.124046e-02   3.554190e-06   1.378394e-06   1.084682e-07   4.398642e-07   6.625401e+01 
6.278303e-01   3.127299e-02   3.535044e-06   1.357415e-06   1.066080e-07   4.377266e-07   6.642314e+01 
6.277159e-01   3.130548e-02   3.516160e-06   1.336730e-06   1.047886e-07   4.355911e-07   6.659238e+01 
6.276013e-01   3.133793e-02   3.497537e-06   1.316340e-06   1.030091e-07   4.334538e-07   6.676175e+01 
6.274865e-01   3.137034e-02   3.479173e-06   1.296237e-06   1.012686e-07   4.313072e-07   6.693123e+01 
6.273714e-01   3.140272e-02   3.461054e-06   1.276418e-06   9.956626e-08   4.291574e-07   6.710083e+01 
6.272561e-01   3.143505e-02   3.443170e-06   1.256875e-06   9.790126e-08   4.270096e-07   6.727055e+01 
6.271405e-01   3.146734e-02   3.425513e-06   1.237603e-06   9.627274e-08   4.248615e-07   6.744040e+01 
6.270247e-01   3.149959e-02   3.408079e-06   1.218594e-06   9.467990e-08   4.227000e-07   6.761036e+01 
6.269087e-01   3.153180e-02   3.390876e-06   1.199845e-06   9.312197e-08   4.205186e-07   6.778044e+01 
6.267925e-01   3.156397e-02   3.373906e-06   1.181355e-06   9.159816e-08   4.183232e-07   6.795064e+01 
6.266760e-01   3.159609e-02   3.357160e-06   1.163120e-06   9.010774e-08   4.161083e-07   6.812095e+01 
6.265592e-01   3.162817e-02   3.340665e-06   1.145137e-06   8.864996e-08   4.138642e-07   6.829139e+01 
6.264422e-01   3.166021e-02   3.324332e-06   1.127406e-06   8.722411e-08   4.116060e-07   6.846195e+01 
6.263250e-01   3.169220e-02   3.308184e-06   1.109923e-06   8.582951e-08   4.093903e-07   6.863263e+01 
6.262076e-01   3.172415e-02   3.292335e-06   1.092690e-06   8.446544e-08   4.072567e-07   6.880342e+01 
6.260900e-01   3.175605e-02   3.276747e-06   1.075701e-06   8.313125e-08   4.051957e-07   6.897434e+01 
6.259722e-01   3.178792e-02   3.261397e-06   1.058939e-06   8.182629e-08   4.031350e-07   6.914537e+01 
6.258541e-01   3.181973e-02   3.246226e-06   1.042396e-06   8.054995e-08   4.010098e-07   6.931653e+01 
6.257357e-01   3.185150e-02   3.231202e-06   1.026061e-06   7.930158e-08   3.988073e-07   6.948780e+01 
6.256171e-01   3.188322e-02   3.216332e-06   1.009945e-06   7.808057e-08   3.965631e-07   6.965919e+01 
6.254982e-01   3.191489e-02   3.201649e-06   9.940477e-07   7.688632e-08   3.943182e-07   6.983071e+01 
6.253791e-01   3.194651e-02   3.187170e-06   9.783728e-07   7.571824e-08   3.920979e-07   7.000234e+01 
6.252598e-01   3.197809e-02   3.172897e-06   9.629105e-07   7.457575e-08   3.898949e-07   7.017409e+01 
6.251403e-01   3.200962e-02   3.158823e-06   9.476572e-07   7.345831e-08   3.876940e-07   7.034596e+01 
6.250205e-01   3.204110e-02   3.144939e-06   9.326118e-07   7.236536e-08   3.854876e-07   7.051795e+01 
6.249004e-01   3.207253e-02   3.131238e-06   9.177714e-07   7.129638e-08   3.832760e-07   7.069006e+01 
6.247802e-01   3.210391e-02   3.117713e-06   9.031337e-07   7.025085e-08   3.810636e-07   7.086229e+01 
6.246596e-01   3.213524e-02   3.104364e-06   8.886924e-07   6.922827e-08   3.788496e-07   7.103463e+01 
6.245389e-01   3.216652e-02   3.091187e-06   8.744433e-07   6.822814e-08   3.766350e-07   7.120710e+01 
6.244179e-01   3.219775e-02   3.078179e-06   8.603828e-07   6.724995e-08   3.744167e-07   7.137969e+01 
6.242966e-01   3.222893e-02   3.065339e-06   8.465079e-07   6.629325e-08   3.721955e-07   7.155239e+01 
6.241751e-01   3.226005e-02   3.052667e-06   8.328171e-07   6.535756e-08   3.699703e-07   7.172522e+01 
6.240534e-01   3.229112e-02   3.040158e-06   8.193081e-07   6.444243e-08   3.677421e-07   7.189816e+01 
6.239314e-01   3.232214e-02   3.027812e-06   8.059795e-07   6.354741e-08   3.655116e-07   7.207123e+01 
6.238092e-01   3.235311e-02   3.015627e-06   7.928298e-07   6.267207e-08   3.632799e-07   7.224441e+01 
6.236867e-01   3.238402e-02   3.003600e-06   7.798568e-07   6.181598e-08   3.610470e-07   7.241771e+01 
6.235640e-01   3.241488e-02   2.991728e-06   7.670570e-07   6.097873e-08   3.588118e-07   7.259114e+01 
6.234410e-01   3.244568e-02   2.980008e-06   7.544261e-07   6.015990e-08   3.565743e-07   7.276468e+01 
6.233178e-01   3.247643e-02   2.968438e-06   7.419612e-07   5.935911e-08   3.543332e-07   7.293834e+01 
6.231943e-01   3.250712e-02   2.957019e-06   7.296599e-07   5.857595e-08   3.520902e-07   7.311212e+01 
6.230706e-01   3.253775e-02   2.945752e-06   7.175213e-07   5.781007e-08   3.498487e-07   7.328602e+01 
6.229467e-01   3.256833e-02   2.934635e-06   7.055443e-07   5.706107e-08   3.476116e-07   7.346004e+01 
6.228225e-01   3.259885e-02   2.923668e-06   6.937272e-07   5.632859e-08   3.453775e-07   7.363418e+01 
6.226980e-01   3.262931e-02   2.912846e-06   6.820670e-07   5.561228e-08   3.431424e-07   7.380843e+01 
6.225733e-01   3.265971e-02   2.902157e-06   6.705595e-07   5.491179e-08   3.408997e-07   7.398281e+01 
6.224484e-01   3.269006e-02   2.891601e-06   6.592017e-07   5.422678e-08   3.386468e-07   7.415731e+01 
6.223231e-01   3.272034e-02   2.881173e-06   6.479924e-07   5.355692e-08   3.363867e-07   7.433192e+01 
6.221977e-01   3.275056e-02   2.870879e-06   6.369297e-07   5.290188e-08   3.341240e-07   7.450666e+01 
6.220720e-01   3.278073e-02   2.860720e-06   6.260139e-07   5.226134e-08   3.318623e-07   7.468151e+01 
6.219460e-01   3.281083e-02   2.850694e-06   6.152414e-07   5.163500e-08   3.296021e-07   7.485649e+01 
6.218198e-01   3.284087e-02   2.840801e-06   6.046110e-07   5.102254e-08   3.273423e-07   7.503158e+01 
6.216933e-01   3.287085e-02   2.831037e-06   5.941199e-07   5.042367e-08   3.250804e-07   7.520679e+01 
6.215666e-01   3.290076e-02   2.821395e-06   5.837661e-07   4.983811e-08   3.228160e-07   7.538212e+01 
6.214396e-01   3.293061e-02   2.811879e-06   5.735488e-07   4.926555e-08   3.205492e-07   7.555757e+01 
6.213124e-01   3.296040e-02   2.802485e-06   5.634659e-07   4.870572e-08   3.182809e-07   7.573315e+01 
6.211849e-01   3.299012e-02   2.793211e-06   5.535159e-07   4.815835e-08   3.160111e-07   7.590884e+01 
6.210571e-01   3.301978e-02   2.784056e-06   5.436968e-07   4.762317e-08   3.137392e-07   7.608465e+01 
6.209291e-01   3.304938e-02   2.775022e-06   5.340070e-07   4.709992e-08   3.114662e-07   7.626057e+01 
6.208008e-01   3.307890e-02   2.766105e-06   5.244447e-07   4.658835e-08   3.091916e-07   7.643662e+01 
6.206723e-01   3.310836e-02   2.757305e-06   5.150085e-07   4.608820e-08   3.069151e-07   7.661279e+01 
6.205435e-01   3.313776e-02   2.748618e-06   5.056965e-07   4.559924e-08   3.046368e-07   7.678908e+01 
6.204145e-01   3.316708e-02   2.740045e-06   4.965067e-07   4.512122e-08   3.023568e-07   7.696548e+01 
6.202852e-01   3.319634e-02   2.731585e-06   4.874376e-07   4.465390e-08   3.000747e-07   7.714201e+01 
6.201557e-01   3.322553e-02   2.723236e-06   4.784883e-07   4.419707e-08   2.977912e-07   7.731865e+01 
6.200258e-01   3.325465e-02   2.714998e-06   4.696567e-07   4.375049e-08   2.955060e-07   7.749542e+01 
6.198958e-01   3.328370e-02   2.706868e-06   4.609421e-07   4.331394e-08   2.932189e-07   7.767230e+01 
6.197654e-01   3.331268e-02   2.698844e-06   4.523426e-07   4.288722e-08   2.909305e-07   7.784930e+01 
6.196348e-01   3.334159e-02   2.690924e-06   4.438573e-07   4.247010e-08   2.886409e-07   7.802643e+01 
6.195040e-01   3.337042e-02   2.683107e-06   4.354845e-07   4.206239e-08   2.863497e-07   7.820367e+01 
6.193728e-01   3.339919e-02   2.675390e-06   4.272225e-07   4.166388e-08   2.840567e-07   7.838103e+01 
6.192414e-01   3.342788e-02   2.667771e-06   4.190706e-07   4.127438e-08   2.817614e-07   7.855851e+01 
6.191098e-01   3.345650e-02   2.660252e-06   4.110267e-07   4.089370e-08   2.794643e-07   7.873611e+01 
6.189779e-01   3.348504e-02   2.652833e-06   4.030897e-07   4.052164e-08   2.771653e-07   7.891383e+01 
6.188457e-01   3.351351e-02   2.645511e-06   3.952584e-07   4.015803e-08   2.748648e-07   7.909167e+01 
6.187132e-01   3.354190e-02   2.638289e-06   3.875321e-07   3.980269e-08   2.725630e-07   7.926963e+01 
6.185805e-01   3.357022e-02   2.631162e-06   3.799090e-07   3.945543e-08   2.702599e-07   7.944770e+01 
6.184475e-01   3.359846e-02   2.624131e-06   3.723887e-07   3.911609e-08   2.679550e-07   7.962590e+01 
6.183143e-01   3.362663e-02   2.617194e-06   3.649691e-07   3.878450e-08   2.656487e-07   7.980422e+01 
6.181808e-01   3.365472e-02   2.610345e-06   3.576496e-07   3.846049e-08   2.633398e-07   7.998265e+01 
6.180470e-01   3.368273e-02   2.603589e-06   3.504286e-07   3.814390e-08   2.610302e-07   8.016121e+01 
6.179130e-01   3.371065e-02   2.596925e-06   3.433054e-07   3.783458e-08   2.587191e-07   8.033988e+01 
6.177786e-01   3.373851e-02   2.590352e-06   3.362784e-07   3.753237e-08   2.564061e-07   8.051868e+01 
6.176440e-01   3.376628e-02   2.583873e-06   3.293474e-07   3.723711e-08   2.540929e-07   8.069759e+01 
6.175092e-01   3.379397e-02   2.577485e-06   3.225106e-07   3.694866e-08   2.517772e-07   8.087662e+01 
6.173740e-01   3.382157e-02   2.571191e-06   3.157675e-07   3.666688e-08   2.494613e-07   8.105577e+01 
6.172386e-01   3.384910e-02   2.564989e-06   3.091168e-07   3.639162e-08   2.471436e-07   8.123504e+01 
6.171030e-01   3.387654e-02   2.558868e-06   3.025573e-07   3.612275e-08   2.448246e-07   8.141443e+01 
6.169670e-01   3.390390e-02   2.552823e-06   2.960881e-07   3.586012e-08   2.425032e-07   8.159394e+01 
6.168308e-01   3.393118e-02   2.546848e-06   2.897085e-07   3.560361e-08   2.401795e-07   8.177357e+01 
6.166943e-01   3.395837e-02   2.540944e-06   2.834174e-07   3.535308e-08   2.378525e-07   8.195332e+01 
6.165575e-01   3.398548e-02   2.535121e-06   2.772138e-07   3.510843e-08   2.355241e-07   8.213319e+01 
6.164205e-01   3.401250e-02   2.529382e-06   2.710971e-07   3.486949e-08   2.331944e-07   8.231318e+01 
6.162832e-01   3.403943e-02   2.523737e-06   2.650665e-07   3.463619e-08   2.308641e-07   8.249328e+01 
6.161456e-01   3.406628e-02   2.518178e-06   2.591208e-07   3.440837e-08   2.285338e-07   8.267351e+01 
6.160077e-01   3.409303e-02   2.512700e-06   2.532591e-07   3.418594e-08   2.262021e-07   8.285385e+01 
6.158696e-01   3.411971e-02   2.507296e-06   2.474808e-07   3.396876e-08   2.238682e-07   8.303432e+01 
6.157312e-01   3.414628e-02   2.501963e-06   2.417847e-07   3.375676e-08   2.215320e-07   8.321490e+01 
6.155924e-01   3.417278e-02   2.496705e-06   2.361707e-07   3.354978e-08   2.191942e-07   8.339561e+01 
6.154535e-01   3.419917e-02   2.491524e-06   2.306371e-07   3.334776e-08   2.168545e-07   8.357643e+01 
6.153142e-01   3.422548e-02   2.486420e-06   2.251838e-07   3.315056e-08   2.145140e-07   8.375737e+01 
6.151747e-01   3.425170e-02   2.481393e-06   2.198101e-07   3.295810e-08   2.121719e-07   8.393843e+01 
6.150349e-01   3.427782e-02   2.476439e-06   2.145148e-07   3.277026e-08   2.098290e-07   8.411961e+01 
6.148948e-01   3.430385e-02   2.471555e-06   2.092974e-07   3.258698e-08   2.074839e-07   8.430091e+01 
6.147544e-01   3.432979e-02   2.466742e-06   2.041566e-07   3.240812e-08   2.051372e-07   8.448233e+01 
6.146137e-01   3.435563e-02   2.462002e-06   1.990925e-07   3.223363e-08   2.027891e-07   8.466387e+01 
6.144728e-01   3.438138e-02   2.457333e-06   1.941043e-07   3.206337e-08   2.004395e-07   8.484553e+01 
6.143316e-01   3.440702e-02   2.452736e-06   1.891914e-07   3.189730e-08   1.980884e-07   8.502731e+01 
6.141900e-01   3.443258e-02   2.448206e-06   1.843527e-07   3.173529e-08   1.957358e-07   8.520921e+01 
6.140483e-01   3.445803e-02   2.443748e-06   1.795879e-07   3.157730e-08   1.933824e-07   8.539122e+01 
6.139062e-01   3.448339e-02   2.439355e-06   1.748962e-07   3.142319e-08   1.910271e-07   8.557336e+01 
6.137638e-01   3.450864e-02   2.435032e-06   1.702769e-07   3.127294e-08   1.886699e-07   8.575561e+01 
6.136212e-01   3.453380e-02   2.430779e-06   1.657295e-07   3.112641e-08   1.863114e-07   8.593799e+01 
6.134783e-01   3.455886e-02   2.426591e-06   1.612537e-07   3.098358e-08   1.839505e-07   8.612048e+01 
6.133350e-01   3.458381e-02   2.422472e-06   1.568484e-07   3.084431e-08   1.815889e-07   8.630310e+01 
6.131916e-01   3.460866e-02   2.418417e-06   1.525134e-07   3.070860e-08   1.792252e-07   8.648583e+01 
6.130477e-01   3.463341e-02   2.414425e-06   1.482480e-07   3.057630e-08   1.768604e-07   8.666868e+01 
6.129037e-01   3.465806e-02   2.410501e-06   1.440517e-07   3.044743e-08   1.744946e-07   8.685165e+01 
6.127593e-01   3.468260e-02   2.406639e-06   1.399241e-07   3.032182e-08   1.721269e-07   8.703474e+01 
6.126147e-01   3.470703e-02   2.402842e-06   1.358648e-07   3.019950e-08   1.697582e-07   8.721795e+01 
6.124697e-01   3.473137e-02   2.399111e-06   1.318730e-07   3.008030e-08   1.673870e-07   8.740128e+01 
6.123245e-01   3.475559e-02   2.395443e-06   1.279483e-07   2.996426e-08   1.650138e-07   8.758473e+01 
6.121789e-01   3.477970e-02   2.391840e-06   1.240905e-07   2.985120e-08   1.626392e-07   8.776830e+01 
6.120331e-01   3.480371e-02   2.388303e-06   1.202989e-07   2.974118e-08   1.602623e-07   8.795199e+01 
6.118870e-01   3.482761e-02   2.384825e-06   1.165735e-07   2.963402e-08   1.578843e-07   8.813579e+01 
6.117406e-01   3.485139e-02   2.381411e-06   1.129142e-07   2.952980e-08   1.555054e-07   8.831972e+01 
6.115939e-01   3.487507e-02   2.378059e-06   1.093212e-07   2.942831e-08   1.531251e-07   8.850377e+01 
6.114470e-01   3.489863e-02   2.374769e-06   1.057946e-07   2.932965e-08   1.507428e-07   8.868793e+01 
6.112996e-01   3.492209e-02   2.371546e-06   1.023348e-07   2.923362e-08   1.483590e-07   8.887222e+01 
6.111521e-01   3.494542e-02   2.368390e-06   9.894140e-08   2.914033e-08   1.459717e-07   8.905662e+01 
6.110042e-01   3.496865e-02   2.365293e-06   9.561351e-08   2.904954e-08   1.435819e-07   8.924114e+01 
6.108561e-01   3.499176e-02   2.362264e-06   9.234970e-08   2.896138e-08   1.411897e-07   8.942579e+01 
6.107076e-01   3.501475e-02   2.359293e-06   8.914723e-08   2.887559e-08   1.387951e-07   8.961055e+01 
6.105589e-01   3.503763e-02   2.356375e-06   8.600320e-08   2.879231e-08   1.363995e-07   8.979543e+01 
6.104098e-01   3.506039e-02   2.353500e-06   8.291410e-08   2.871128e-08   1.340047e-07   8.998043e+01 
6.102605e-01   3.508302e-02   2.350663e-06   7.987725e-08   2.863268e-08   1.316123e-07   9.016555e+01 
6.101107e-01   3.510555e-02   2.347849e-06   7.689131e-08   2.855623e-08   1.292230e-07   9.035079e+01 
6.099608e-01   3.512794e-02   2.345069e-06   7.395747e-08   2.848216e-08   1.268383e-07   9.053615e+01 
6.098104e-01   3.515022e-02   2.342316e-06   7.107930e-08   2.841018e-08   1.244553e-07   9.072163e+01 
6.096599e-01   3.517237e-02   2.339598e-06   6.826158e-08   2.834054e-08   1.220723e-07   9.090722e+01 
6.095088e-01   3.519441e-02   2.336926e-06   6.550988e-08   2.827289e-08   1.196870e-07   9.109294e+01 
6.093577e-01   3.521631e-02   2.334301e-06   6.282841e-08   2.820752e-08   1.172969e-07   9.127878e+01 
6.092059e-01   3.523810e-02   2.331740e-06   6.021789e-08   2.814400e-08   1.149015e-07   9.146473e+01 
6.090542e-01   3.525975e-02   2.329245e-06   5.767631e-08   2.808266e-08   1.124998e-07   9.165081e+01 
6.089019e-01   3.528129e-02   2.326823e-06   5.519873e-08   2.802305e-08   1.100937e-07   9.183700e+01 
6.087498e-01   3.530269e-02   2.324501e-06   5.277810e-08   2.796556e-08   1.076838e-07   9.202332e+01 
6.085969e-01   3.532398e-02   2.322326e-06   5.040860e-08   2.790970e-08   1.052718e-07   9.220975e+01 
6.084443e-01   3.534513e-02   2.320336e-06   4.808572e-08   2.785595e-08   1.028579e-07   9.239630e+01 
6.082909e-01   3.536617e-02   2.318522e-06   4.580875e-08   2.780376e-08   1.004463e-07   9.258297e+01 
6.081378e-01   3.538706e-02   2.316828e-06   4.357988e-08   2.775367e-08   9.803274e-08   9.276976e+01 
6.079837e-01   3.540784e-02   2.315115e-06   4.140270e-08   2.770507e-08   9.561453e-08   9.295667e+01 
6.078299e-01   3.542845e-02   2.313288e-06   3.928134e-08   2.765854e-08   9.319164e-08   9.314370e+01 
6.076749e-01   3.544896e-02   2.311315e-06   3.721913e-08   2.761338e-08   9.076291e-08   9.333085e+01 
6.075204e-01   3.546929e-02   2.309255e-06   3.521771e-08   2.757024e-08   8.832984e-08   9.351812e+01 
6.073647e-01   3.548952e-02   2.307219e-06   3.327755e-08   2.752833e-08   8.589727e-08   9.370551e+01 
6.072096e-01   3.550958e-02   2.305297e-06   3.139772e-08   2.748840e-08   8.346613e-08   9.389302e+01 
6.070533e-01   3.552954e-02   2.303523e-06   2.957670e-08   2.744958e-08   8.103671e-08   9.408064e+01 
6.068978e-01   3.554933e-02   2.301889e-06   2.781249e-08   2.741276e-08   7.860697e-08   9.426839e+01 
6.067409e-01   3.556902e-02   2.300363e-06   2.610324e-08   2.737697e-08   7.617748e-08   9.445626e+01 
6.065848e-01   3.558853e-02   2.298893e-06   2.444801e-08   2.734320e-08   7.374597e-08   9.464424e+01 
6.064271e-01   3.560793e-02   2.297443e-06   2.284619e-08   2.731038e-08   7.131227e-08   9.483234e+01 
6.062705e-01   3.562715e-02   2.296025e-06   2.129799e-08   2.727961e-08   6.887674e-08   9.502057e+01 
6.061121e-01   3.564628e-02   2.294624e-06   1.980378e-08   2.724967e-08   6.643940e-08   9.520891e+01 
6.059549e-01   3.566521e-02   2.293269e-06   1.836398e-08   2.722179e-08   6.399909e-08   9.539737e+01 
6.057958e-01   3.568404e-02   2.291985e-06   1.697884e-08   2.719462e-08   6.155736e-08   9.558596e+01 
6.056381e-01   3.570267e-02   2.290754e-06   1.564861e-08   2.716953e-08   5.911316e-08   9.577466e+01 
6.054782e-01   3.572121e-02   2.289572e-06   1.437347e-08   2.714503e-08   5.666748e-08   9.596348e+01 
6.053200e-01   3.573954e-02   2.288449e-06   1.315335e-08   2.712265e-08   5.422121e-08   9.615242e+01 
6.051593e-01   3.575778e-02   2.287377e-06   1.198784e-08   2.710074e-08   5.177310e-08   9.634148e+01 
6.050007e-01   3.577581e-02   2.286356e-06   1.087681e-08   2.708099e-08   4.932455e-08   9.653065e+01 
6.048391e-01   3.579375e-02   2.285373e-06   9.819958e-09   2.706159e-08   4.687423e-08   9.671995e+01 
6.046801e-01   3.581147e-02   2.284482e-06   8.818132e-09   2.704437e-08   4.442302e-08   9.690937e+01 
6.045177e-01   3.582911e-02   2.283610e-06   7.874283e-09   2.702739e-08   4.196538e-08   9.709891e+01 
6.043583e-01   3.584651e-02   2.282835e-06   6.999377e-09   2.701265e-08   3.949688e-08   9.728856e+01 
6.041949e-01   3.586384e-02   2.282112e-06   6.225554e-09   2.699808e-08   3.700461e-08   9.747834e+01 
6.040352e-01   3.588092e-02   2.281487e-06   5.609620e-09   2.698579e-08   3.445190e-08   9.766823e+01 
6.038708e-01   3.589793e-02   2.280853e-06   5.201105e-09   2.697357e-08   3.185096e-08   9.785825e+01 
6.037109e-01   3.591468e-02   2.280223e-06   4.860363e-09   2.696364e-08   2.925932e-08   9.804838e+01 
6.035454e-01   3.593137e-02   2.279904e-06   4.126809e-09   2.695373e-08   2.682326e-08   9.823863e+01 
6.033854e-01   3.594778e-02   2.279733e-06   2.867315e-09   2.694609e-08   2.454374e-08   9.842900e+01 
6.032187e-01   3.596413e-02   2.279417e-06   2.511737e-09   2.693855e-08   2.200742e-08   9.861950e+01 
6.030587e-01   3.598020e-02   2.278332e-06   3.112964e-09   2.693309e-08   1.950581e-08   9.881011e+01 
6.028908e-01   3.599621e-02   2.278371e-06   1.519014e-09   2.692781e-08   1.716239e-08   9.900084e+01 
6.027309e-01   3.601192e-02   2.277933e-06   1.271925e-09   2.692473e-08   1.493857e-08   9.919169e+01 
6.025616e-01   3.602756e-02   2.278260e-06   9.655697e-10   2.692182e-08   1.266278e-08   9.938266e+01 
6.024016e-01   3.604290e-02   2.277572e-06   1.617246e-09   2.692034e-08   1.064153e-08   9.957374e+01 
6.022333e-01   3.605819e-02   2.277393e-06   8.218444e-10   2.692000e-08   7.922042e-09   9.976495e+01 
6.020668e-01   3.607319e-02   2.276990e-06   2.818396e-10   2.692032e-08   5.109573e-09   9.995628e+01 
6.019190e-01   3.608817e-02   2.276830e-06   6.415811e-11   2.692276e-08   2.496017e-09   1.001477e+02 
6.017091e-01   3.610295e-02   2.276813e-06   1.301043e-18   2.692497e-08   5.898060e-17   1.003393e+02 
