% The data presented here were obtained from a direct numerical simulation of a turbulent 
% boundary layer developing under a pressure gradient. All the data shown here are 
% not normalized. Please refer to the references below for rmore detailed information.
 
 
% We compute the boundary layer thickness using the method of Griffin et al. (2021). 
% The pressure-gradient parameters of beta_{ZS} and beta_i are computed as follows. 
% beta_{ZS}=(delta)/(rho U_{ZS}^2)(dp_e/dx) and beta_i = (nu/rho u_tau^3)(d p_w/dx) 
% where $delta$ is the boundary layer thickness, $U_{ZS}$ is the Zagorola-Smits velocity, 
% $p_e$ and $p_w$ are the pressure at the edge of boundary layer and wall, respectively. 
 
  
% Please check this report for rmore detailed information about the data: 
% Gungor, T. R., Gungor, A. G.., Maciel, Y. (2024). Datasets of  
% three non-equilibrium pressure gradient turbulent boundary layers.  
  
  
% Please cite this paper when referencing the data: 
% Gungor, T. R., Gungor, A. G. & Maciel, Y. (2024).  
% Turbulent boundary layer response to uniform changes of the pressure force contribution
% arXiv preprint arXiv:2402.13067 
 
  
% ========================================================================================= 
%  	 	 	************ Position 1 of DNS23 ************ 
% ========================================================================================= 

% 	 Re_tau = 8.564461e+02 
% 	 Re_theta=2.420507e+03 
% 	 utau=4.038887e-02 
% 	 U_e=9.784912e-01 
% 	 theta=7.067752e-01 
% 	 delta_star=9.997257e-01 
% 	 delta=6.058572e+00 
%  	 x_pos=8.566281e+01 
% 	 H=1.414489e+00 
% 	 C_f=3.384617e-03 
% 	 nu=2.857143e-04 
% 	 beta_RC=2.159084e-01 
% 	 beta_i=1.590545e-03 
% 	 beta_ZS=8.367400e-02 
 
% ========================================================================================================== 
% 	 U   	   V   	   u2   	   v2   	   w2   	   uv   	   y        
% ========================================================================================================= 
1.895993e-02   5.940276e-08   6.701241e-05   1.311795e-08   2.969859e-05   -2.176781e-07   3.320224e-03 
4.351668e-02   3.136085e-07   3.497077e-04   3.212264e-07   1.383102e-04   -2.749936e-06   7.619924e-03 
7.354177e-02   9.001930e-07   9.864054e-04   2.154662e-06   3.351902e-04   -1.368703e-05   1.288845e-02 
1.086761e-01   1.985873e-06   2.105361e-03   8.168360e-06   6.072521e-04   -4.413287e-05   1.911534e-02 
1.481167e-01   3.758800e-06   3.742592e-03   2.219508e-05   9.284315e-04   -1.071996e-04   2.629033e-02 
1.904815e-01   6.406721e-06   5.760503e-03   4.836503e-05   1.270492e-03   -2.107115e-04   3.440335e-02 
2.339325e-01   1.007532e-05   7.871420e-03   9.015404e-05   1.612666e-03   -3.513399e-04   4.344451e-02 
2.765457e-01   1.483270e-05   9.766830e-03   1.497883e-04   1.943116e-03   -5.155693e-04   5.340409e-02 
3.167186e-01   2.066300e-05   1.124046e-02   2.280159e-04   2.255813e-03   -6.859304e-04   6.427258e-02 
3.534120e-01   2.745859e-05   1.222532e-02   3.240983e-04   2.546515e-03   -8.474643e-04   7.604062e-02 
3.861700e-01   3.508083e-05   1.275875e-02   4.359581e-04   2.811057e-03   -9.909132e-04   8.869899e-02 
4.149902e-01   4.348685e-05   1.292794e-02   5.604442e-04   3.045701e-03   -1.112626e-03   1.022387e-01 
4.401487e-01   5.266846e-05   1.282951e-02   6.936991e-04   3.248231e-03   -1.212922e-03   1.166508e-01 
4.620526e-01   6.253720e-05   1.254946e-02   8.316318e-04   3.418623e-03   -1.294188e-03   1.319265e-01 
4.811435e-01   7.298680e-05   1.215681e-02   9.703378e-04   3.558705e-03   -1.359490e-03   1.480574e-01 
4.978449e-01   8.395066e-05   1.170354e-02   1.106394e-03   3.671158e-03   -1.411861e-03   1.650351e-01 
5.125371e-01   9.537500e-05   1.122691e-02   1.237079e-03   3.759119e-03   -1.453963e-03   1.828511e-01 
5.255505e-01   1.073080e-04   1.075279e-02   1.360459e-03   3.826005e-03   -1.487904e-03   2.014975e-01 
5.371656e-01   1.199328e-04   1.029817e-02   1.475249e-03   3.875249e-03   -1.515294e-03   2.209661e-01 
5.476197e-01   1.332796e-04   9.872904e-03   1.580677e-03   3.909936e-03   -1.537392e-03   2.412492e-01 
5.571137e-01   1.473412e-04   9.481880e-03   1.676446e-03   3.932295e-03   -1.555164e-03   2.623390e-01 
5.658147e-01   1.622434e-04   9.126944e-03   1.762600e-03   3.943990e-03   -1.569502e-03   2.842279e-01 
5.738578e-01   1.779766e-04   8.808317e-03   1.839485e-03   3.946889e-03   -1.581105e-03   3.069083e-01 
5.813516e-01   1.945418e-04   8.524722e-03   1.907638e-03   3.942640e-03   -1.590529e-03   3.303730e-01 
5.883842e-01   2.116701e-04   8.273036e-03   1.967654e-03   3.932418e-03   -1.598240e-03   3.546147e-01 
5.950293e-01   2.293849e-04   8.049422e-03   2.020149e-03   3.917359e-03   -1.604560e-03   3.796264e-01 
6.013493e-01   2.479335e-04   7.851287e-03   2.065826e-03   3.898517e-03   -1.609731e-03   4.054008e-01 
6.073934e-01   2.671378e-04   7.675995e-03   2.105467e-03   3.876768e-03   -1.613984e-03   4.319312e-01 
6.132010e-01   2.870513e-04   7.520359e-03   2.139851e-03   3.852985e-03   -1.617503e-03   4.592109e-01 
6.188050e-01   3.075256e-04   7.381681e-03   2.169625e-03   3.827712e-03   -1.620422e-03   4.872331e-01 
6.242326e-01   3.286412e-04   7.257726e-03   2.195349e-03   3.801076e-03   -1.622771e-03   5.159912e-01 
6.295064e-01   3.505858e-04   7.145839e-03   2.217463e-03   3.773406e-03   -1.624547e-03   5.454788e-01 
6.346457e-01   3.730354e-04   7.044445e-03   2.236418e-03   3.744943e-03   -1.625695e-03   5.756895e-01 
6.396648e-01   3.959368e-04   6.952790e-03   2.252636e-03   3.716006e-03   -1.626405e-03   6.066170e-01 
6.445734e-01   4.194868e-04   6.869605e-03   2.266480e-03   3.687021e-03   -1.626796e-03   6.382551e-01 
6.493812e-01   4.436751e-04   6.793749e-03   2.278293e-03   3.658491e-03   -1.626908e-03   6.705979e-01 
6.540963e-01   4.684542e-04   6.724212e-03   2.288407e-03   3.630866e-03   -1.626786e-03   7.036392e-01 
6.587276e-01   4.937436e-04   6.659532e-03   2.297052e-03   3.604281e-03   -1.626377e-03   7.373731e-01 
6.632850e-01   5.199839e-04   6.598603e-03   2.304435e-03   3.578999e-03   -1.625631e-03   7.717940e-01 
6.677757e-01   5.473082e-04   6.540683e-03   2.310658e-03   3.555028e-03   -1.624549e-03   8.068960e-01 
6.722054e-01   5.750104e-04   6.485554e-03   2.315661e-03   3.531964e-03   -1.623143e-03   8.426735e-01 
6.765793e-01   6.026556e-04   6.432790e-03   2.319438e-03   3.509452e-03   -1.621489e-03   8.791210e-01 
6.809031e-01   6.309107e-04   6.381966e-03   2.322171e-03   3.487533e-03   -1.619484e-03   9.162329e-01 
6.851827e-01   6.603686e-04   6.332674e-03   2.324008e-03   3.466501e-03   -1.617180e-03   9.540039e-01 
6.894225e-01   6.906557e-04   6.284531e-03   2.324956e-03   3.446192e-03   -1.614556e-03   9.924286e-01 
6.936256e-01   7.215887e-04   6.236995e-03   2.324997e-03   3.426751e-03   -1.611597e-03   1.031502e+00 
6.977941e-01   7.528950e-04   6.189698e-03   2.324227e-03   3.408077e-03   -1.608340e-03   1.071218e+00 
7.019298e-01   7.844713e-04   6.142170e-03   2.322730e-03   3.390159e-03   -1.604770e-03   1.111573e+00 
7.060378e-01   8.168276e-04   6.094255e-03   2.320594e-03   3.372677e-03   -1.600839e-03   1.152561e+00 
7.101231e-01   8.501090e-04   6.046013e-03   2.317867e-03   3.355479e-03   -1.596524e-03   1.194178e+00 
7.141877e-01   8.843360e-04   5.997731e-03   2.314621e-03   3.338529e-03   -1.591659e-03   1.236418e+00 
7.182345e-01   9.195620e-04   5.949723e-03   2.310850e-03   3.321714e-03   -1.586371e-03   1.279276e+00 
7.222633e-01   9.553245e-04   5.902270e-03   2.306426e-03   3.304960e-03   -1.580950e-03   1.322748e+00 
7.262731e-01   9.912720e-04   5.854881e-03   2.301283e-03   3.287799e-03   -1.575312e-03   1.366830e+00 
7.302660e-01   1.028047e-03   5.806816e-03   2.295423e-03   3.270163e-03   -1.569197e-03   1.411516e+00 
7.342426e-01   1.065944e-03   5.758860e-03   2.288788e-03   3.252260e-03   -1.562623e-03   1.456801e+00 
7.382022e-01   1.104607e-03   5.711766e-03   2.281432e-03   3.233982e-03   -1.555650e-03   1.502683e+00 
7.421489e-01   1.143965e-03   5.664810e-03   2.273462e-03   3.215375e-03   -1.548198e-03   1.549156e+00 
7.460876e-01   1.184119e-03   5.616787e-03   2.264951e-03   3.196455e-03   -1.540353e-03   1.596215e+00 
7.500199e-01   1.225055e-03   5.567321e-03   2.255923e-03   3.177601e-03   -1.532137e-03   1.643857e+00 
7.539444e-01   1.266805e-03   5.517623e-03   2.246214e-03   3.159524e-03   -1.523653e-03   1.692076e+00 
7.578605e-01   1.308812e-03   5.467775e-03   2.235735e-03   3.141638e-03   -1.514957e-03   1.740870e+00 
7.617733e-01   1.351494e-03   5.417217e-03   2.224309e-03   3.123176e-03   -1.505850e-03   1.790234e+00 
7.656825e-01   1.395277e-03   5.366263e-03   2.212064e-03   3.104189e-03   -1.496210e-03   1.840163e+00 
7.695866e-01   1.440186e-03   5.314735e-03   2.199282e-03   3.084394e-03   -1.486051e-03   1.890654e+00 
7.734881e-01   1.485922e-03   5.262482e-03   2.185961e-03   3.063425e-03   -1.475451e-03   1.941702e+00 
7.773867e-01   1.532680e-03   5.209399e-03   2.171946e-03   3.041764e-03   -1.464252e-03   1.993305e+00 
7.812785e-01   1.580574e-03   5.155988e-03   2.157122e-03   3.019694e-03   -1.452558e-03   2.045457e+00 
7.851616e-01   1.629476e-03   5.102155e-03   2.141534e-03   2.996928e-03   -1.440384e-03   2.098155e+00 
7.890395e-01   1.678975e-03   5.047091e-03   2.125170e-03   2.973486e-03   -1.427677e-03   2.151396e+00 
7.929118e-01   1.729004e-03   4.990227e-03   2.108041e-03   2.949045e-03   -1.414513e-03   2.205175e+00 
7.967801e-01   1.780025e-03   4.931984e-03   2.090152e-03   2.923464e-03   -1.400907e-03   2.259489e+00 
8.006467e-01   1.831812e-03   4.873177e-03   2.071436e-03   2.895996e-03   -1.386999e-03   2.314335e+00 
8.045065e-01   1.884124e-03   4.814647e-03   2.051851e-03   2.866614e-03   -1.372906e-03   2.369707e+00 
8.083531e-01   1.936531e-03   4.756535e-03   2.031404e-03   2.836133e-03   -1.358700e-03   2.425604e+00 
8.121894e-01   1.989310e-03   4.697770e-03   2.010268e-03   2.804978e-03   -1.344160e-03   2.482022e+00 
8.160185e-01   2.043126e-03   4.637763e-03   1.988531e-03   2.772596e-03   -1.329181e-03   2.538956e+00 
8.198375e-01   2.097949e-03   4.576234e-03   1.966194e-03   2.738434e-03   -1.313637e-03   2.596404e+00 
8.236461e-01   2.153315e-03   4.513750e-03   1.943193e-03   2.702857e-03   -1.297642e-03   2.654363e+00 
8.274439e-01   2.209236e-03   4.451049e-03   1.919524e-03   2.666057e-03   -1.281254e-03   2.712828e+00 
8.312322e-01   2.266081e-03   4.387308e-03   1.895230e-03   2.628338e-03   -1.264436e-03   2.771797e+00 
8.350160e-01   2.324087e-03   4.322093e-03   1.870282e-03   2.589678e-03   -1.247120e-03   2.831267e+00 
8.387957e-01   2.382852e-03   4.255281e-03   1.844656e-03   2.550165e-03   -1.229343e-03   2.891233e+00 
8.425670e-01   2.442546e-03   4.187127e-03   1.818212e-03   2.509836e-03   -1.211133e-03   2.951694e+00 
8.463281e-01   2.503004e-03   4.118132e-03   1.790927e-03   2.468796e-03   -1.192588e-03   3.012645e+00 
8.500820e-01   2.563492e-03   4.048325e-03   1.762927e-03   2.426790e-03   -1.173588e-03   3.074084e+00 
8.538339e-01   2.624547e-03   3.977724e-03   1.734265e-03   2.382929e-03   -1.153921e-03   3.136008e+00 
8.575835e-01   2.686832e-03   3.906430e-03   1.704915e-03   2.336810e-03   -1.133709e-03   3.198414e+00 
8.613297e-01   2.750154e-03   3.833827e-03   1.674894e-03   2.289155e-03   -1.113015e-03   3.261298e+00 
8.650695e-01   2.814260e-03   3.759848e-03   1.644218e-03   2.240417e-03   -1.091826e-03   3.324657e+00 
8.688003e-01   2.878841e-03   3.684754e-03   1.613079e-03   2.190554e-03   -1.070248e-03   3.388490e+00 
8.725248e-01   2.943736e-03   3.608284e-03   1.581595e-03   2.139386e-03   -1.048238e-03   3.452792e+00 
8.762417e-01   3.009645e-03   3.530455e-03   1.549639e-03   2.086919e-03   -1.025679e-03   3.517561e+00 
8.799460e-01   3.076612e-03   3.451223e-03   1.517034e-03   2.033297e-03   -1.002517e-03   3.582794e+00 
8.836342e-01   3.144616e-03   3.371249e-03   1.483817e-03   1.978800e-03   -9.787535e-04   3.648489e+00 
8.873051e-01   3.213242e-03   3.290512e-03   1.449970e-03   1.923330e-03   -9.545779e-04   3.714642e+00 
8.909540e-01   3.282542e-03   3.208490e-03   1.415542e-03   1.867090e-03   -9.299386e-04   3.781251e+00 
8.945832e-01   3.352760e-03   3.125120e-03   1.380542e-03   1.809963e-03   -9.046868e-04   3.848313e+00 
8.981963e-01   3.423125e-03   3.040282e-03   1.345124e-03   1.751637e-03   -8.790389e-04   3.915826e+00 
9.017922e-01   3.494315e-03   2.953821e-03   1.309306e-03   1.692259e-03   -8.529764e-04   3.983786e+00 
9.053715e-01   3.566904e-03   2.865936e-03   1.273072e-03   1.632250e-03   -8.264010e-04   4.052192e+00 
9.089290e-01   3.640256e-03   2.776459e-03   1.236624e-03   1.571848e-03   -7.991837e-04   4.121039e+00 
9.124580e-01   3.713921e-03   2.685110e-03   1.199972e-03   1.511073e-03   -7.713927e-04   4.190328e+00 
9.159565e-01   3.787917e-03   2.591790e-03   1.163001e-03   1.450038e-03   -7.432225e-04   4.260053e+00 
9.194253e-01   3.862632e-03   2.496745e-03   1.125677e-03   1.388854e-03   -7.146839e-04   4.330214e+00 
9.228582e-01   3.937695e-03   2.400415e-03   1.088030e-03   1.327423e-03   -6.858562e-04   4.400807e+00 
9.262483e-01   4.012990e-03   2.302523e-03   1.050181e-03   1.265601e-03   -6.566983e-04   4.471830e+00 
9.295899e-01   4.089101e-03   2.203376e-03   1.012233e-03   1.203793e-03   -6.273058e-04   4.543280e+00 
9.328801e-01   4.165190e-03   2.103244e-03   9.743100e-04   1.142769e-03   -5.979223e-04   4.615156e+00 
9.361143e-01   4.241322e-03   2.002401e-03   9.364876e-04   1.082457e-03   -5.686252e-04   4.687455e+00 
9.392833e-01   4.316706e-03   1.901407e-03   8.988453e-04   1.022788e-03   -5.395265e-04   4.760174e+00 
9.423850e-01   4.391669e-03   1.800397e-03   8.614211e-04   9.640558e-04   -5.105689e-04   4.833312e+00 
9.454156e-01   4.466650e-03   1.699293e-03   8.242462e-04   9.063093e-04   -4.817255e-04   4.906865e+00 
9.483677e-01   4.541198e-03   1.598413e-03   7.873200e-04   8.499722e-04   -4.530974e-04   4.980832e+00 
9.512366e-01   4.615361e-03   1.497499e-03   7.507224e-04   7.952156e-04   -4.247118e-04   5.055210e+00 
9.540135e-01   4.688519e-03   1.397289e-03   7.146215e-04   7.416609e-04   -3.967169e-04   5.129997e+00 
9.566939e-01   4.760937e-03   1.298312e-03   6.790307e-04   6.896022e-04   -3.692376e-04   5.205191e+00 
9.592746e-01   4.832663e-03   1.200710e-03   6.439425e-04   6.394120e-04   -3.423670e-04   5.280790e+00 
9.617473e-01   4.902926e-03   1.105305e-03   6.094010e-04   5.909978e-04   -3.162100e-04   5.356792e+00 
9.641072e-01   4.971869e-03   1.012727e-03   5.754170e-04   5.444212e-04   -2.908359e-04   5.433193e+00 
9.663481e-01   5.039239e-03   9.235784e-04   5.420060e-04   4.998195e-04   -2.663989e-04   5.509994e+00 
9.684645e-01   5.105340e-03   8.378870e-04   5.092683e-04   4.573544e-04   -2.429745e-04   5.587190e+00 
9.704579e-01   5.170247e-03   7.558215e-04   4.773273e-04   4.170838e-04   -2.204420e-04   5.664780e+00 
9.723263e-01   5.233214e-03   6.782225e-04   4.461978e-04   3.789556e-04   -1.989375e-04   5.742763e+00 
9.740643e-01   5.294121e-03   6.057365e-04   4.159146e-04   3.430694e-04   -1.786672e-04   5.821135e+00 
9.756711e-01   5.353071e-03   5.385751e-04   3.865660e-04   3.094281e-04   -1.596743e-04   5.899895e+00 
9.771467e-01   5.410116e-03   4.767071e-04   3.582471e-04   2.779735e-04   -1.419262e-04   5.979042e+00 
9.784912e-01   5.465196e-03   4.203536e-04   3.310601e-04   2.487094e-04   -1.255124e-04   6.058572e+00 
9.797110e-01   5.518466e-03   3.692151e-04   3.050911e-04   2.216855e-04   -1.103326e-04   6.138485e+00 
9.808123e-01   5.569820e-03   3.228181e-04   2.804378e-04   1.969492e-04   -9.635043e-05   6.218778e+00 
9.817975e-01   5.619217e-03   2.810689e-04   2.570803e-04   1.743687e-04   -8.367193e-05   6.299449e+00 
9.826715e-01   5.666820e-03   2.439183e-04   2.350674e-04   1.538695e-04   -7.226162e-05   6.380496e+00 
9.834405e-01   5.712504e-03   2.113590e-04   2.144041e-04   1.353319e-04   -6.207164e-05   6.461918e+00 
9.841124e-01   5.756426e-03   1.831013e-04   1.950639e-04   1.186805e-04   -5.306099e-05   6.543712e+00 
9.846966e-01   5.798894e-03   1.585053e-04   1.770276e-04   1.038016e-04   -4.508858e-05   6.625877e+00 
9.852006e-01   5.840004e-03   1.371933e-04   1.603024e-04   9.054907e-05   -3.806780e-05   6.708411e+00 
9.856318e-01   5.879721e-03   1.188154e-04   1.448515e-04   7.874582e-05   -3.193898e-05   6.791312e+00 
9.859991e-01   5.918337e-03   1.029116e-04   1.306263e-04   6.833358e-05   -2.659391e-05   6.874579e+00 
9.863106e-01   5.956041e-03   8.922854e-05   1.175700e-04   5.921853e-05   -2.198663e-05   6.958208e+00 
9.865721e-01   5.992874e-03   7.763133e-05   1.056266e-04   5.119357e-05   -1.804151e-05   7.042200e+00 
9.867893e-01   6.028874e-03   6.787776e-05   9.474147e-05   4.419417e-05   -1.467920e-05   7.126552e+00 
9.869677e-01   6.064082e-03   5.959380e-05   8.485956e-05   3.809498e-05   -1.189001e-05   7.211262e+00 
9.871120e-01   6.098665e-03   5.254333e-05   7.592675e-05   3.280491e-05   -9.622988e-06   7.296328e+00 
9.872274e-01   6.132768e-03   4.654399e-05   6.789983e-05   2.829718e-05   -7.780046e-06   7.381750e+00 
9.873192e-01   6.166530e-03   4.141554e-05   6.072558e-05   2.445077e-05   -6.253824e-06   7.467524e+00 
9.873920e-01   6.200003e-03   3.703983e-05   5.433461e-05   2.117360e-05   -5.005339e-06   7.553650e+00 
9.874493e-01   6.233264e-03   3.325228e-05   4.865901e-05   1.838563e-05   -3.996633e-06   7.640126e+00 
9.874943e-01   6.266391e-03   2.994169e-05   4.362855e-05   1.600566e-05   -3.184637e-06   7.726950e+00 
9.875292e-01   6.299420e-03   2.703087e-05   3.917443e-05   1.396599e-05   -2.538250e-06   7.814121e+00 
9.875560e-01   6.332356e-03   2.445251e-05   3.523372e-05   1.222964e-05   -2.026211e-06   7.901637e+00 
9.875766e-01   6.365252e-03   2.217799e-05   3.175459e-05   1.075264e-05   -1.616405e-06   7.989497e+00 
9.875927e-01   6.398172e-03   2.018160e-05   2.868114e-05   9.496803e-06   -1.283806e-06   8.077698e+00 
9.876049e-01   6.431104e-03   1.842543e-05   2.595760e-05   8.426710e-06   -1.026733e-06   8.166239e+00 
9.876138e-01   6.464065e-03   1.685580e-05   2.354140e-05   7.496333e-06   -8.317454e-07   8.255120e+00 
9.876203e-01   6.497099e-03   1.543187e-05   2.140180e-05   6.688945e-06   -6.751425e-07   8.344337e+00 
9.876251e-01   6.530212e-03   1.415512e-05   1.950514e-05   5.991772e-06   -5.525100e-07   8.433891e+00 
9.876287e-01   6.563413e-03   1.301514e-05   1.781865e-05   5.393156e-06   -4.552369e-07   8.523778e+00 
9.876314e-01   6.596698e-03   1.199593e-05   1.631276e-05   4.873676e-06   -3.811543e-07   8.613998e+00 
9.876335e-01   6.630073e-03   1.107651e-05   1.496576e-05   4.419747e-06   -3.246765e-07   8.704549e+00 
9.876352e-01   6.663555e-03   1.024559e-05   1.375530e-05   4.023640e-06   -2.771982e-07   8.795430e+00 
9.876367e-01   6.697143e-03   9.495252e-06   1.266609e-05   3.672149e-06   -2.370853e-07   8.886640e+00 
9.876379e-01   6.730841e-03   8.815214e-06   1.168409e-05   3.360657e-06   -2.053813e-07   8.978176e+00 
9.876390e-01   6.764648e-03   8.194220e-06   1.079467e-05   3.085568e-06   -1.798897e-07   9.070038e+00 
9.876401e-01   6.798566e-03   7.628689e-06   9.988689e-06   2.838447e-06   -1.579621e-07   9.162223e+00 
9.876413e-01   6.832591e-03   7.113021e-06   9.258637e-06   2.617350e-06   -1.411531e-07   9.254732e+00 
9.876425e-01   6.866726e-03   6.639312e-06   8.596833e-06   2.418255e-06   -1.279989e-07   9.347561e+00 
9.876440e-01   6.900976e-03   6.204705e-06   7.996046e-06   2.237331e-06   -1.158933e-07   9.440710e+00 
9.876457e-01   6.935337e-03   5.805221e-06   7.448697e-06   2.074117e-06   -1.055712e-07   9.534178e+00 
9.876477e-01   6.969814e-03   5.437721e-06   6.948392e-06   1.926774e-06   -9.626968e-08   9.627963e+00 
9.876499e-01   7.004401e-03   5.100078e-06   6.489909e-06   1.792763e-06   -8.752781e-08   9.722064e+00 
9.876523e-01   7.039102e-03   4.789351e-06   6.069230e-06   1.670605e-06   -7.992824e-08   9.816478e+00 
9.876548e-01   7.073914e-03   4.502524e-06   5.682421e-06   1.558872e-06   -7.343384e-08   9.911206e+00 
9.876575e-01   7.108837e-03   4.236203e-06   5.325878e-06   1.456557e-06   -6.718304e-08   1.000625e+01 
9.876602e-01   7.143869e-03   3.988384e-06   4.996709e-06   1.362534e-06   -6.141491e-08   1.010160e+01 
9.876628e-01   7.179011e-03   3.758488e-06   4.692551e-06   1.275676e-06   -5.613690e-08   1.019726e+01 
9.876654e-01   7.214260e-03   3.545395e-06   4.411058e-06   1.195841e-06   -5.080242e-08   1.029322e+01 
9.876678e-01   7.249618e-03   3.347257e-06   4.150033e-06   1.122365e-06   -4.570725e-08   1.038950e+01 
9.876700e-01   7.285081e-03   3.162623e-06   3.907581e-06   1.054515e-06   -4.119138e-08   1.048608e+01 
9.876721e-01   7.320648e-03   2.990225e-06   3.682038e-06   9.917174e-07   -3.717186e-08   1.058296e+01 
9.876740e-01   7.356321e-03   2.829066e-06   3.471940e-06   9.334860e-07   -3.350975e-08   1.068015e+01 
9.876759e-01   7.392098e-03   2.678285e-06   3.275978e-06   8.794126e-07   -3.016929e-08   1.077763e+01 
9.876776e-01   7.427981e-03   2.537078e-06   3.092994e-06   8.291332e-07   -2.713179e-08   1.087542e+01 
9.876792e-01   7.463965e-03   2.404724e-06   2.921963e-06   7.823249e-07   -2.436493e-08   1.097351e+01 
9.876808e-01   7.500054e-03   2.280558e-06   2.761958e-06   7.386998e-07   -2.183829e-08   1.107190e+01 
9.876823e-01   7.536246e-03   2.163970e-06   2.612144e-06   6.980009e-07   -1.952276e-08   1.117058e+01 
9.876838e-01   7.572540e-03   2.054403e-06   2.471758e-06   6.599956e-07   -1.739849e-08   1.126955e+01 
9.876853e-01   7.608937e-03   1.951352e-06   2.340106e-06   6.244737e-07   -1.545152e-08   1.136883e+01 
9.876868e-01   7.645435e-03   1.854361e-06   2.216557e-06   5.912449e-07   -1.366928e-08   1.146839e+01 
9.876884e-01   7.682036e-03   1.763017e-06   2.100529e-06   5.601357e-07   -1.203678e-08   1.156825e+01 
9.876900e-01   7.718738e-03   1.676946e-06   1.991497e-06   5.309882e-07   -1.054305e-08   1.166840e+01 
9.876918e-01   7.755540e-03   1.595801e-06   1.888968e-06   5.036580e-07   -9.173807e-09   1.176884e+01 
9.876937e-01   7.792443e-03   1.519266e-06   1.792497e-06   4.780131e-07   -7.915524e-09   1.186957e+01 
9.876957e-01   7.829447e-03   1.447049e-06   1.701671e-06   4.539333e-07   -6.757869e-09   1.197058e+01 
9.876979e-01   7.866551e-03   1.378873e-06   1.616107e-06   4.313072e-07   -5.692218e-09   1.207188e+01 
9.877002e-01   7.903752e-03   1.314485e-06   1.535457e-06   4.100338e-07   -4.710256e-09   1.217347e+01 
9.877027e-01   7.941056e-03   1.253640e-06   1.459399e-06   3.900192e-07   -3.807760e-09   1.227534e+01 
9.877053e-01   7.978457e-03   1.196110e-06   1.387630e-06   3.711773e-07   -2.980897e-09   1.237750e+01 
9.877081e-01   8.015955e-03   1.141681e-06   1.319875e-06   3.534289e-07   -2.226751e-09   1.247993e+01 
9.877110e-01   8.053552e-03   1.090150e-06   1.255875e-06   3.367004e-07   -1.543832e-09   1.258265e+01 
9.877142e-01   8.091246e-03   1.041333e-06   1.195397e-06   3.209245e-07   -9.272329e-10   1.268565e+01 
9.877176e-01   8.129037e-03   9.950645e-07   1.138218e-06   3.060385e-07   -3.712857e-10   1.278892e+01 
9.877212e-01   8.166925e-03   9.511960e-07   1.084134e-06   2.919846e-07   1.308745e-10   1.289248e+01 
9.877251e-01   8.204910e-03   9.095995e-07   1.032953e-06   2.787089e-07   5.884921e-10   1.299631e+01 
9.877293e-01   8.242990e-03   8.701594e-07   9.845000e-07   2.661622e-07   1.013576e-09   1.310042e+01 
9.877336e-01   8.281167e-03   8.327710e-07   9.386075e-07   2.542985e-07   1.413974e-09   1.320480e+01 
9.877381e-01   8.319438e-03   7.973329e-07   8.951236e-07   2.430750e-07   1.800163e-09   1.330946e+01 
9.877427e-01   8.357802e-03   7.637394e-07   8.539024e-07   2.324525e-07   2.175281e-09   1.341438e+01 
9.877472e-01   8.396258e-03   7.318810e-07   8.148099e-07   2.223941e-07   2.542471e-09   1.351959e+01 
9.877516e-01   8.434804e-03   7.016426e-07   7.777207e-07   2.128657e-07   2.895674e-09   1.362506e+01 
9.877557e-01   8.473441e-03   6.729042e-07   7.425188e-07   2.038352e-07   3.227820e-09   1.373080e+01 
9.877597e-01   8.512166e-03   6.455515e-07   7.090936e-07   1.952728e-07   3.530758e-09   1.383681e+01 
9.877635e-01   8.550980e-03   6.194782e-07   6.773462e-07   1.871509e-07   3.795965e-09   1.394309e+01 
9.877671e-01   8.589881e-03   5.945883e-07   6.471814e-07   1.794432e-07   4.016263e-09   1.404963e+01 
9.877707e-01   8.628872e-03   5.707941e-07   6.185109e-07   1.721253e-07   4.186512e-09   1.415644e+01 
9.877745e-01   8.667953e-03   5.480216e-07   5.912523e-07   1.651742e-07   4.301071e-09   1.426352e+01 
9.877788e-01   8.707126e-03   5.262133e-07   5.653279e-07   1.585685e-07   4.360652e-09   1.437086e+01 
9.877838e-01   8.746392e-03   5.053255e-07   5.406667e-07   1.522880e-07   4.372020e-09   1.447846e+01 
9.877897e-01   8.785755e-03   4.853392e-07   5.172005e-07   1.463141e-07   4.350349e-09   1.458633e+01 
9.877967e-01   8.825212e-03   4.662567e-07   4.948638e-07   1.406295e-07   4.316114e-09   1.469445e+01 
9.878046e-01   8.864767e-03   4.480777e-07   4.735981e-07   1.352182e-07   4.288879e-09   1.480284e+01 
9.878134e-01   8.904416e-03   4.307919e-07   4.533439e-07   1.300652e-07   4.282769e-09   1.491149e+01 
9.878228e-01   8.944157e-03   4.143740e-07   4.340465e-07   1.251566e-07   4.303291e-09   1.502039e+01 
9.878325e-01   8.983987e-03   3.987764e-07   4.156556e-07   1.204795e-07   4.349486e-09   1.512956e+01 
9.878422e-01   9.023904e-03   3.839394e-07   3.981211e-07   1.160216e-07   4.413003e-09   1.523898e+01 
9.878519e-01   9.063903e-03   3.697976e-07   3.813987e-07   1.117713e-07   4.483336e-09   1.534865e+01 
9.878613e-01   9.103986e-03   3.562895e-07   3.654451e-07   1.077176e-07   4.552141e-09   1.545858e+01 
9.878704e-01   9.144149e-03   3.433660e-07   3.502208e-07   1.038503e-07   4.613001e-09   1.556877e+01 
9.878793e-01   9.184394e-03   3.309857e-07   3.356887e-07   1.001594e-07   4.661759e-09   1.567921e+01 
9.878879e-01   9.224719e-03   3.191206e-07   3.218144e-07   9.663572e-08   4.697461e-09   1.578990e+01 
9.878963e-01   9.265125e-03   3.077464e-07   3.085639e-07   9.327045e-08   4.720035e-09   1.590084e+01 
9.879046e-01   9.305610e-03   2.968408e-07   2.959068e-07   9.005558e-08   4.731026e-09   1.601203e+01 
9.879128e-01   9.346178e-03   2.863826e-07   2.838130e-07   8.698331e-08   4.732806e-09   1.612348e+01 
9.879209e-01   9.386825e-03   2.763502e-07   2.722556e-07   8.404634e-08   4.726828e-09   1.623517e+01 
9.879289e-01   9.427553e-03   2.667225e-07   2.612082e-07   8.123793e-08   4.714889e-09   1.634711e+01 
9.879369e-01   9.468361e-03   2.574819e-07   2.506460e-07   7.855156e-08   4.697159e-09   1.645930e+01 
9.879449e-01   9.509249e-03   2.486109e-07   2.405457e-07   7.598124e-08   4.676345e-09   1.657173e+01 
9.879529e-01   9.550216e-03   2.400924e-07   2.308858e-07   7.352116e-08   4.650559e-09   1.668441e+01 
9.879608e-01   9.591263e-03   2.319110e-07   2.216439e-07   7.116597e-08   4.621617e-09   1.679734e+01 
9.879687e-01   9.632389e-03   2.240505e-07   2.128017e-07   6.891051e-08   4.589468e-09   1.691051e+01 
9.879767e-01   9.673593e-03   2.164966e-07   2.043390e-07   6.674995e-08   4.554602e-09   1.702392e+01 
9.879846e-01   9.714875e-03   2.092351e-07   1.962389e-07   6.467983e-08   4.517440e-09   1.713757e+01 
9.879926e-01   9.756233e-03   2.022532e-07   1.884837e-07   6.269577e-08   4.477772e-09   1.725147e+01 
9.880005e-01   9.797671e-03   1.955375e-07   1.810582e-07   6.079367e-08   4.436364e-09   1.736561e+01 
9.880085e-01   9.839185e-03   1.890769e-07   1.739471e-07   5.896975e-08   4.393202e-09   1.747999e+01 
9.880165e-01   9.880777e-03   1.828594e-07   1.671358e-07   5.722026e-08   4.347651e-09   1.759461e+01 
9.880246e-01   9.922445e-03   1.768738e-07   1.606116e-07   5.554184e-08   4.300782e-09   1.770946e+01 
9.880326e-01   9.964189e-03   1.711104e-07   1.543608e-07   5.393117e-08   4.252402e-09   1.782456e+01 
9.880407e-01   1.000601e-02   1.655593e-07   1.483715e-07   5.238518e-08   4.202819e-09   1.793989e+01 
9.880489e-01   1.004790e-02   1.602106e-07   1.426313e-07   5.090088e-08   4.151976e-09   1.805546e+01 
9.880570e-01   1.008987e-02   1.550555e-07   1.371296e-07   4.947555e-08   4.100743e-09   1.817126e+01 
9.880652e-01   1.013192e-02   1.500861e-07   1.318556e-07   4.810648e-08   4.048865e-09   1.828730e+01 
9.880734e-01   1.017404e-02   1.452939e-07   1.267989e-07   4.679123e-08   3.996369e-09   1.840357e+01 
9.880817e-01   1.021623e-02   1.406710e-07   1.219508e-07   4.552737e-08   3.943821e-09   1.852008e+01 
9.880900e-01   1.025850e-02   1.362110e-07   1.173024e-07   4.431269e-08   3.891618e-09   1.863682e+01 
9.880984e-01   1.030084e-02   1.319068e-07   1.128453e-07   4.314501e-08   3.838360e-09   1.875379e+01 
9.881068e-01   1.034325e-02   1.277531e-07   1.085722e-07   4.202232e-08   3.784798e-09   1.887100e+01 
9.881152e-01   1.038573e-02   1.237444e-07   1.044762e-07   4.094272e-08   3.730047e-09   1.898843e+01 
9.881237e-01   1.042829e-02   1.198746e-07   1.005502e-07   3.990431e-08   3.673624e-09   1.910610e+01 
9.881322e-01   1.047092e-02   1.161376e-07   9.678783e-08   3.890542e-08   3.614708e-09   1.922399e+01 
9.881408e-01   1.051362e-02   1.125259e-07   9.318307e-08   3.794437e-08   3.552626e-09   1.934211e+01 
9.881494e-01   1.055639e-02   1.090309e-07   8.972886e-08   3.701962e-08   3.486393e-09   1.946046e+01 
9.881581e-01   1.059923e-02   1.056443e-07   8.641977e-08   3.612967e-08   3.416556e-09   1.957903e+01 
9.881668e-01   1.064215e-02   1.023601e-07   8.324776e-08   3.527308e-08   3.343704e-09   1.969784e+01 
9.881756e-01   1.068513e-02   9.917154e-08   8.020583e-08   3.444851e-08   3.269255e-09   1.981687e+01 
9.881845e-01   1.072818e-02   9.607347e-08   7.728460e-08   3.365463e-08   3.196481e-09   1.993612e+01 
9.881933e-01   1.077130e-02   9.306627e-08   7.447443e-08   3.289052e-08   3.129725e-09   2.005560e+01 
9.882022e-01   1.081449e-02   9.016669e-08   7.176612e-08   3.215585e-08   3.072444e-09   2.017530e+01 
9.882112e-01   1.085775e-02   8.741433e-08   6.915206e-08   3.145039e-08   3.024219e-09   2.029523e+01 
9.882201e-01   1.090108e-02   8.485548e-08   6.662729e-08   3.077256e-08   2.981859e-09   2.041537e+01 
9.882291e-01   1.094447e-02   8.249884e-08   6.419234e-08   3.011826e-08   2.942529e-09   2.053574e+01 
9.882382e-01   1.098793e-02   8.027795e-08   6.185076e-08   2.948350e-08   2.908918e-09   2.065633e+01 
9.882473e-01   1.103146e-02   7.808360e-08   5.960790e-08   2.886891e-08   2.884156e-09   2.077714e+01 
9.882565e-01   1.107506e-02   7.581492e-08   5.746896e-08   2.827799e-08   2.860080e-09   2.089818e+01 
9.882659e-01   1.111873e-02   7.338906e-08   5.543606e-08   2.770988e-08   2.824676e-09   2.101942e+01 
9.882753e-01   1.116246e-02   7.082070e-08   5.350725e-08   2.716056e-08   2.782019e-09   2.114089e+01 
9.882848e-01   1.120625e-02   6.826970e-08   5.167379e-08   2.663000e-08   2.746875e-09   2.126258e+01 
9.882944e-01   1.125012e-02   6.587770e-08   4.992430e-08   2.612003e-08   2.721480e-09   2.138448e+01 
9.883040e-01   1.129404e-02   6.365636e-08   4.824433e-08   2.562929e-08   2.696320e-09   2.150660e+01 
9.883137e-01   1.133804e-02   6.156272e-08   4.662058e-08   2.515520e-08   2.662010e-09   2.162894e+01 
9.883233e-01   1.138209e-02   5.956217e-08   4.504500e-08   2.469707e-08   2.614398e-09   2.175149e+01 
9.883330e-01   1.142621e-02   5.762523e-08   4.351347e-08   2.425547e-08   2.552623e-09   2.187426e+01 
9.883427e-01   1.147039e-02   5.572559e-08   4.202712e-08   2.383059e-08   2.478926e-09   2.199724e+01 
9.883525e-01   1.151464e-02   5.385274e-08   4.059037e-08   2.342185e-08   2.399277e-09   2.212044e+01 
9.883624e-01   1.155894e-02   5.201262e-08   3.920812e-08   2.302831e-08   2.320891e-09   2.224384e+01 
9.883723e-01   1.160332e-02   5.021294e-08   3.788413e-08   2.264918e-08   2.248200e-09   2.236746e+01 
9.883823e-01   1.164775e-02   4.845829e-08   3.661935e-08   2.228384e-08   2.182143e-09   2.249130e+01 
9.883923e-01   1.169225e-02   4.674940e-08   3.541300e-08   2.193180e-08   2.121025e-09   2.261534e+01 
9.884024e-01   1.173681e-02   4.508255e-08   3.426185e-08   2.159260e-08   2.062294e-09   2.273959e+01 
9.884126e-01   1.178143e-02   4.345318e-08   3.316264e-08   2.126582e-08   2.003935e-09   2.286406e+01 
9.884228e-01   1.182611e-02   4.185766e-08   3.211167e-08   2.095103e-08   1.944471e-09   2.298873e+01 
9.884331e-01   1.187085e-02   4.029267e-08   3.110652e-08   2.064783e-08   1.885782e-09   2.311361e+01 
9.884434e-01   1.191566e-02   3.875639e-08   3.014410e-08   2.035584e-08   1.826547e-09   2.323870e+01 
9.884538e-01   1.196052e-02   3.724606e-08   2.922287e-08   2.007476e-08   1.766645e-09   2.336400e+01 
9.884642e-01   1.200544e-02   3.575867e-08   2.833983e-08   1.980437e-08   1.704838e-09   2.348951e+01 
9.884746e-01   1.205042e-02   3.428875e-08   2.749332e-08   1.954469e-08   1.640618e-09   2.361522e+01 
9.884850e-01   1.209546e-02   3.282327e-08   2.668136e-08   1.929605e-08   1.573730e-09   2.374114e+01 
9.884953e-01   1.214056e-02   3.134408e-08   2.590209e-08   1.905871e-08   1.504593e-09   2.386726e+01 
9.885055e-01   1.218571e-02   2.984408e-08   2.515355e-08   1.883189e-08   1.433732e-09   2.399359e+01 
9.885156e-01   1.223092e-02   2.835011e-08   2.443393e-08   1.861365e-08   1.361856e-09   2.412012e+01 
9.885256e-01   1.227618e-02   2.691679e-08   2.374151e-08   1.840198e-08   1.290317e-09   2.424686e+01 
9.885357e-01   1.232150e-02   2.559433e-08   2.307499e-08   1.819588e-08   1.220661e-09   2.437380e+01 
9.885458e-01   1.236688e-02   2.440095e-08   2.243315e-08   1.799547e-08   1.154048e-09   2.450094e+01 
9.885561e-01   1.241232e-02   2.332503e-08   2.181493e-08   1.780121e-08   1.090921e-09   2.462828e+01 
9.885665e-01   1.245781e-02   2.234393e-08   2.121905e-08   1.761338e-08   1.031656e-09   2.475583e+01 
9.885770e-01   1.250336e-02   2.143858e-08   2.064452e-08   1.743199e-08   9.760873e-10   2.488358e+01 
9.885877e-01   1.254897e-02   2.059645e-08   2.009035e-08   1.725686e-08   9.233280e-10   2.501153e+01 
9.885984e-01   1.259464e-02   1.980941e-08   1.955576e-08   1.708780e-08   8.729669e-10   2.513968e+01 
9.886092e-01   1.264035e-02   1.907183e-08   1.904046e-08   1.692459e-08   8.247442e-10   2.526803e+01 
9.886202e-01   1.268613e-02   1.837898e-08   1.854412e-08   1.676704e-08   7.787130e-10   2.539657e+01 
9.886312e-01   1.273196e-02   1.772749e-08   1.807111e-08   1.661494e-08   7.366610e-10   2.552532e+01 
9.886423e-01   1.277784e-02   1.714478e-08   1.761433e-08   1.646811e-08   6.726712e-10   2.565426e+01 
9.886535e-01   1.282378e-02   1.657211e-08   1.715897e-08   1.632636e-08   6.430862e-10   2.578340e+01 
9.886648e-01   1.286977e-02   1.598307e-08   1.672759e-08   1.618952e-08   6.122939e-10   2.591274e+01 
9.886762e-01   1.291582e-02   1.546607e-08   1.631161e-08   1.605742e-08   5.738398e-10   2.604228e+01 
9.886876e-01   1.296192e-02   1.497366e-08   1.590990e-08   1.592991e-08   5.371759e-10   2.617201e+01 
9.886992e-01   1.300807e-02   1.450878e-08   1.552191e-08   1.580683e-08   5.013425e-10   2.630193e+01 
9.887109e-01   1.305428e-02   1.406833e-08   1.514700e-08   1.568805e-08   4.667494e-10   2.643205e+01 
9.887226e-01   1.310054e-02   1.365078e-08   1.478487e-08   1.557343e-08   4.333828e-10   2.656237e+01 
9.887344e-01   1.314685e-02   1.325487e-08   1.443498e-08   1.546281e-08   4.012333e-10   2.669288e+01 
9.887463e-01   1.319321e-02   1.287936e-08   1.409651e-08   1.535608e-08   3.699472e-10   2.682358e+01 
9.887583e-01   1.323962e-02   1.252297e-08   1.376923e-08   1.525311e-08   3.396337e-10   2.695448e+01 
9.887704e-01   1.328609e-02   1.218477e-08   1.345245e-08   1.515378e-08   3.101203e-10   2.708556e+01 
9.887826e-01   1.333260e-02   1.186376e-08   1.314580e-08   1.505797e-08   2.816171e-10   2.721684e+01 
9.887948e-01   1.337917e-02   1.155894e-08   1.284931e-08   1.496558e-08   2.539592e-10   2.734832e+01 
9.888072e-01   1.342578e-02   1.126948e-08   1.256228e-08   1.487649e-08   2.271176e-10   2.747998e+01 
9.888196e-01   1.347245e-02   1.099475e-08   1.228430e-08   1.479060e-08   2.011923e-10   2.761184e+01 
9.888321e-01   1.351917e-02   1.073381e-08   1.201510e-08   1.470781e-08   1.760136e-10   2.774388e+01 
9.888447e-01   1.356593e-02   1.048600e-08   1.175443e-08   1.462803e-08   1.515772e-10   2.787611e+01 
9.888574e-01   1.361274e-02   1.025072e-08   1.150171e-08   1.455116e-08   1.278648e-10   2.800853e+01 
9.888702e-01   1.365961e-02   1.002733e-08   1.125686e-08   1.447711e-08   1.048504e-10   2.814114e+01 
9.888831e-01   1.370652e-02   9.815252e-09   1.101960e-08   1.440580e-08   8.264469e-11   2.827394e+01 
9.888960e-01   1.375348e-02   9.613973e-09   1.078951e-08   1.433714e-08   6.096075e-11   2.840693e+01 
9.889091e-01   1.380048e-02   9.422874e-09   1.056636e-08   1.427106e-08   4.004519e-11   2.854011e+01 
9.889222e-01   1.384754e-02   9.241461e-09   1.034988e-08   1.420746e-08   1.969495e-11   2.867347e+01 
9.889354e-01   1.389464e-02   9.069326e-09   1.013999e-08   1.414629e-08   8.531544e-14   2.880702e+01 
9.889487e-01   1.394179e-02   8.906053e-09   9.936093e-09   1.408746e-08   -1.904923e-11   2.894075e+01 
9.889622e-01   1.398898e-02   8.751178e-09   9.738361e-09   1.403090e-08   -3.760036e-11   2.907467e+01 
9.889756e-01   1.403622e-02   8.604259e-09   9.546380e-09   1.397656e-08   -5.555474e-11   2.920877e+01 
9.889892e-01   1.408351e-02   8.465044e-09   9.359919e-09   1.392435e-08   -7.292220e-11   2.934306e+01 
9.890029e-01   1.413084e-02   8.333082e-09   9.178900e-09   1.387423e-08   -8.974517e-11   2.947754e+01 
9.890167e-01   1.417822e-02   8.208091e-09   9.002948e-09   1.382612e-08   -1.060777e-10   2.961219e+01 
9.890305e-01   1.422564e-02   8.089776e-09   8.832057e-09   1.377996e-08   -1.219271e-10   2.974703e+01 
9.890445e-01   1.427311e-02   7.977715e-09   8.665892e-09   1.373571e-08   -1.371993e-10   2.988206e+01 
9.890585e-01   1.432062e-02   7.871640e-09   8.504345e-09   1.369330e-08   -1.520214e-10   3.001726e+01 
9.890727e-01   1.436818e-02   7.771454e-09   8.347357e-09   1.365268e-08   -1.664230e-10   3.015265e+01 
9.890869e-01   1.441578e-02   7.676702e-09   8.194753e-09   1.361379e-08   -1.803616e-10   3.028822e+01 
9.891012e-01   1.446342e-02   7.587043e-09   8.046137e-09   1.357660e-08   -1.937561e-10   3.042397e+01 
9.891157e-01   1.451111e-02   7.502506e-09   7.901611e-09   1.354103e-08   -2.068125e-10   3.055990e+01 
9.891302e-01   1.455884e-02   7.422744e-09   7.760916e-09   1.350707e-08   -2.194035e-10   3.069601e+01 
9.891448e-01   1.460661e-02   7.347467e-09   7.623931e-09   1.347464e-08   -2.316215e-10   3.083231e+01 
9.891595e-01   1.465443e-02   7.276548e-09   7.490818e-09   1.344371e-08   -2.433871e-10   3.096878e+01 
9.891743e-01   1.470228e-02   7.209813e-09   7.360881e-09   1.341424e-08   -2.547868e-10   3.110543e+01 
9.891892e-01   1.475018e-02   7.147000e-09   7.234551e-09   1.338618e-08   -2.658204e-10   3.124226e+01 
9.892041e-01   1.479812e-02   7.088300e-09   7.111438e-09   1.335950e-08   -2.764775e-10   3.137926e+01 
9.892192e-01   1.484610e-02   7.032909e-09   6.991236e-09   1.333414e-08   -2.867107e-10   3.151645e+01 
9.892344e-01   1.489413e-02   6.980497e-09   6.874333e-09   1.331009e-08   -2.966519e-10   3.165381e+01 
9.892497e-01   1.494219e-02   6.931776e-09   6.760257e-09   1.328729e-08   -3.062452e-10   3.179135e+01 
9.892651e-01   1.499029e-02   6.886250e-09   6.649138e-09   1.326571e-08   -3.154939e-10   3.192907e+01 
9.892805e-01   1.503843e-02   6.843611e-09   6.540691e-09   1.324532e-08   -3.244949e-10   3.206696e+01 
9.892961e-01   1.508662e-02   6.803839e-09   6.434948e-09   1.322609e-08   -3.330699e-10   3.220503e+01 
9.893118e-01   1.513484e-02   6.766826e-09   6.331645e-09   1.320797e-08   -3.413454e-10   3.234327e+01 
9.893275e-01   1.518310e-02   6.732385e-09   6.230988e-09   1.319094e-08   -3.493588e-10   3.248169e+01 
9.893434e-01   1.523140e-02   6.700429e-09   6.132727e-09   1.317496e-08   -3.570264e-10   3.262028e+01 
9.893594e-01   1.527974e-02   6.670765e-09   6.036754e-09   1.316002e-08   -3.645196e-10   3.275905e+01 
9.893755e-01   1.532812e-02   6.643387e-09   5.943025e-09   1.314607e-08   -3.716503e-10   3.289799e+01 
9.893916e-01   1.537654e-02   6.618170e-09   5.851487e-09   1.313308e-08   -3.785075e-10   3.303710e+01 
9.894079e-01   1.542499e-02   6.594942e-09   5.762077e-09   1.312104e-08   -3.851904e-10   3.317639e+01 
9.894243e-01   1.547348e-02   6.573694e-09   5.674595e-09   1.310991e-08   -3.914952e-10   3.331585e+01 
9.894408e-01   1.552201e-02   6.554383e-09   5.589281e-09   1.309967e-08   -3.976424e-10   3.345548e+01 
9.894573e-01   1.557057e-02   6.536732e-09   5.505827e-09   1.309029e-08   -4.035029e-10   3.359529e+01 
9.894740e-01   1.561917e-02   6.520747e-09   5.424199e-09   1.308175e-08   -4.091312e-10   3.373526e+01 
9.894908e-01   1.566781e-02   6.506476e-09   5.344384e-09   1.307402e-08   -4.144968e-10   3.387541e+01 
9.895077e-01   1.571649e-02   6.493639e-09   5.266497e-09   1.306708e-08   -4.196934e-10   3.401573e+01 
9.895247e-01   1.576519e-02   6.482274e-09   5.190005e-09   1.306091e-08   -4.246802e-10   3.415622e+01 
9.895418e-01   1.581394e-02   6.472306e-09   5.115345e-09   1.305548e-08   -4.293634e-10   3.429688e+01 
9.895590e-01   1.586272e-02   6.463634e-09   5.042205e-09   1.305077e-08   -4.339765e-10   3.443771e+01 
9.895763e-01   1.591153e-02   6.456275e-09   4.970656e-09   1.304677e-08   -4.382813e-10   3.457870e+01 
9.895937e-01   1.596038e-02   6.449966e-09   4.900645e-09   1.304344e-08   -4.424171e-10   3.471987e+01 
9.896112e-01   1.600927e-02   6.444856e-09   4.831953e-09   1.304078e-08   -4.463793e-10   3.486121e+01 
9.896289e-01   1.605818e-02   6.440881e-09   4.764879e-09   1.303876e-08   -4.501375e-10   3.500271e+01 
9.896466e-01   1.610713e-02   6.437830e-09   4.698940e-09   1.303737e-08   -4.537320e-10   3.514438e+01 
9.896645e-01   1.615612e-02   6.435759e-09   4.634591e-09   1.303658e-08   -4.571290e-10   3.528622e+01 
9.896824e-01   1.620514e-02   6.434622e-09   4.571346e-09   1.303637e-08   -4.603903e-10   3.542822e+01 
9.897005e-01   1.625419e-02   6.434373e-09   4.509454e-09   1.303674e-08   -4.634634e-10   3.557040e+01 
9.897187e-01   1.630327e-02   6.434952e-09   4.448695e-09   1.303766e-08   -4.664068e-10   3.571274e+01 
9.897370e-01   1.635239e-02   6.436281e-09   4.389138e-09   1.303912e-08   -4.691631e-10   3.585524e+01 
9.897554e-01   1.640153e-02   6.438316e-09   4.330809e-09   1.304110e-08   -4.717054e-10   3.599791e+01 
9.897739e-01   1.645071e-02   6.441125e-09   4.273604e-09   1.304358e-08   -4.741860e-10   3.614075e+01 
9.897925e-01   1.649993e-02   6.444529e-09   4.217409e-09   1.304655e-08   -4.764800e-10   3.628375e+01 
9.898112e-01   1.654917e-02   6.448577e-09   4.162306e-09   1.305000e-08   -4.786693e-10   3.642692e+01 
9.898301e-01   1.659844e-02   6.453232e-09   4.108176e-09   1.305391e-08   -4.807448e-10   3.657025e+01 
9.898491e-01   1.664774e-02   6.458390e-09   4.055165e-09   1.305827e-08   -4.826078e-10   3.671374e+01 
9.898681e-01   1.669708e-02   6.464133e-09   4.003099e-09   1.306305e-08   -4.843594e-10   3.685740e+01 
9.898873e-01   1.674644e-02   6.470328e-09   3.951940e-09   1.306826e-08   -4.861078e-10   3.700122e+01 
9.899066e-01   1.679584e-02   6.476985e-09   3.901721e-09   1.307388e-08   -4.875722e-10   3.714521e+01 
9.899261e-01   1.684526e-02   6.484077e-09   3.852445e-09   1.307988e-08   -4.889763e-10   3.728935e+01 
9.899456e-01   1.689471e-02   6.491583e-09   3.804000e-09   1.308627e-08   -4.902561e-10   3.743366e+01 
9.899653e-01   1.694419e-02   6.499437e-09   3.756352e-09   1.309303e-08   -4.915129e-10   3.757814e+01 
9.899850e-01   1.699370e-02   6.507669e-09   3.709598e-09   1.310015e-08   -4.925777e-10   3.772277e+01 
9.900049e-01   1.704324e-02   6.516269e-09   3.663649e-09   1.310761e-08   -4.934904e-10   3.786756e+01 
9.900249e-01   1.709281e-02   6.525162e-09   3.618468e-09   1.311541e-08   -4.944048e-10   3.801252e+01 
9.900451e-01   1.714240e-02   6.534346e-09   3.574109e-09   1.312353e-08   -4.951858e-10   3.815763e+01 
9.900653e-01   1.719202e-02   6.543775e-09   3.530438e-09   1.313197e-08   -4.958292e-10   3.830291e+01 
9.900857e-01   1.724167e-02   6.553492e-09   3.487560e-09   1.314071e-08   -4.964327e-10   3.844835e+01 
9.901062e-01   1.729135e-02   6.563381e-09   3.445313e-09   1.314975e-08   -4.969212e-10   3.859394e+01 
9.901268e-01   1.734105e-02   6.573519e-09   3.403783e-09   1.315906e-08   -4.973875e-10   3.873970e+01 
9.901475e-01   1.739078e-02   6.583827e-09   3.362989e-09   1.316865e-08   -4.976698e-10   3.888561e+01 
9.901684e-01   1.744054e-02   6.594366e-09   3.322730e-09   1.317851e-08   -4.979229e-10   3.903169e+01 
9.901894e-01   1.749032e-02   6.605049e-09   3.283259e-09   1.318862e-08   -4.980766e-10   3.917792e+01 
9.902105e-01   1.754013e-02   6.615833e-09   3.244327e-09   1.319898e-08   -4.981492e-10   3.932431e+01 
9.902317e-01   1.758996e-02   6.626801e-09   3.206022e-09   1.320958e-08   -4.981796e-10   3.947086e+01 
9.902531e-01   1.763982e-02   6.637887e-09   3.168318e-09   1.322041e-08   -4.980972e-10   3.961756e+01 
9.902746e-01   1.768970e-02   6.649099e-09   3.131248e-09   1.323145e-08   -4.979940e-10   3.976442e+01 
9.902962e-01   1.773961e-02   6.660369e-09   3.094713e-09   1.324272e-08   -4.978141e-10   3.991144e+01 
9.903179e-01   1.778954e-02   6.671720e-09   3.058710e-09   1.325418e-08   -4.975613e-10   4.005862e+01 
9.903398e-01   1.783949e-02   6.683191e-09   3.023343e-09   1.326585e-08   -4.971734e-10   4.020595e+01 
9.903618e-01   1.788947e-02   6.694683e-09   2.988435e-09   1.327771e-08   -4.968066e-10   4.035344e+01 
9.903839e-01   1.793947e-02   6.706211e-09   2.954009e-09   1.328975e-08   -4.963869e-10   4.050108e+01 
9.904061e-01   1.798950e-02   6.717843e-09   2.920133e-09   1.330196e-08   -4.958820e-10   4.064888e+01 
9.904285e-01   1.803955e-02   6.729474e-09   2.886742e-09   1.331435e-08   -4.952997e-10   4.079683e+01 
9.904510e-01   1.808962e-02   6.741099e-09   2.853932e-09   1.332690e-08   -4.947076e-10   4.094494e+01 
9.904737e-01   1.813971e-02   6.752801e-09   2.821480e-09   1.333960e-08   -4.940822e-10   4.109321e+01 
9.904965e-01   1.818983e-02   6.764505e-09   2.789578e-09   1.335246e-08   -4.932905e-10   4.124162e+01 
9.905194e-01   1.823997e-02   6.776172e-09   2.757990e-09   1.336545e-08   -4.925627e-10   4.139019e+01 
9.905424e-01   1.829012e-02   6.787858e-09   2.727076e-09   1.337859e-08   -4.917603e-10   4.153892e+01 
9.905656e-01   1.834030e-02   6.799537e-09   2.696406e-09   1.339186e-08   -4.908960e-10   4.168780e+01 
9.905889e-01   1.839051e-02   6.811204e-09   2.666251e-09   1.340525e-08   -4.900035e-10   4.183683e+01 
9.906124e-01   1.844073e-02   6.822827e-09   2.636483e-09   1.341876e-08   -4.890739e-10   4.198601e+01 
9.906360e-01   1.849097e-02   6.834412e-09   2.607163e-09   1.343239e-08   -4.881177e-10   4.213534e+01 
9.906597e-01   1.854123e-02   6.845992e-09   2.578285e-09   1.344613e-08   -4.870903e-10   4.228483e+01 
9.906835e-01   1.859152e-02   6.857507e-09   2.549640e-09   1.345997e-08   -4.860457e-10   4.243447e+01 
9.907075e-01   1.864182e-02   6.868991e-09   2.521465e-09   1.347391e-08   -4.849897e-10   4.258426e+01 
9.907317e-01   1.869214e-02   6.880427e-09   2.493725e-09   1.348794e-08   -4.838452e-10   4.273420e+01 
9.907560e-01   1.874248e-02   6.891769e-09   2.466295e-09   1.350207e-08   -4.827108e-10   4.288430e+01 
9.907804e-01   1.879284e-02   6.903092e-09   2.439235e-09   1.351628e-08   -4.815234e-10   4.303454e+01 
9.908049e-01   1.884322e-02   6.914353e-09   2.412480e-09   1.353056e-08   -4.802847e-10   4.318493e+01 
9.908296e-01   1.889362e-02   6.925556e-09   2.386198e-09   1.354493e-08   -4.790617e-10   4.333548e+01 
9.908545e-01   1.894403e-02   6.936663e-09   2.360138e-09   1.355936e-08   -4.777914e-10   4.348617e+01 
9.908795e-01   1.899446e-02   6.947722e-09   2.334568e-09   1.357386e-08   -4.764889e-10   4.363702e+01 
9.909046e-01   1.904491e-02   6.958714e-09   2.309149e-09   1.358842e-08   -4.751562e-10   4.378801e+01 
9.909299e-01   1.909538e-02   6.969584e-09   2.284167e-09   1.360304e-08   -4.738338e-10   4.393915e+01 
9.909553e-01   1.914586e-02   6.980392e-09   2.259423e-09   1.361772e-08   -4.724452e-10   4.409044e+01 
9.909809e-01   1.919637e-02   6.991156e-09   2.235044e-09   1.363244e-08   -4.710621e-10   4.424188e+01 
9.910066e-01   1.924688e-02   7.001803e-09   2.210919e-09   1.364722e-08   -4.696589e-10   4.439347e+01 
9.910325e-01   1.929742e-02   7.012372e-09   2.187212e-09   1.366203e-08   -4.682232e-10   4.454520e+01 
9.910585e-01   1.934797e-02   7.022840e-09   2.163678e-09   1.367689e-08   -4.667446e-10   4.469708e+01 
9.910847e-01   1.939853e-02   7.033206e-09   2.140480e-09   1.369178e-08   -4.652976e-10   4.484911e+01 
9.911110e-01   1.944912e-02   7.043510e-09   2.117541e-09   1.370670e-08   -4.638064e-10   4.500129e+01 
9.911374e-01   1.949971e-02   7.053708e-09   2.094940e-09   1.372166e-08   -4.622957e-10   4.515361e+01 
9.911641e-01   1.955032e-02   7.063827e-09   2.072573e-09   1.373663e-08   -4.607873e-10   4.530608e+01 
9.911908e-01   1.960095e-02   7.073841e-09   2.050492e-09   1.375164e-08   -4.592428e-10   4.545870e+01 
9.912178e-01   1.965159e-02   7.083738e-09   2.028655e-09   1.376666e-08   -4.577098e-10   4.561146e+01 
9.912448e-01   1.970224e-02   7.093529e-09   2.007073e-09   1.378170e-08   -4.561385e-10   4.576437e+01 
9.912721e-01   1.975291e-02   7.103256e-09   1.985775e-09   1.379675e-08   -4.545635e-10   4.591742e+01 
9.912995e-01   1.980359e-02   7.112875e-09   1.964662e-09   1.381182e-08   -4.529928e-10   4.607062e+01 
9.913270e-01   1.985429e-02   7.122390e-09   1.943881e-09   1.382689e-08   -4.514216e-10   4.622396e+01 
9.913547e-01   1.990500e-02   7.131808e-09   1.923322e-09   1.384197e-08   -4.498195e-10   4.637745e+01 
9.913826e-01   1.995572e-02   7.141111e-09   1.903035e-09   1.385705e-08   -4.481757e-10   4.653108e+01 
9.914106e-01   2.000645e-02   7.150320e-09   1.882892e-09   1.387213e-08   -4.465556e-10   4.668486e+01 
9.914388e-01   2.005720e-02   7.159432e-09   1.863022e-09   1.388721e-08   -4.449199e-10   4.683878e+01 
9.914671e-01   2.010796e-02   7.168443e-09   1.843446e-09   1.390228e-08   -4.432698e-10   4.699285e+01 
9.914956e-01   2.015873e-02   7.177344e-09   1.823937e-09   1.391735e-08   -4.416619e-10   4.714705e+01 
9.915243e-01   2.020951e-02   7.186124e-09   1.804752e-09   1.393241e-08   -4.400071e-10   4.730140e+01 
9.915531e-01   2.026031e-02   7.194827e-09   1.785774e-09   1.394746e-08   -4.383418e-10   4.745590e+01 
9.915821e-01   2.031111e-02   7.203421e-09   1.767065e-09   1.396250e-08   -4.366965e-10   4.761053e+01 
9.916113e-01   2.036192e-02   7.211897e-09   1.748522e-09   1.397752e-08   -4.350198e-10   4.776531e+01 
9.916406e-01   2.041275e-02   7.220296e-09   1.730109e-09   1.399252e-08   -4.333434e-10   4.792023e+01 
9.916701e-01   2.046359e-02   7.228608e-09   1.712057e-09   1.400750e-08   -4.316701e-10   4.807530e+01 
9.916998e-01   2.051443e-02   7.236772e-09   1.694032e-09   1.402246e-08   -4.299981e-10   4.823050e+01 
9.917296e-01   2.056529e-02   7.244832e-09   1.676312e-09   1.403740e-08   -4.283198e-10   4.838585e+01 
9.917596e-01   2.061616e-02   7.252834e-09   1.658835e-09   1.405231e-08   -4.266560e-10   4.854133e+01 
9.917898e-01   2.066703e-02   7.260701e-09   1.641389e-09   1.406720e-08   -4.249668e-10   4.869696e+01 
9.918201e-01   2.071791e-02   7.268461e-09   1.624281e-09   1.408205e-08   -4.232717e-10   4.885273e+01 
9.918506e-01   2.076881e-02   7.276155e-09   1.607320e-09   1.409688e-08   -4.216020e-10   4.900864e+01 
9.918813e-01   2.081971e-02   7.283711e-09   1.590467e-09   1.411167e-08   -4.199272e-10   4.916469e+01 
9.919122e-01   2.087062e-02   7.291198e-09   1.573873e-09   1.412644e-08   -4.182373e-10   4.932088e+01 
9.919432e-01   2.092154e-02   7.298572e-09   1.557376e-09   1.414116e-08   -4.165541e-10   4.947721e+01 
9.919745e-01   2.097246e-02   7.305826e-09   1.541164e-09   1.415585e-08   -4.149042e-10   4.963367e+01 
9.920058e-01   2.102340e-02   7.313026e-09   1.525100e-09   1.417050e-08   -4.132073e-10   4.979028e+01 
9.920374e-01   2.107434e-02   7.320091e-09   1.509247e-09   1.418511e-08   -4.115248e-10   4.994703e+01 
9.920692e-01   2.112529e-02   7.327084e-09   1.493353e-09   1.419968e-08   -4.098479e-10   5.010391e+01 
9.921011e-01   2.117624e-02   7.333974e-09   1.477878e-09   1.421421e-08   -4.081662e-10   5.026094e+01 
9.921332e-01   2.122721e-02   7.340762e-09   1.462406e-09   1.422869e-08   -4.065175e-10   5.041810e+01 
9.921655e-01   2.127817e-02   7.347465e-09   1.447130e-09   1.424313e-08   -4.048546e-10   5.057540e+01 
9.921980e-01   2.132915e-02   7.354060e-09   1.432090e-09   1.425753e-08   -4.031912e-10   5.073284e+01 
9.922306e-01   2.138013e-02   7.360566e-09   1.417092e-09   1.427187e-08   -4.015342e-10   5.089041e+01 
9.922635e-01   2.143112e-02   7.366999e-09   1.402353e-09   1.428617e-08   -3.998742e-10   5.104812e+01 
9.922965e-01   2.148211e-02   7.373321e-09   1.387699e-09   1.430042e-08   -3.982211e-10   5.120597e+01 
9.923297e-01   2.153310e-02   7.379544e-09   1.373257e-09   1.431462e-08   -3.965775e-10   5.136396e+01 
9.923631e-01   2.158411e-02   7.385696e-09   1.358922e-09   1.432876e-08   -3.949210e-10   5.152208e+01 
9.923967e-01   2.163511e-02   7.391747e-09   1.344703e-09   1.434286e-08   -3.933062e-10   5.168035e+01 
9.924305e-01   2.168613e-02   7.397713e-09   1.330668e-09   1.435690e-08   -3.916827e-10   5.183874e+01 
9.924645e-01   2.173714e-02   7.403593e-09   1.316749e-09   1.437088e-08   -3.900284e-10   5.199727e+01 
9.924987e-01   2.178816e-02   7.409384e-09   1.302993e-09   1.438481e-08   -3.884247e-10   5.215594e+01 
9.925330e-01   2.183918e-02   7.415085e-09   1.289404e-09   1.439869e-08   -3.868097e-10   5.231474e+01 
9.925676e-01   2.189021e-02   7.420720e-09   1.275929e-09   1.441251e-08   -3.852074e-10   5.247368e+01 
9.926023e-01   2.194124e-02   7.426251e-09   1.262567e-09   1.442627e-08   -3.836143e-10   5.263276e+01 
9.926373e-01   2.199228e-02   7.431694e-09   1.249346e-09   1.443997e-08   -3.820080e-10   5.279197e+01 
9.926724e-01   2.204332e-02   7.437065e-09   1.236287e-09   1.445361e-08   -3.804157e-10   5.295131e+01 
9.927078e-01   2.209435e-02   7.442364e-09   1.223295e-09   1.446719e-08   -3.788217e-10   5.311077e+01 
9.927433e-01   2.214538e-02   7.447573e-09   1.210578e-09   1.448071e-08   -3.772598e-10   5.327034e+01 
9.927791e-01   2.219641e-02   7.452703e-09   1.197781e-09   1.449416e-08   -3.757009e-10   5.343004e+01 
9.928150e-01   2.224743e-02   7.457758e-09   1.185291e-09   1.450755e-08   -3.741273e-10   5.358985e+01 
9.928511e-01   2.229846e-02   7.462723e-09   1.172812e-09   1.452088e-08   -3.725719e-10   5.374979e+01 
9.928875e-01   2.234948e-02   7.467618e-09   1.160528e-09   1.453414e-08   -3.710297e-10   5.390984e+01 
9.929240e-01   2.240049e-02   7.472428e-09   1.148334e-09   1.454734e-08   -3.694881e-10   5.407001e+01 
9.929607e-01   2.245151e-02   7.477164e-09   1.136292e-09   1.456047e-08   -3.679562e-10   5.423030e+01 
9.929977e-01   2.250252e-02   7.481834e-09   1.124319e-09   1.457354e-08   -3.664674e-10   5.439071e+01 
9.930348e-01   2.255353e-02   7.486415e-09   1.112514e-09   1.458654e-08   -3.649284e-10   5.455124e+01 
9.930722e-01   2.260453e-02   7.490941e-09   1.100720e-09   1.459947e-08   -3.634092e-10   5.471189e+01 
9.931097e-01   2.265553e-02   7.495381e-09   1.089156e-09   1.461234e-08   -3.619235e-10   5.487266e+01 
9.931475e-01   2.270653e-02   7.499755e-09   1.077683e-09   1.462514e-08   -3.604360e-10   5.503355e+01 
9.931855e-01   2.275752e-02   7.504082e-09   1.066320e-09   1.463787e-08   -3.589336e-10   5.519456e+01 
9.932237e-01   2.280851e-02   7.508309e-09   1.055024e-09   1.465053e-08   -3.574765e-10   5.535569e+01 
9.932621e-01   2.285950e-02   7.512457e-09   1.043867e-09   1.466312e-08   -3.560203e-10   5.551693e+01 
9.933007e-01   2.291048e-02   7.516568e-09   1.032824e-09   1.467565e-08   -3.545472e-10   5.567830e+01 
9.933395e-01   2.296145e-02   7.520593e-09   1.021923e-09   1.468810e-08   -3.530905e-10   5.583979e+01 
9.933786e-01   2.301243e-02   7.524551e-09   1.011037e-09   1.470048e-08   -3.516794e-10   5.600139e+01 
9.934179e-01   2.306340e-02   7.528459e-09   1.000350e-09   1.471280e-08   -3.502413e-10   5.616312e+01 
9.934574e-01   2.311436e-02   7.532310e-09   9.896728e-10   1.472504e-08   -3.488153e-10   5.632496e+01 
9.934971e-01   2.316531e-02   7.536103e-09   9.792331e-10   1.473722e-08   -3.474019e-10   5.648692e+01 
9.935370e-01   2.321627e-02   7.539864e-09   9.686817e-10   1.474932e-08   -3.460079e-10   5.664900e+01 
9.935771e-01   2.326722e-02   7.543772e-09   9.584877e-10   1.476136e-08   -3.446508e-10   5.681121e+01 
9.936175e-01   2.331816e-02   7.547598e-09   9.482205e-10   1.477331e-08   -3.432937e-10   5.697353e+01 
9.936581e-01   2.336910e-02   7.550743e-09   9.380963e-10   1.478529e-08   -3.418588e-10   5.713597e+01 
9.936989e-01   2.342003e-02   7.558896e-09   9.283362e-10   1.479715e-08   -3.404060e-10   5.729853e+01 
9.937400e-01   2.347095e-02   7.557540e-09   9.184834e-10   1.480889e-08   -3.390868e-10   5.746121e+01 
9.937813e-01   2.352187e-02   7.560817e-09   9.096919e-10   1.482044e-08   -3.377330e-10   5.762400e+01 
9.938228e-01   2.357279e-02   7.564113e-09   8.985429e-10   1.483203e-08   -3.364194e-10   5.778692e+01 
9.938645e-01   2.362370e-02   7.567329e-09   8.893000e-10   1.484356e-08   -3.350912e-10   5.794996e+01 
9.939065e-01   2.367460e-02   7.570530e-09   8.793117e-10   1.485501e-08   -3.337640e-10   5.811312e+01 
9.939487e-01   2.372550e-02   7.573652e-09   8.698292e-10   1.486640e-08   -3.324547e-10   5.827639e+01 
9.939912e-01   2.377638e-02   7.576733e-09   8.603982e-10   1.487771e-08   -3.311487e-10   5.843979e+01 
9.940339e-01   2.382727e-02   7.579784e-09   8.510819e-10   1.488895e-08   -3.298639e-10   5.860330e+01 
9.940768e-01   2.387814e-02   7.582746e-09   8.418196e-10   1.490011e-08   -3.285765e-10   5.876694e+01 
9.941200e-01   2.392902e-02   7.585655e-09   8.327352e-10   1.491121e-08   -3.272846e-10   5.893069e+01 
9.941634e-01   2.397988e-02   7.588515e-09   8.236809e-10   1.492223e-08   -3.260162e-10   5.909456e+01 
9.942070e-01   2.403074e-02   7.591337e-09   8.147229e-10   1.493317e-08   -3.247474e-10   5.925856e+01 
9.942509e-01   2.408159e-02   7.594117e-09   8.058232e-10   1.494405e-08   -3.235038e-10   5.942267e+01 
9.942950e-01   2.413243e-02   7.596842e-09   7.970357e-10   1.495485e-08   -3.222539e-10   5.958690e+01 
9.943394e-01   2.418326e-02   7.599528e-09   7.883269e-10   1.496558e-08   -3.210324e-10   5.975125e+01 
9.943841e-01   2.423410e-02   7.602167e-09   7.797207e-10   1.497624e-08   -3.197874e-10   5.991572e+01 
9.944289e-01   2.428492e-02   7.604743e-09   7.711372e-10   1.498682e-08   -3.186080e-10   6.008031e+01 
9.944741e-01   2.433573e-02   7.607284e-09   7.626545e-10   1.499734e-08   -3.174120e-10   6.024501e+01 
9.945195e-01   2.438654e-02   7.609795e-09   7.542364e-10   1.500777e-08   -3.162301e-10   6.040984e+01 
9.945651e-01   2.443734e-02   7.612250e-09   7.459483e-10   1.501814e-08   -3.150228e-10   6.057479e+01 
9.946110e-01   2.448813e-02   7.614648e-09   7.377122e-10   1.502844e-08   -3.138156e-10   6.073986e+01 
9.946572e-01   2.453891e-02   7.617017e-09   7.295202e-10   1.503866e-08   -3.126611e-10   6.090504e+01 
9.947036e-01   2.458969e-02   7.619381e-09   7.214827e-10   1.504881e-08   -3.115376e-10   6.107035e+01 
9.947502e-01   2.464046e-02   7.621641e-09   7.134518e-10   1.505888e-08   -3.103213e-10   6.123577e+01 
9.947972e-01   2.469122e-02   7.623931e-09   7.054945e-10   1.506889e-08   -3.092377e-10   6.140132e+01 
9.948444e-01   2.474197e-02   7.626118e-09   6.976134e-10   1.507882e-08   -3.080809e-10   6.156698e+01 
9.948918e-01   2.479271e-02   7.628278e-09   6.898079e-10   1.508868e-08   -3.069381e-10   6.173276e+01 
9.949396e-01   2.484345e-02   7.630376e-09   6.820563e-10   1.509847e-08   -3.058004e-10   6.189866e+01 
9.949876e-01   2.489418e-02   7.632487e-09   6.744360e-10   1.510819e-08   -3.047190e-10   6.206469e+01 
9.950358e-01   2.494490e-02   7.634518e-09   6.668353e-10   1.511784e-08   -3.035828e-10   6.223083e+01 
9.950844e-01   2.499561e-02   7.636549e-09   6.593267e-10   1.512741e-08   -3.025019e-10   6.239709e+01 
9.951332e-01   2.504631e-02   7.638490e-09   6.518365e-10   1.513691e-08   -3.013941e-10   6.256347e+01 
9.951823e-01   2.509700e-02   7.640450e-09   6.444663e-10   1.514635e-08   -3.003478e-10   6.272996e+01 
9.952316e-01   2.514769e-02   7.642350e-09   6.371194e-10   1.515571e-08   -2.992465e-10   6.289658e+01 
9.952813e-01   2.519837e-02   7.644207e-09   6.298518e-10   1.516500e-08   -2.981832e-10   6.306332e+01 
9.953312e-01   2.524903e-02   7.646048e-09   6.227725e-10   1.517422e-08   -2.971511e-10   6.323018e+01 
9.953814e-01   2.529969e-02   7.647822e-09   6.155298e-10   1.518336e-08   -2.960561e-10   6.339715e+01 
9.954319e-01   2.535035e-02   7.649582e-09   6.084916e-10   1.519244e-08   -2.950117e-10   6.356425e+01 
9.954826e-01   2.540099e-02   7.651322e-09   6.015977e-10   1.520145e-08   -2.939954e-10   6.373146e+01 
9.955337e-01   2.545162e-02   7.653010e-09   5.945214e-10   1.521039e-08   -2.929526e-10   6.389880e+01 
9.955850e-01   2.550224e-02   7.654674e-09   5.877215e-10   1.521926e-08   -2.919059e-10   6.406625e+01 
9.956366e-01   2.555286e-02   7.656329e-09   5.809587e-10   1.522806e-08   -2.909416e-10   6.423383e+01 
9.956886e-01   2.560347e-02   7.657917e-09   5.742259e-10   1.523679e-08   -2.899423e-10   6.440152e+01 
9.957408e-01   2.565407e-02   7.659453e-09   5.675323e-10   1.524545e-08   -2.888593e-10   6.456933e+01 
9.957933e-01   2.570465e-02   7.660998e-09   5.608538e-10   1.525404e-08   -2.878476e-10   6.473726e+01 
9.958461e-01   2.575523e-02   7.662512e-09   5.542224e-10   1.526256e-08   -2.869020e-10   6.490531e+01 
9.958992e-01   2.580581e-02   7.664045e-09   5.476404e-10   1.527102e-08   -2.859247e-10   6.507348e+01 
9.959526e-01   2.585637e-02   7.665477e-09   5.411635e-10   1.527940e-08   -2.849483e-10   6.524177e+01 
9.960063e-01   2.590692e-02   7.666903e-09   5.348721e-10   1.528771e-08   -2.839138e-10   6.541018e+01 
9.960603e-01   2.595746e-02   7.668281e-09   5.285810e-10   1.529596e-08   -2.829140e-10   6.557871e+01 
9.961146e-01   2.600800e-02   7.669691e-09   5.223630e-10   1.530414e-08   -2.819787e-10   6.574736e+01 
9.961692e-01   2.605852e-02   7.671071e-09   5.161352e-10   1.531226e-08   -2.809980e-10   6.591612e+01 
9.962241e-01   2.610904e-02   7.672393e-09   5.098630e-10   1.532030e-08   -2.800822e-10   6.608501e+01 
9.962794e-01   2.615955e-02   7.673689e-09   5.037672e-10   1.532828e-08   -2.791605e-10   6.625401e+01 
9.963349e-01   2.621005e-02   7.674977e-09   4.976884e-10   1.533619e-08   -2.782207e-10   6.642314e+01 
9.963908e-01   2.626053e-02   7.676277e-09   4.917492e-10   1.534404e-08   -2.772558e-10   6.659238e+01 
9.964470e-01   2.631102e-02   7.677450e-09   4.857179e-10   1.535182e-08   -2.763792e-10   6.676175e+01 
9.965034e-01   2.636149e-02   7.678622e-09   4.798613e-10   1.535953e-08   -2.754646e-10   6.693123e+01 
9.965603e-01   2.641195e-02   7.679737e-09   4.739682e-10   1.536718e-08   -2.745836e-10   6.710083e+01 
9.966174e-01   2.646240e-02   7.680897e-09   4.681502e-10   1.537476e-08   -2.736948e-10   6.727055e+01 
9.966749e-01   2.651285e-02   7.682086e-09   4.625472e-10   1.538228e-08   -2.727420e-10   6.744040e+01 
9.967327e-01   2.656328e-02   7.683160e-09   4.567056e-10   1.538973e-08   -2.718808e-10   6.761036e+01 
9.967908e-01   2.661371e-02   7.684318e-09   4.512090e-10   1.539712e-08   -2.709264e-10   6.778044e+01 
9.968492e-01   2.666413e-02   7.685295e-09   4.454667e-10   1.540444e-08   -2.701443e-10   6.795064e+01 
9.969080e-01   2.671454e-02   7.686427e-09   4.400818e-10   1.541169e-08   -2.691527e-10   6.812095e+01 
9.969671e-01   2.676494e-02   7.696321e-09   4.410341e-10   1.541889e-08   -2.761468e-10   6.829139e+01 
9.970265e-01   2.681533e-02   7.697328e-09   4.355286e-10   1.542602e-08   -2.598737e-10   6.846195e+01 
9.970863e-01   2.686572e-02   7.689368e-09   4.237083e-10   1.543308e-08   -2.668417e-10   6.863263e+01 
9.971464e-01   2.691609e-02   7.690227e-09   4.182159e-10   1.544009e-08   -2.659009e-10   6.880342e+01 
9.972069e-01   2.696646e-02   7.691134e-09   4.129050e-10   1.544703e-08   -2.650282e-10   6.897434e+01 
9.972677e-01   2.701681e-02   7.692048e-09   4.076847e-10   1.545391e-08   -2.641616e-10   6.914537e+01 
9.973289e-01   2.706717e-02   7.692930e-09   4.024650e-10   1.546072e-08   -2.633637e-10   6.931653e+01 
9.973904e-01   2.711751e-02   7.693808e-09   3.973777e-10   1.546747e-08   -2.625167e-10   6.948780e+01 
9.974522e-01   2.716784e-02   7.694659e-09   3.922592e-10   1.547416e-08   -2.616474e-10   6.965919e+01 
9.975144e-01   2.721817e-02   7.695489e-09   3.871664e-10   1.548079e-08   -2.608347e-10   6.983071e+01 
9.975770e-01   2.726849e-02   7.696301e-09   3.821306e-10   1.548736e-08   -2.599846e-10   7.000234e+01 
9.976399e-01   2.731880e-02   7.697089e-09   3.770379e-10   1.549387e-08   -2.591579e-10   7.017409e+01 
9.977032e-01   2.736910e-02   7.697874e-09   3.721640e-10   1.550031e-08   -2.583236e-10   7.034596e+01 
9.977668e-01   2.741940e-02   7.698657e-09   3.672986e-10   1.550670e-08   -2.575180e-10   7.051795e+01 
9.978308e-01   2.746968e-02   7.699423e-09   3.625028e-10   1.551302e-08   -2.567026e-10   7.069006e+01 
9.978951e-01   2.751996e-02   7.700145e-09   3.577095e-10   1.551929e-08   -2.558602e-10   7.086229e+01 
9.979599e-01   2.757024e-02   7.700870e-09   3.529203e-10   1.552550e-08   -2.550479e-10   7.103463e+01 
9.980250e-01   2.762050e-02   7.701591e-09   3.481766e-10   1.553164e-08   -2.542512e-10   7.120710e+01 
9.980904e-01   2.767076e-02   7.702276e-09   3.435453e-10   1.553773e-08   -2.534561e-10   7.137969e+01 
9.981563e-01   2.772102e-02   7.702951e-09   3.388552e-10   1.554376e-08   -2.526642e-10   7.155239e+01 
9.982225e-01   2.777126e-02   7.703606e-09   3.342831e-10   1.554973e-08   -2.518732e-10   7.172522e+01 
9.982891e-01   2.782151e-02   7.704239e-09   3.297470e-10   1.555564e-08   -2.510716e-10   7.189816e+01 
9.983560e-01   2.787174e-02   7.704880e-09   3.252561e-10   1.556149e-08   -2.502923e-10   7.207123e+01 
9.984234e-01   2.792197e-02   7.705495e-09   3.207957e-10   1.556729e-08   -2.495033e-10   7.224441e+01 
9.984911e-01   2.797219e-02   7.706072e-09   3.163101e-10   1.557303e-08   -2.487385e-10   7.241771e+01 
9.985592e-01   2.802241e-02   7.706673e-09   3.119558e-10   1.557871e-08   -2.479444e-10   7.259114e+01 
9.986277e-01   2.807262e-02   7.707261e-09   3.076346e-10   1.558434e-08   -2.471452e-10   7.276468e+01 
9.986966e-01   2.812283e-02   7.707810e-09   3.033142e-10   1.558991e-08   -2.463879e-10   7.293834e+01 
9.987659e-01   2.817303e-02   7.708377e-09   2.991139e-10   1.559542e-08   -2.455791e-10   7.311212e+01 
9.988356e-01   2.822323e-02   7.708884e-09   2.948101e-10   1.560088e-08   -2.448531e-10   7.328602e+01 
9.989057e-01   2.827342e-02   7.709395e-09   2.906499e-10   1.560628e-08   -2.440844e-10   7.346004e+01 
9.989762e-01   2.832361e-02   7.709889e-09   2.864813e-10   1.561162e-08   -2.433356e-10   7.363418e+01 
9.990471e-01   2.837379e-02   7.710376e-09   2.823450e-10   1.561691e-08   -2.425732e-10   7.380843e+01 
9.991184e-01   2.842398e-02   7.710858e-09   2.782860e-10   1.562215e-08   -2.418182e-10   7.398281e+01 
9.991901e-01   2.847415e-02   7.711323e-09   2.742664e-10   1.562733e-08   -2.410567e-10   7.415731e+01 
9.992622e-01   2.852433e-02   7.711785e-09   2.702682e-10   1.563246e-08   -2.402991e-10   7.433192e+01 
9.993348e-01   2.857450e-02   7.712230e-09   2.662888e-10   1.563753e-08   -2.395902e-10   7.450666e+01 
9.994077e-01   2.862467e-02   7.712681e-09   2.623992e-10   1.564255e-08   -2.387046e-10   7.468151e+01 
9.994811e-01   2.867484e-02   7.713107e-09   2.585354e-10   1.564752e-08   -2.380041e-10   7.485649e+01 
9.995549e-01   2.872500e-02   7.713527e-09   2.546808e-10   1.565243e-08   -2.372210e-10   7.503158e+01 
9.996291e-01   2.877516e-02   7.713932e-09   2.508857e-10   1.565729e-08   -2.364604e-10   7.520679e+01 
9.997037e-01   2.882532e-02   7.714347e-09   2.471190e-10   1.566210e-08   -2.356963e-10   7.538212e+01 
9.997787e-01   2.887548e-02   7.714751e-09   2.433873e-10   1.566686e-08   -2.350577e-10   7.555757e+01 
9.998542e-01   2.892565e-02   7.715173e-09   2.396809e-10   1.567156e-08   -2.341869e-10   7.573315e+01 
9.999302e-01   2.897581e-02   7.715562e-09   2.360477e-10   1.567622e-08   -2.335112e-10   7.590884e+01 
1.000007e+00   2.902597e-02   7.716005e-09   2.324979e-10   1.568082e-08   -2.327402e-10   7.608465e+01 
1.000083e+00   2.907613e-02   7.716635e-09   2.289821e-10   1.568537e-08   -2.319732e-10   7.626057e+01 
1.000161e+00   2.912630e-02   7.717614e-09   2.259054e-10   1.568987e-08   -2.315349e-10   7.643662e+01 
1.000238e+00   2.917644e-02   7.728627e-09   2.297672e-10   1.569432e-08   -2.394514e-10   7.661279e+01 
1.000316e+00   2.922661e-02   7.765340e-09   2.491926e-10   1.569872e-08   -2.667290e-10   7.678908e+01 
1.000395e+00   2.927679e-02   7.799128e-09   2.465358e-10   1.570307e-08   -2.775151e-10   7.696548e+01 
1.000474e+00   2.932694e-02   7.906842e-09   3.270663e-10   1.570737e-08   -3.570908e-10   7.714201e+01 
1.000553e+00   2.937711e-02   8.221126e-09   7.736365e-10   1.571162e-08   -7.268615e-10   7.731865e+01 
1.000633e+00   2.942728e-02   8.262102e-09   8.963545e-10   1.571583e-08   -8.073695e-10   7.749542e+01 
1.000714e+00   2.947747e-02   8.381575e-09   1.004311e-09   1.571998e-08   -8.996623e-10   7.767230e+01 
1.000794e+00   2.952766e-02   8.443879e-09   7.993588e-10   1.572409e-08   -7.586798e-10   7.784930e+01 
1.000876e+00   2.957785e-02   8.607199e-09   3.880619e-10   1.572815e-08   -5.324237e-10   7.802643e+01 
1.000958e+00   2.962803e-02   9.404689e-09   8.503212e-10   1.573224e-08   -1.057041e-09   7.820367e+01 
1.001040e+00   2.967823e-02   9.859252e-09   9.742092e-10   1.573685e-08   -1.239573e-09   7.838103e+01 
1.001123e+00   2.972843e-02   9.586466e-09   9.122990e-10   1.574614e-08   -1.185565e-09   7.855851e+01 
1.001206e+00   2.977867e-02   9.089381e-09   1.126968e-09   1.579341e-08   -6.729403e-10   7.873611e+01 
1.001289e+00   2.982879e-02   8.894210e-09   6.408399e-10   1.612571e-08   -4.870534e-10   7.891383e+01 
1.001373e+00   2.987926e-02   9.527133e-09   9.359877e-10   1.823319e-08   -2.178368e-10   7.909167e+01 
1.001458e+00   2.992896e-02   1.763989e-08   2.841852e-09   4.332679e-08   1.743304e-09   7.926963e+01 
1.001543e+00   2.998016e-02   2.925227e-08   2.008003e-08   5.849349e-08   3.157100e-09   7.944770e+01 
1.001629e+00   3.002973e-02   9.163790e-09   1.261109e-08   1.657722e-08   1.812747e-11   7.962590e+01 
1.001715e+00   3.008013e-02   9.594900e-09   2.322448e-09   1.583682e-08   9.953979e-10   7.980422e+01 
1.001802e+00   3.013036e-02   9.723311e-09   1.056989e-09   1.577642e-08   8.769017e-10   7.998265e+01 
1.001889e+00   3.018061e-02   9.143680e-09   8.716569e-10   1.577391e-08   6.750419e-10   8.016121e+01 
1.001976e+00   3.023093e-02   8.823801e-09   9.033773e-10   1.577673e-08   6.049466e-10   8.033988e+01 
1.002064e+00   3.028125e-02   8.342555e-09   7.400224e-10   1.578007e-08   3.349936e-10   8.051868e+01 
1.002153e+00   3.033157e-02   7.966978e-09   4.221576e-10   1.578343e-08   2.688384e-11   8.069759e+01 
1.002242e+00   3.038190e-02   7.946132e-09   3.872057e-10   1.578676e-08   1.161385e-11   8.087662e+01 
1.002331e+00   3.043225e-02   7.740855e-09   1.581699e-10   1.579004e-08   -1.971768e-10   8.105577e+01 
1.002422e+00   3.048263e-02   7.758879e-09   1.832042e-10   1.579328e-08   -1.700910e-10   8.123504e+01 
1.002512e+00   3.053301e-02   7.724287e-09   1.394591e-10   1.579648e-08   -2.069058e-10   8.141443e+01 
1.002603e+00   3.058340e-02   7.724656e-09   1.386758e-10   1.579963e-08   -2.043950e-10   8.159394e+01 
1.002695e+00   3.063381e-02   7.722766e-09   1.334551e-10   1.580275e-08   -2.055882e-10   8.177357e+01 
1.002787e+00   3.068425e-02   7.722388e-09   1.305933e-10   1.580582e-08   -2.048628e-10   8.195332e+01 
1.002880e+00   3.073471e-02   7.722350e-09   1.279410e-10   1.580885e-08   -2.038998e-10   8.213319e+01 
1.002973e+00   3.078518e-02   7.722303e-09   1.253613e-10   1.581184e-08   -2.030059e-10   8.231318e+01 
1.003067e+00   3.083568e-02   7.722367e-09   1.227941e-10   1.581479e-08   -2.020851e-10   8.249328e+01 
1.003161e+00   3.088619e-02   7.722384e-09   1.202081e-10   1.581769e-08   -2.011822e-10   8.267351e+01 
1.003256e+00   3.093673e-02   7.722379e-09   1.176875e-10   1.582056e-08   -2.002959e-10   8.285385e+01 
1.003351e+00   3.098729e-02   7.722382e-09   1.151667e-10   1.582339e-08   -1.993800e-10   8.303432e+01 
1.003447e+00   3.103788e-02   7.722370e-09   1.127575e-10   1.582617e-08   -1.983943e-10   8.321490e+01 
1.003544e+00   3.108849e-02   7.722389e-09   1.103518e-10   1.582892e-08   -1.973725e-10   8.339561e+01 
1.003641e+00   3.113912e-02   7.722389e-09   1.080426e-10   1.583163e-08   -1.963855e-10   8.357643e+01 
1.003738e+00   3.118979e-02   7.722379e-09   1.056485e-10   1.583430e-08   -1.953925e-10   8.375737e+01 
1.003837e+00   3.124048e-02   7.722394e-09   1.033807e-10   1.583694e-08   -1.943622e-10   8.393843e+01 
1.003935e+00   3.129120e-02   7.722389e-09   1.010521e-10   1.583957e-08   -1.933287e-10   8.411961e+01 
1.004035e+00   3.134194e-02   7.722374e-09   9.883661e-11   1.584219e-08   -1.922772e-10   8.430091e+01 
1.004134e+00   3.139272e-02   7.722360e-09   9.663842e-11   1.584482e-08   -1.912353e-10   8.448233e+01 
1.004235e+00   3.144354e-02   7.722491e-09   9.486204e-11   1.584929e-08   -1.900437e-10   8.466387e+01 
1.004336e+00   3.149438e-02   7.722307e-09   9.224300e-11   1.584956e-08   -1.891228e-10   8.484553e+01 
1.004437e+00   3.154526e-02   7.722281e-09   9.002882e-11   1.585190e-08   -1.880107e-10   8.502731e+01 
1.004539e+00   3.159617e-02   7.722249e-09   8.791823e-11   1.585427e-08   -1.869015e-10   8.520921e+01 
1.004642e+00   3.164712e-02   7.722198e-09   8.583028e-11   1.585660e-08   -1.858005e-10   8.539122e+01 
1.004745e+00   3.169810e-02   7.722164e-09   8.377740e-11   1.585889e-08   -1.846499e-10   8.557336e+01 
1.004849e+00   3.174913e-02   7.722127e-09   8.163749e-11   1.586115e-08   -1.835270e-10   8.575561e+01 
1.004954e+00   3.180019e-02   7.722070e-09   7.969905e-11   1.586337e-08   -1.823824e-10   8.593799e+01 
1.005059e+00   3.185129e-02   7.722039e-09   7.772914e-11   1.586555e-08   -1.811753e-10   8.612048e+01 
1.005164e+00   3.190243e-02   7.721990e-09   7.577994e-11   1.586770e-08   -1.799208e-10   8.630310e+01 
1.005271e+00   3.195363e-02   7.721939e-09   7.376842e-11   1.586981e-08   -1.788082e-10   8.648583e+01 
1.005378e+00   3.200485e-02   7.721884e-09   7.188593e-11   1.587189e-08   -1.775152e-10   8.666868e+01 
1.005485e+00   3.205614e-02   7.721838e-09   6.999027e-11   1.587394e-08   -1.763247e-10   8.685165e+01 
1.005593e+00   3.210746e-02   7.721757e-09   6.815069e-11   1.587595e-08   -1.750242e-10   8.703474e+01 
1.005702e+00   3.215882e-02   7.721688e-09   6.630319e-11   1.587793e-08   -1.737375e-10   8.721795e+01 
1.005811e+00   3.221024e-02   7.721653e-09   6.447165e-11   1.587987e-08   -1.724438e-10   8.740128e+01 
1.005921e+00   3.226172e-02   7.721548e-09   6.271519e-11   1.588178e-08   -1.711305e-10   8.758473e+01 
1.006031e+00   3.231324e-02   7.721494e-09   6.093896e-11   1.588366e-08   -1.698051e-10   8.776830e+01 
1.006143e+00   3.236481e-02   7.721416e-09   5.919291e-11   1.588550e-08   -1.684880e-10   8.795199e+01 
1.006254e+00   3.241644e-02   7.721350e-09   5.744691e-11   1.588731e-08   -1.670844e-10   8.813579e+01 
1.006367e+00   3.246813e-02   7.721298e-09   5.579422e-11   1.588909e-08   -1.656954e-10   8.831972e+01 
1.006480e+00   3.251987e-02   7.721151e-09   5.412690e-11   1.589084e-08   -1.642773e-10   8.850377e+01 
1.006593e+00   3.257167e-02   7.721085e-09   5.250947e-11   1.589255e-08   -1.628023e-10   8.868793e+01 
1.006708e+00   3.262353e-02   7.721022e-09   5.090185e-11   1.589424e-08   -1.613823e-10   8.887222e+01 
1.006823e+00   3.267545e-02   7.720894e-09   4.933731e-11   1.589589e-08   -1.598689e-10   8.905662e+01 
1.006938e+00   3.272744e-02   7.720839e-09   4.777981e-11   1.589751e-08   -1.583679e-10   8.924114e+01 
1.007055e+00   3.277949e-02   7.720727e-09   4.620419e-11   1.589910e-08   -1.568424e-10   8.942579e+01 
1.007171e+00   3.283161e-02   7.720621e-09   4.470099e-11   1.590066e-08   -1.553021e-10   8.961055e+01 
1.007289e+00   3.288379e-02   7.720553e-09   4.321990e-11   1.590219e-08   -1.537315e-10   8.979543e+01 
1.007407e+00   3.293605e-02   7.720440e-09   4.174439e-11   1.590369e-08   -1.520992e-10   8.998043e+01 
1.007526e+00   3.298837e-02   7.720335e-09   4.031590e-11   1.590516e-08   -1.504892e-10   9.016555e+01 
1.007646e+00   3.304077e-02   7.720257e-09   3.891739e-11   1.590660e-08   -1.488183e-10   9.035079e+01 
1.007766e+00   3.309324e-02   7.720141e-09   3.751167e-11   1.590801e-08   -1.471487e-10   9.053615e+01 
1.007887e+00   3.314578e-02   7.720031e-09   3.617417e-11   1.590939e-08   -1.454126e-10   9.072163e+01 
1.008008e+00   3.319842e-02   7.719927e-09   3.483802e-11   1.591074e-08   -1.437002e-10   9.090722e+01 
1.008130e+00   3.325112e-02   7.719830e-09   3.351512e-11   1.591207e-08   -1.419344e-10   9.109294e+01 
1.008253e+00   3.330391e-02   7.719710e-09   3.220954e-11   1.591337e-08   -1.401437e-10   9.127878e+01 
1.008377e+00   3.335678e-02   7.719608e-09   3.094643e-11   1.591464e-08   -1.383074e-10   9.146473e+01 
1.008501e+00   3.340973e-02   7.719496e-09   2.968722e-11   1.591588e-08   -1.364673e-10   9.165081e+01 
1.008626e+00   3.346277e-02   7.719376e-09   2.847483e-11   1.591710e-08   -1.345589e-10   9.183700e+01 
1.008752e+00   3.351590e-02   7.719292e-09   2.728935e-11   1.591828e-08   -1.326407e-10   9.202332e+01 
1.008878e+00   3.356913e-02   7.719201e-09   2.611790e-11   1.591944e-08   -1.306666e-10   9.220975e+01 
1.009005e+00   3.362244e-02   7.719108e-09   2.497878e-11   1.592058e-08   -1.287009e-10   9.239630e+01 
1.009133e+00   3.367585e-02   7.719001e-09   2.385084e-11   1.592169e-08   -1.266849e-10   9.258297e+01 
1.009261e+00   3.372935e-02   7.718914e-09   2.274920e-11   1.592277e-08   -1.246059e-10   9.276976e+01 
1.009391e+00   3.378295e-02   7.718811e-09   2.168489e-11   1.592383e-08   -1.224925e-10   9.295667e+01 
1.009521e+00   3.383666e-02   7.718697e-09   2.065203e-11   1.592486e-08   -1.203756e-10   9.314370e+01 
1.009651e+00   3.389046e-02   7.718620e-09   1.961765e-11   1.592587e-08   -1.181949e-10   9.333085e+01 
1.009783e+00   3.394437e-02   7.718519e-09   1.861975e-11   1.592685e-08   -1.159764e-10   9.351812e+01 
1.009915e+00   3.399839e-02   7.718435e-09   1.765998e-11   1.592781e-08   -1.137411e-10   9.370551e+01 
1.010047e+00   3.405251e-02   7.718358e-09   1.670341e-11   1.592874e-08   -1.114497e-10   9.389302e+01 
1.010181e+00   3.410674e-02   7.718274e-09   1.577557e-11   1.592965e-08   -1.091070e-10   9.408064e+01 
1.010315e+00   3.416109e-02   7.718198e-09   1.487558e-11   1.593054e-08   -1.067194e-10   9.426839e+01 
1.010450e+00   3.421555e-02   7.718119e-09   1.401263e-11   1.593140e-08   -1.042975e-10   9.445626e+01 
1.010586e+00   3.427014e-02   7.718046e-09   1.317225e-11   1.593224e-08   -1.017939e-10   9.464424e+01 
1.010723e+00   3.432484e-02   7.717981e-09   1.233413e-11   1.593306e-08   -9.936092e-11   9.483234e+01 
1.010860e+00   3.437965e-02   7.717943e-09   1.153983e-11   1.593386e-08   -9.677744e-11   9.502057e+01 
1.010998e+00   3.443460e-02   7.717866e-09   1.076891e-11   1.593462e-08   -9.414629e-11   9.520891e+01 
1.011137e+00   3.448967e-02   7.717829e-09   1.003571e-11   1.593538e-08   -9.149758e-11   9.539737e+01 
1.011276e+00   3.454487e-02   7.717775e-09   9.357981e-12   1.593610e-08   -8.877210e-11   9.558596e+01 
1.011417e+00   3.460020e-02   7.717731e-09   8.646247e-12   1.593681e-08   -8.599162e-11   9.577466e+01 
1.011558e+00   3.465567e-02   7.717702e-09   7.951362e-12   1.593750e-08   -8.317230e-11   9.596348e+01 
1.011700e+00   3.471127e-02   7.717682e-09   7.284719e-12   1.593816e-08   -8.032204e-11   9.615242e+01 
1.011843e+00   3.476701e-02   7.717682e-09   6.661310e-12   1.593880e-08   -7.738970e-11   9.634148e+01 
1.011986e+00   3.482289e-02   7.717678e-09   6.064010e-12   1.593942e-08   -7.440117e-11   9.653065e+01 
1.012131e+00   3.487891e-02   7.717644e-09   5.493918e-12   1.594002e-08   -7.135221e-11   9.671995e+01 
1.012276e+00   3.493508e-02   7.717670e-09   4.950704e-12   1.594060e-08   -6.825535e-11   9.690937e+01 
1.012422e+00   3.499140e-02   7.717688e-09   4.437042e-12   1.594117e-08   -6.507704e-11   9.709891e+01 
1.012569e+00   3.504785e-02   7.717716e-09   3.947991e-12   1.594170e-08   -6.185077e-11   9.728856e+01 
1.012717e+00   3.510449e-02   7.717741e-09   3.489082e-12   1.594224e-08   -5.856596e-11   9.747834e+01 
1.012865e+00   3.516123e-02   7.717858e-09   3.054867e-12   1.594272e-08   -5.520574e-11   9.766823e+01 
1.013016e+00   3.521820e-02   7.717824e-09   2.651988e-12   1.594323e-08   -5.179018e-11   9.785825e+01 
1.013165e+00   3.527523e-02   7.718023e-09   2.275995e-12   1.594367e-08   -4.823087e-11   9.804838e+01 
1.013320e+00   3.533256e-02   7.717981e-09   1.920820e-12   1.594415e-08   -4.470165e-11   9.823863e+01 
1.013467e+00   3.538984e-02   7.718213e-09   1.599756e-12   1.594455e-08   -4.105417e-11   9.842900e+01 
1.013627e+00   3.544757e-02   7.718230e-09   1.301985e-12   1.594496e-08   -3.732613e-11   9.861950e+01 
1.013774e+00   3.550510e-02   7.718460e-09   1.041038e-12   1.594538e-08   -3.352013e-11   9.881011e+01 
1.013939e+00   3.556319e-02   7.718613e-09   8.073802e-13   1.594566e-08   -2.962774e-11   9.900084e+01 
1.014086e+00   3.562104e-02   7.718696e-09   5.995632e-13   1.594616e-08   -2.566655e-11   9.919169e+01 
1.014254e+00   3.567937e-02   7.719116e-09   4.238255e-13   1.594629e-08   -2.161747e-11   9.938266e+01 
1.014406e+00   3.573764e-02   7.719100e-09   2.833153e-13   1.594679e-08   -1.747719e-11   9.957374e+01 
1.014572e+00   3.579613e-02   7.719620e-09   1.709017e-13   1.594695e-08   -1.326737e-11   9.976495e+01 
1.014737e+00   3.585478e-02   7.719744e-09   9.237554e-14   1.594719e-08   -8.934957e-12   9.995628e+01 
1.014885e+00   3.591352e-02   7.720167e-09   4.864859e-14   1.594756e-08   -4.538349e-12   1.001477e+02 
1.015097e+00   3.597241e-02   7.720875e-09   -1.582935e-17   1.594745e-08   -2.081668e-16   1.003393e+02 
