% The data presented here were obtained from a direct numerical simulation of a turbulent 
% boundary layer developing under a pressure gradient. All the data shown here are 
% not normalized. Please refer to the references below for rmore detailed information.
 
 
% We compute the boundary layer thickness using the method of Griffin et al. (2021). 
% The pressure-gradient parameters of beta_{ZS} and beta_i are computed as follows. 
% beta_{ZS}=(delta)/(rho U_{ZS}^2)(dp_e/dx) and beta_i = (nu/rho u_tau^3)(d p_w/dx) 
% where $delta$ is the boundary layer thickness, $U_{ZS}$ is the Zagorola-Smits velocity, 
% $p_e$ and $p_w$ are the pressure at the edge of boundary layer and wall, respectively. 
 
  
% Please check this report for rmore detailed information about the data: 
% Gungor, T. R., Gungor, A. G.., Maciel, Y. (2024). Datasets of  
% three non-equilibrium pressure gradient turbulent boundary layers.  
  
  
% Please cite this paper when referencing the data: 
% Gungor, T. R., Gungor, A. G. & Maciel, Y. (2024).  
% Turbulent boundary layer response to uniform changes of the pressure force contribution
% arXiv preprint arXiv:2402.13067 
 
  
% ========================================================================================= 
%  	 	 	************ Position 3 of DNS23 ************ 
% ========================================================================================= 

% 	 Re_tau = 8.841161e+02 
% 	 Re_theta=7.917934e+03 
% 	 utau=1.314007e-02 
% 	 U_e=7.051503e-01 
% 	 theta=3.208205e+00 
% 	 delta_star=6.930967e+00 
% 	 delta=1.922399e+01 
%  	 x_pos=3.633718e+02 
% 	 H=2.160388e+00 
% 	 C_f=6.865209e-04 
% 	 nu=2.857143e-04 
% 	 beta_RC=1.705468e+01 
% 	 beta_i=7.293372e-02 
% 	 beta_ZS=1.792020e-01 
 
% ========================================================================================================== 
% 	 U   	   V   	   u2   	   v2   	   w2   	   uv   	   y        
% ========================================================================================================= 
2.014113e-03   6.087610e-08   3.745965e-06   3.563845e-10   3.604052e-06   -4.431586e-09   3.320224e-03 
4.649926e-03   3.202587e-07   1.915600e-05   9.238311e-09   1.795823e-05   -5.703245e-08   7.619924e-03 
7.928289e-03   9.145952e-07   5.278557e-05   6.789188e-08   4.760710e-05   -2.907973e-07   1.288845e-02 
1.186704e-02   2.007291e-06   1.114099e-04   2.873640e-07   9.557496e-05   -9.830642e-07   1.911534e-02 
1.647620e-02   3.786001e-06   2.016285e-04   8.811349e-07   1.629073e-04   -2.590925e-06   2.629033e-02 
2.174916e-02   6.458888e-06   3.289734e-04   2.176231e-06   2.484821e-04   -5.729040e-06   3.440335e-02 
2.765100e-02   1.024990e-05   4.965124e-04   4.593783e-06   3.493473e-04   -1.106293e-05   4.344451e-02 
3.411082e-02   1.539220e-05   7.033005e-04   8.603389e-06   4.613180e-04   -1.914504e-05   5.340409e-02 
4.102060e-02   2.211692e-05   9.435506e-04   1.466575e-05   5.797476e-04   -3.025799e-05   6.427258e-02 
4.824274e-02   3.063655e-05   1.207128e-03   2.318014e-05   7.002133e-04   -4.433522e-05   7.604062e-02 
5.562394e-02   4.112748e-05   1.481304e-03   3.444790e-05   8.189953e-04   -6.098400e-05   8.869899e-02 
6.301184e-02   5.371979e-05   1.753087e-03   4.865536e-05   9.332963e-04   -7.958845e-05   1.022387e-01 
7.026966e-02   6.849786e-05   2.011283e-03   6.587331e-05   1.041249e-03   -9.944284e-05   1.166508e-01 
7.728630e-02   8.550870e-05   2.247739e-03   8.606818e-05   1.141794e-03   -1.198707e-04   1.319265e-01 
8.398077e-02   1.047754e-04   2.457667e-03   1.091194e-04   1.234492e-03   -1.403045e-04   1.480574e-01 
9.030179e-02   1.263155e-04   2.639274e-03   1.348381e-04   1.319342e-03   -1.603212e-04   1.650351e-01 
9.622413e-02   1.501560e-04   2.793055e-03   1.629839e-04   1.396609e-03   -1.796407e-04   1.828511e-01 
1.017434e-01   1.763341e-04   2.921027e-03   1.932797e-04   1.466697e-03   -1.981070e-04   2.014975e-01 
1.068701e-01   2.048748e-04   3.026100e-03   2.254244e-04   1.530073e-03   -2.156650e-04   2.209661e-01 
1.116249e-01   2.357606e-04   3.111559e-03   2.591064e-04   1.587224e-03   -2.323348e-04   2.412492e-01 
1.160336e-01   2.689199e-04   3.180694e-03   2.940144e-04   1.638610e-03   -2.481855e-04   2.623390e-01 
1.201247e-01   3.042366e-04   3.236592e-03   3.298460e-04   1.684671e-03   -2.633120e-04   2.842279e-01 
1.239269e-01   3.415668e-04   3.282000e-03   3.663152e-04   1.725877e-03   -2.778234e-04   3.069083e-01 
1.274677e-01   3.807618e-04   3.319218e-03   4.031566e-04   1.762767e-03   -2.918312e-04   3.303730e-01 
1.307724e-01   4.216777e-04   3.350106e-03   4.401280e-04   1.795925e-03   -3.054319e-04   3.546147e-01 
1.338638e-01   4.641693e-04   3.376169e-03   4.770133e-04   1.825892e-03   -3.187035e-04   3.796264e-01 
1.367634e-01   5.080848e-04   3.398616e-03   5.136280e-04   1.853139e-03   -3.317095e-04   4.054008e-01 
1.394909e-01   5.532436e-04   3.418395e-03   5.498199e-04   1.878029e-03   -3.445137e-04   4.319312e-01 
1.420648e-01   5.995189e-04   3.436303e-03   5.854688e-04   1.900759e-03   -3.571878e-04   4.592109e-01 
1.445025e-01   6.469825e-04   3.453049e-03   6.204844e-04   1.921455e-03   -3.697864e-04   4.872331e-01 
1.468194e-01   6.958391e-04   3.469210e-03   6.547986e-04   1.940240e-03   -3.823302e-04   5.159912e-01 
1.490290e-01   7.462436e-04   3.485163e-03   6.883639e-04   1.957240e-03   -3.948161e-04   5.454788e-01 
1.511425e-01   7.982294e-04   3.501073e-03   7.211524e-04   1.972709e-03   -4.072426e-04   5.756895e-01 
1.531702e-01   8.517495e-04   3.516990e-03   7.531504e-04   1.987008e-03   -4.196124e-04   6.066170e-01 
1.551219e-01   9.067985e-04   3.533038e-03   7.843506e-04   2.000424e-03   -4.319216e-04   6.382551e-01 
1.570068e-01   9.634904e-04   3.549423e-03   8.147668e-04   2.013179e-03   -4.441619e-04   6.705979e-01 
1.588331e-01   1.021995e-03   3.566369e-03   8.444314e-04   2.025444e-03   -4.563202e-04   7.036392e-01 
1.606081e-01   1.082313e-03   3.583976e-03   8.733751e-04   2.037269e-03   -4.684477e-04   7.373731e-01 
1.623385e-01   1.144397e-03   3.602175e-03   9.016148e-04   2.048767e-03   -4.805984e-04   7.717940e-01 
1.640304e-01   1.208244e-03   3.621002e-03   9.291496e-04   2.060136e-03   -4.927744e-04   8.068960e-01 
1.656895e-01   1.273720e-03   3.640566e-03   9.559863e-04   2.071492e-03   -5.049460e-04   8.426735e-01 
1.673211e-01   1.340655e-03   3.660931e-03   9.821584e-04   2.082854e-03   -5.170854e-04   8.791210e-01 
1.689308e-01   1.409081e-03   3.682236e-03   1.007719e-03   2.094232e-03   -5.291951e-04   9.162329e-01 
1.705223e-01   1.479104e-03   3.704577e-03   1.032709e-03   2.105590e-03   -5.412946e-04   9.540039e-01 
1.720967e-01   1.550726e-03   3.727898e-03   1.057142e-03   2.116956e-03   -5.533909e-04   9.924286e-01 
1.736542e-01   1.623970e-03   3.752015e-03   1.081024e-03   2.128338e-03   -5.654990e-04   1.031502e+00 
1.751956e-01   1.699049e-03   3.776853e-03   1.104396e-03   2.139595e-03   -5.776198e-04   1.071218e+00 
1.767223e-01   1.776158e-03   3.802310e-03   1.127301e-03   2.150739e-03   -5.897292e-04   1.111573e+00 
1.782359e-01   1.855357e-03   3.828254e-03   1.149768e-03   2.161961e-03   -6.017938e-04   1.152561e+00 
1.797389e-01   1.936618e-03   3.854679e-03   1.171827e-03   2.173542e-03   -6.138148e-04   1.194178e+00 
1.812338e-01   2.019695e-03   3.881591e-03   1.193522e-03   2.185365e-03   -6.258662e-04   1.236418e+00 
1.827250e-01   2.104308e-03   3.908778e-03   1.214942e-03   2.197047e-03   -6.380303e-04   1.279276e+00 
1.842164e-01   2.190651e-03   3.936096e-03   1.236166e-03   2.208616e-03   -6.503212e-04   1.322748e+00 
1.857096e-01   2.278956e-03   3.963868e-03   1.257178e-03   2.220445e-03   -6.626462e-04   1.366830e+00 
1.872045e-01   2.369013e-03   3.992325e-03   1.277899e-03   2.232766e-03   -6.749097e-04   1.411516e+00 
1.887007e-01   2.460370e-03   4.021739e-03   1.298278e-03   2.245534e-03   -6.871318e-04   1.456801e+00 
1.901978e-01   2.552904e-03   4.052437e-03   1.318366e-03   2.258248e-03   -6.993589e-04   1.502683e+00 
1.916970e-01   2.647018e-03   4.084626e-03   1.338284e-03   2.270397e-03   -7.116289e-04   1.549156e+00 
1.932017e-01   2.743031e-03   4.118132e-03   1.358151e-03   2.282018e-03   -7.239372e-04   1.596215e+00 
1.947158e-01   2.841179e-03   4.152383e-03   1.378041e-03   2.293372e-03   -7.362311e-04   1.643857e+00 
1.962407e-01   2.941522e-03   4.186763e-03   1.397936e-03   2.304671e-03   -7.484931e-04   1.692076e+00 
1.977757e-01   3.044316e-03   4.220812e-03   1.417761e-03   2.316172e-03   -7.606554e-04   1.740870e+00 
1.993210e-01   3.149499e-03   4.254424e-03   1.437403e-03   2.327948e-03   -7.726643e-04   1.790234e+00 
2.008771e-01   3.256520e-03   4.287787e-03   1.456797e-03   2.340103e-03   -7.845860e-04   1.840163e+00 
2.024445e-01   3.365405e-03   4.321270e-03   1.475902e-03   2.352718e-03   -7.964447e-04   1.890654e+00 
2.040237e-01   3.475999e-03   4.355199e-03   1.494624e-03   2.365313e-03   -8.083858e-04   1.941702e+00 
2.056149e-01   3.588520e-03   4.389462e-03   1.512966e-03   2.377756e-03   -8.204461e-04   1.993305e+00 
2.072178e-01   3.703253e-03   4.423815e-03   1.530982e-03   2.390632e-03   -8.324984e-04   2.045457e+00 
2.088333e-01   3.820265e-03   4.457938e-03   1.548733e-03   2.404376e-03   -8.444621e-04   2.098155e+00 
2.104633e-01   3.940049e-03   4.491441e-03   1.566299e-03   2.419107e-03   -8.561680e-04   2.151396e+00 
2.121090e-01   4.062493e-03   4.524115e-03   1.583788e-03   2.434796e-03   -8.676310e-04   2.205175e+00 
2.137698e-01   4.186688e-03   4.556440e-03   1.601204e-03   2.451338e-03   -8.789979e-04   2.259489e+00 
2.154453e-01   4.312254e-03   4.589206e-03   1.618465e-03   2.468508e-03   -8.903434e-04   2.314335e+00 
2.171377e-01   4.439750e-03   4.622558e-03   1.635541e-03   2.485894e-03   -9.016479e-04   2.369707e+00 
2.188473e-01   4.568812e-03   4.656331e-03   1.652371e-03   2.503156e-03   -9.128898e-04   2.425604e+00 
2.205735e-01   4.699077e-03   4.690338e-03   1.669009e-03   2.520027e-03   -9.240683e-04   2.482022e+00 
2.223166e-01   4.830336e-03   4.724688e-03   1.685513e-03   2.536796e-03   -9.352440e-04   2.538956e+00 
2.240734e-01   4.962601e-03   4.759220e-03   1.701869e-03   2.553956e-03   -9.463982e-04   2.596404e+00 
2.258423e-01   5.096383e-03   4.793590e-03   1.718118e-03   2.571603e-03   -9.573657e-04   2.654363e+00 
2.276236e-01   5.231545e-03   4.827921e-03   1.734362e-03   2.589715e-03   -9.681399e-04   2.712828e+00 
2.294194e-01   5.367722e-03   4.862112e-03   1.750470e-03   2.608021e-03   -9.788149e-04   2.771797e+00 
2.312369e-01   5.505242e-03   4.895476e-03   1.766525e-03   2.626092e-03   -9.894751e-04   2.831267e+00 
2.330806e-01   5.644790e-03   4.928039e-03   1.782634e-03   2.644008e-03   -1.000100e-03   2.891233e+00 
2.349499e-01   5.787425e-03   4.959828e-03   1.798800e-03   2.662316e-03   -1.010655e-03   2.951694e+00 
2.368425e-01   5.933241e-03   4.991048e-03   1.814945e-03   2.680893e-03   -1.021107e-03   3.012645e+00 
2.387596e-01   6.082162e-03   5.022029e-03   1.831006e-03   2.699987e-03   -1.031524e-03   3.074084e+00 
2.406987e-01   6.233624e-03   5.053206e-03   1.846952e-03   2.719506e-03   -1.042031e-03   3.136008e+00 
2.426579e-01   6.386392e-03   5.085031e-03   1.862696e-03   2.739032e-03   -1.052746e-03   3.198414e+00 
2.446376e-01   6.540068e-03   5.117850e-03   1.878086e-03   2.758769e-03   -1.063715e-03   3.261298e+00 
2.466350e-01   6.695305e-03   5.152028e-03   1.893029e-03   2.778564e-03   -1.074673e-03   3.324657e+00 
2.486547e-01   6.853407e-03   5.187207e-03   1.907586e-03   2.798062e-03   -1.085487e-03   3.388490e+00 
2.506954e-01   7.013901e-03   5.222475e-03   1.921781e-03   2.817895e-03   -1.096319e-03   3.452792e+00 
2.527526e-01   7.176237e-03   5.257803e-03   1.935712e-03   2.838013e-03   -1.107110e-03   3.517561e+00 
2.548283e-01   7.340160e-03   5.294405e-03   1.949385e-03   2.857924e-03   -1.117836e-03   3.582794e+00 
2.569207e-01   7.505670e-03   5.331893e-03   1.962809e-03   2.877373e-03   -1.128557e-03   3.648489e+00 
2.590298e-01   7.673767e-03   5.368319e-03   1.976033e-03   2.896134e-03   -1.139107e-03   3.714642e+00 
2.611560e-01   7.844404e-03   5.403678e-03   1.988819e-03   2.914014e-03   -1.149433e-03   3.781251e+00 
2.632975e-01   8.017133e-03   5.438236e-03   2.001119e-03   2.930504e-03   -1.159641e-03   3.848313e+00 
2.654552e-01   8.192776e-03   5.471465e-03   2.013158e-03   2.947317e-03   -1.169778e-03   3.915826e+00 
2.676328e-01   8.371421e-03   5.502909e-03   2.024970e-03   2.965618e-03   -1.179696e-03   3.983786e+00 
2.698340e-01   8.552605e-03   5.532091e-03   2.036594e-03   2.985252e-03   -1.189297e-03   4.052192e+00 
2.720584e-01   8.736512e-03   5.559529e-03   2.047996e-03   3.005823e-03   -1.198586e-03   4.121039e+00 
2.743027e-01   8.922957e-03   5.586993e-03   2.059135e-03   3.026654e-03   -1.207353e-03   4.190328e+00 
2.765690e-01   9.111255e-03   5.614977e-03   2.070319e-03   3.047562e-03   -1.215770e-03   4.260053e+00 
2.788606e-01   9.301124e-03   5.643232e-03   2.081479e-03   3.068538e-03   -1.223954e-03   4.330214e+00 
2.811774e-01   9.492929e-03   5.671085e-03   2.092491e-03   3.089022e-03   -1.232021e-03   4.400807e+00 
2.835197e-01   9.687005e-03   5.698040e-03   2.103370e-03   3.109324e-03   -1.240025e-03   4.471830e+00 
2.858903e-01   9.882256e-03   5.724891e-03   2.113920e-03   3.130109e-03   -1.248093e-03   4.543280e+00 
2.883001e-01   1.007814e-02   5.752391e-03   2.124140e-03   3.150723e-03   -1.256482e-03   4.615156e+00 
2.907480e-01   1.027513e-02   5.780947e-03   2.133972e-03   3.169629e-03   -1.265229e-03   4.687455e+00 
2.932195e-01   1.047412e-02   5.809882e-03   2.143390e-03   3.186785e-03   -1.273925e-03   4.760174e+00 
2.957114e-01   1.067647e-02   5.837244e-03   2.152668e-03   3.203898e-03   -1.282377e-03   4.833312e+00 
2.982298e-01   1.088292e-02   5.863046e-03   2.161936e-03   3.221337e-03   -1.290371e-03   4.906865e+00 
3.007714e-01   1.109294e-02   5.887876e-03   2.171193e-03   3.237920e-03   -1.297923e-03   4.980832e+00 
3.033328e-01   1.130512e-02   5.912436e-03   2.180287e-03   3.253506e-03   -1.305261e-03   5.055210e+00 
3.059126e-01   1.152012e-02   5.937249e-03   2.188917e-03   3.269076e-03   -1.312228e-03   5.129997e+00 
3.085007e-01   1.173873e-02   5.961460e-03   2.197137e-03   3.284467e-03   -1.318453e-03   5.205191e+00 
3.110956e-01   1.196103e-02   5.983645e-03   2.205243e-03   3.298785e-03   -1.323972e-03   5.280790e+00 
3.137056e-01   1.218530e-02   6.005719e-03   2.213168e-03   3.313079e-03   -1.329160e-03   5.356792e+00 
3.163357e-01   1.241124e-02   6.028712e-03   2.220959e-03   3.327507e-03   -1.334321e-03   5.433193e+00 
3.189862e-01   1.263926e-02   6.052438e-03   2.228247e-03   3.343001e-03   -1.339385e-03   5.509994e+00 
3.216541e-01   1.286895e-02   6.075872e-03   2.234833e-03   3.358747e-03   -1.344418e-03   5.587190e+00 
3.243397e-01   1.310054e-02   6.097570e-03   2.241058e-03   3.372727e-03   -1.349343e-03   5.664780e+00 
3.270511e-01   1.333382e-02   6.118179e-03   2.247242e-03   3.384850e-03   -1.354363e-03   5.742763e+00 
3.297925e-01   1.356988e-02   6.138491e-03   2.253673e-03   3.395639e-03   -1.359295e-03   5.821135e+00 
3.325563e-01   1.380870e-02   6.158392e-03   2.260436e-03   3.405790e-03   -1.363826e-03   5.899895e+00 
3.353363e-01   1.405043e-02   6.177157e-03   2.267277e-03   3.416271e-03   -1.367951e-03   5.979042e+00 
3.381265e-01   1.429404e-02   6.192755e-03   2.273980e-03   3.426619e-03   -1.371796e-03   6.058572e+00 
3.409283e-01   1.453928e-02   6.206222e-03   2.280543e-03   3.436186e-03   -1.375384e-03   6.138485e+00 
3.437512e-01   1.478624e-02   6.220521e-03   2.286754e-03   3.444926e-03   -1.378906e-03   6.218778e+00 
3.465962e-01   1.503397e-02   6.234504e-03   2.292365e-03   3.452272e-03   -1.382627e-03   6.299449e+00 
3.494605e-01   1.528401e-02   6.246802e-03   2.297265e-03   3.458564e-03   -1.386074e-03   6.380496e+00 
3.523427e-01   1.553680e-02   6.258184e-03   2.301278e-03   3.465061e-03   -1.389143e-03   6.461918e+00 
3.552385e-01   1.579232e-02   6.268287e-03   2.304517e-03   3.471904e-03   -1.391907e-03   6.543712e+00 
3.581412e-01   1.604942e-02   6.278437e-03   2.307486e-03   3.477942e-03   -1.394377e-03   6.625877e+00 
3.610547e-01   1.630836e-02   6.288901e-03   2.310275e-03   3.482856e-03   -1.396548e-03   6.708411e+00 
3.639851e-01   1.656918e-02   6.298984e-03   2.312627e-03   3.487432e-03   -1.398563e-03   6.791312e+00 
3.669295e-01   1.683155e-02   6.308443e-03   2.314476e-03   3.492710e-03   -1.400611e-03   6.874579e+00 
3.698853e-01   1.709471e-02   6.316787e-03   2.315479e-03   3.497802e-03   -1.402651e-03   6.958208e+00 
3.728589e-01   1.735964e-02   6.324061e-03   2.316071e-03   3.501886e-03   -1.404483e-03   7.042200e+00 
3.758526e-01   1.762805e-02   6.331100e-03   2.316709e-03   3.504621e-03   -1.405641e-03   7.126552e+00 
3.788587e-01   1.789771e-02   6.339359e-03   2.317147e-03   3.506744e-03   -1.406641e-03   7.211262e+00 
3.818710e-01   1.816850e-02   6.346069e-03   2.317482e-03   3.508284e-03   -1.407451e-03   7.296328e+00 
3.848960e-01   1.844005e-02   6.351769e-03   2.317137e-03   3.510080e-03   -1.408060e-03   7.381750e+00 
3.879311e-01   1.871187e-02   6.355889e-03   2.315989e-03   3.512222e-03   -1.409048e-03   7.467524e+00 
3.909740e-01   1.898585e-02   6.356741e-03   2.314600e-03   3.513781e-03   -1.409895e-03   7.553650e+00 
3.940349e-01   1.926262e-02   6.355956e-03   2.313019e-03   3.515297e-03   -1.410331e-03   7.640126e+00 
3.971101e-01   1.954165e-02   6.353000e-03   2.311405e-03   3.515973e-03   -1.410364e-03   7.726950e+00 
4.001949e-01   1.982199e-02   6.346871e-03   2.309792e-03   3.515526e-03   -1.410114e-03   7.814121e+00 
4.032942e-01   2.010321e-02   6.339414e-03   2.307877e-03   3.516001e-03   -1.409679e-03   7.901637e+00 
4.064066e-01   2.038799e-02   6.329055e-03   2.305747e-03   3.516136e-03   -1.408373e-03   7.989497e+00 
4.095236e-01   2.067533e-02   6.315407e-03   2.303096e-03   3.514850e-03   -1.406690e-03   8.077698e+00 
4.126546e-01   2.096451e-02   6.301831e-03   2.299936e-03   3.513387e-03   -1.404860e-03   8.166239e+00 
4.158022e-01   2.125700e-02   6.288095e-03   2.296335e-03   3.511880e-03   -1.402464e-03   8.255120e+00 
4.189616e-01   2.155088e-02   6.271692e-03   2.291847e-03   3.510256e-03   -1.399972e-03   8.344337e+00 
4.221357e-01   2.184624e-02   6.252025e-03   2.286824e-03   3.507762e-03   -1.397343e-03   8.433891e+00 
4.253235e-01   2.214366e-02   6.231382e-03   2.281661e-03   3.502683e-03   -1.394341e-03   8.523778e+00 
4.285229e-01   2.244201e-02   6.210508e-03   2.276426e-03   3.494630e-03   -1.391526e-03   8.613998e+00 
4.317325e-01   2.274214e-02   6.188344e-03   2.270903e-03   3.485236e-03   -1.388726e-03   8.704549e+00 
4.349470e-01   2.304376e-02   6.163942e-03   2.264793e-03   3.474460e-03   -1.385828e-03   8.795430e+00 
4.381692e-01   2.334600e-02   6.137231e-03   2.258194e-03   3.462905e-03   -1.383074e-03   8.886640e+00 
4.414003e-01   2.365066e-02   6.109503e-03   2.251424e-03   3.452176e-03   -1.380068e-03   8.978176e+00 
4.446337e-01   2.395708e-02   6.082848e-03   2.243636e-03   3.440474e-03   -1.376373e-03   9.070038e+00 
4.478765e-01   2.426556e-02   6.058120e-03   2.234932e-03   3.428663e-03   -1.372134e-03   9.162223e+00 
4.511282e-01   2.457695e-02   6.034074e-03   2.225817e-03   3.416774e-03   -1.367084e-03   9.254732e+00 
4.543825e-01   2.489012e-02   6.007846e-03   2.216448e-03   3.403594e-03   -1.361765e-03   9.347561e+00 
4.576343e-01   2.520493e-02   5.978927e-03   2.206906e-03   3.388595e-03   -1.355946e-03   9.440710e+00 
4.608811e-01   2.552138e-02   5.947625e-03   2.196588e-03   3.372569e-03   -1.349124e-03   9.534178e+00 
4.641305e-01   2.583949e-02   5.914990e-03   2.185436e-03   3.355856e-03   -1.341726e-03   9.627963e+00 
4.673899e-01   2.615929e-02   5.881490e-03   2.173802e-03   3.337291e-03   -1.334278e-03   9.722064e+00 
4.706521e-01   2.647880e-02   5.849009e-03   2.162023e-03   3.317134e-03   -1.327100e-03   9.816478e+00 
4.739112e-01   2.679867e-02   5.815736e-03   2.150202e-03   3.297156e-03   -1.319857e-03   9.911206e+00 
4.771726e-01   2.711908e-02   5.780647e-03   2.137973e-03   3.279281e-03   -1.312807e-03   1.000625e+01 
4.804339e-01   2.744094e-02   5.744490e-03   2.125379e-03   3.261880e-03   -1.305423e-03   1.010160e+01 
4.836911e-01   2.776530e-02   5.705686e-03   2.112778e-03   3.243231e-03   -1.297140e-03   1.019726e+01 
4.869508e-01   2.809130e-02   5.664142e-03   2.100065e-03   3.222757e-03   -1.288372e-03   1.029322e+01 
4.902212e-01   2.841876e-02   5.621704e-03   2.086953e-03   3.201546e-03   -1.279242e-03   1.038950e+01 
4.934969e-01   2.874727e-02   5.579939e-03   2.073202e-03   3.181993e-03   -1.269887e-03   1.048608e+01 
4.967675e-01   2.907614e-02   5.538546e-03   2.058857e-03   3.162633e-03   -1.260268e-03   1.058296e+01 
5.000361e-01   2.940623e-02   5.496655e-03   2.044290e-03   3.140433e-03   -1.250364e-03   1.068015e+01 
5.033082e-01   2.973727e-02   5.453355e-03   2.029240e-03   3.116453e-03   -1.240514e-03   1.077763e+01 
5.065841e-01   3.006950e-02   5.410201e-03   2.013292e-03   3.092633e-03   -1.230279e-03   1.087542e+01 
5.098594e-01   3.040158e-02   5.367361e-03   1.996419e-03   3.068606e-03   -1.219796e-03   1.097351e+01 
5.131469e-01   3.073548e-02   5.320766e-03   1.978762e-03   3.045073e-03   -1.209164e-03   1.107190e+01 
5.164530e-01   3.107326e-02   5.270701e-03   1.961039e-03   3.021263e-03   -1.197966e-03   1.117058e+01 
5.197625e-01   3.141293e-02   5.217555e-03   1.943316e-03   2.995448e-03   -1.186687e-03   1.126955e+01 
5.230722e-01   3.175397e-02   5.161726e-03   1.924999e-03   2.968350e-03   -1.175237e-03   1.136883e+01 
5.263766e-01   3.209560e-02   5.105789e-03   1.906075e-03   2.940138e-03   -1.163591e-03   1.146839e+01 
5.296734e-01   3.243830e-02   5.048612e-03   1.887256e-03   2.910256e-03   -1.151357e-03   1.156825e+01 
5.329666e-01   3.278276e-02   4.989086e-03   1.868260e-03   2.878828e-03   -1.138510e-03   1.166840e+01 
5.362476e-01   3.312748e-02   4.927973e-03   1.848606e-03   2.846539e-03   -1.125366e-03   1.176884e+01 
5.395111e-01   3.347222e-02   4.866736e-03   1.828245e-03   2.813459e-03   -1.111694e-03   1.186957e+01 
5.427721e-01   3.381774e-02   4.804993e-03   1.807663e-03   2.779559e-03   -1.097566e-03   1.197058e+01 
5.460303e-01   3.416385e-02   4.742694e-03   1.786847e-03   2.743458e-03   -1.083361e-03   1.207188e+01 
5.492775e-01   3.450958e-02   4.681129e-03   1.765693e-03   2.706578e-03   -1.069083e-03   1.217347e+01 
5.525181e-01   3.485517e-02   4.619598e-03   1.744157e-03   2.670207e-03   -1.054758e-03   1.227534e+01 
5.557524e-01   3.520003e-02   4.556350e-03   1.722268e-03   2.632267e-03   -1.040676e-03   1.237750e+01 
5.589887e-01   3.554554e-02   4.491483e-03   1.699858e-03   2.591951e-03   -1.026607e-03   1.247993e+01 
5.622307e-01   3.589246e-02   4.426178e-03   1.676719e-03   2.550884e-03   -1.012249e-03   1.258265e+01 
5.654671e-01   3.624055e-02   4.361595e-03   1.652961e-03   2.509908e-03   -9.971424e-04   1.268565e+01 
5.686947e-01   3.658988e-02   4.297324e-03   1.629016e-03   2.468826e-03   -9.813037e-04   1.278892e+01 
5.719069e-01   3.693971e-02   4.231184e-03   1.604997e-03   2.428499e-03   -9.651875e-04   1.289248e+01 
5.751001e-01   3.728995e-02   4.164044e-03   1.580768e-03   2.388526e-03   -9.485174e-04   1.299631e+01 
5.782689e-01   3.763837e-02   4.098299e-03   1.556305e-03   2.348770e-03   -9.319062e-04   1.310042e+01 
5.814155e-01   3.798491e-02   4.032411e-03   1.531618e-03   2.308281e-03   -9.155016e-04   1.320480e+01 
5.845533e-01   3.833164e-02   3.965447e-03   1.506715e-03   2.266666e-03   -8.988847e-04   1.330946e+01 
5.876843e-01   3.867812e-02   3.898007e-03   1.481559e-03   2.224753e-03   -8.822912e-04   1.341438e+01 
5.908120e-01   3.902454e-02   3.829803e-03   1.456051e-03   2.183011e-03   -8.657272e-04   1.351959e+01 
5.939321e-01   3.937118e-02   3.760175e-03   1.430340e-03   2.141607e-03   -8.491320e-04   1.362506e+01 
5.970313e-01   3.971737e-02   3.690168e-03   1.404570e-03   2.098738e-03   -8.323064e-04   1.373080e+01 
6.001027e-01   4.006213e-02   3.620470e-03   1.378643e-03   2.054839e-03   -8.152574e-04   1.383681e+01 
6.031472e-01   4.040550e-02   3.550545e-03   1.352865e-03   2.010117e-03   -7.981635e-04   1.394309e+01 
6.061748e-01   4.074855e-02   3.479089e-03   1.327297e-03   1.963779e-03   -7.810777e-04   1.404963e+01 
6.091879e-01   4.109126e-02   3.406947e-03   1.301733e-03   1.916753e-03   -7.638926e-04   1.415644e+01 
6.121768e-01   4.143293e-02   3.336122e-03   1.275884e-03   1.869712e-03   -7.463737e-04   1.426352e+01 
6.151435e-01   4.177386e-02   3.265489e-03   1.249765e-03   1.822306e-03   -7.284223e-04   1.437086e+01 
6.180866e-01   4.211395e-02   3.193454e-03   1.223613e-03   1.774095e-03   -7.102801e-04   1.447846e+01 
6.210075e-01   4.245228e-02   3.120742e-03   1.197380e-03   1.725429e-03   -6.921980e-04   1.458633e+01 
6.239186e-01   4.279058e-02   3.046489e-03   1.171207e-03   1.677075e-03   -6.740383e-04   1.469445e+01 
6.268130e-01   4.312847e-02   2.971202e-03   1.145076e-03   1.628473e-03   -6.557593e-04   1.480284e+01 
6.296888e-01   4.346525e-02   2.895798e-03   1.118490e-03   1.580426e-03   -6.374226e-04   1.491149e+01 
6.325466e-01   4.380124e-02   2.820060e-03   1.091747e-03   1.532741e-03   -6.190735e-04   1.502039e+01 
6.353767e-01   4.413575e-02   2.744148e-03   1.065162e-03   1.484491e-03   -6.006222e-04   1.512956e+01 
6.381853e-01   4.446944e-02   2.666891e-03   1.038503e-03   1.435619e-03   -5.820896e-04   1.523898e+01 
6.409721e-01   4.480239e-02   2.587726e-03   1.011823e-03   1.386704e-03   -5.636431e-04   1.534865e+01 
6.437313e-01   4.513419e-02   2.508665e-03   9.851183e-04   1.338232e-03   -5.450496e-04   1.545858e+01 
6.464668e-01   4.546479e-02   2.429689e-03   9.581173e-04   1.290137e-03   -5.263404e-04   1.556877e+01 
6.491714e-01   4.579329e-02   2.350308e-03   9.312216e-04   1.241485e-03   -5.078211e-04   1.567921e+01 
6.518368e-01   4.611896e-02   2.270495e-03   9.044363e-04   1.192420e-03   -4.894598e-04   1.578990e+01 
6.544721e-01   4.644313e-02   2.189413e-03   8.777782e-04   1.143671e-03   -4.711145e-04   1.590084e+01 
6.570759e-01   4.676579e-02   2.107865e-03   8.512287e-04   1.095915e-03   -4.527958e-04   1.601203e+01 
6.596334e-01   4.708511e-02   2.026734e-03   8.247386e-04   1.048878e-03   -4.347454e-04   1.612348e+01 
6.621432e-01   4.740128e-02   1.945658e-03   7.985333e-04   1.002743e-03   -4.167004e-04   1.623517e+01 
6.646064e-01   4.771444e-02   1.864147e-03   7.728391e-04   9.573540e-04   -3.987203e-04   1.634711e+01 
6.670153e-01   4.802346e-02   1.783600e-03   7.476187e-04   9.129982e-04   -3.808918e-04   1.645930e+01 
6.693694e-01   4.832847e-02   1.703328e-03   7.227518e-04   8.698738e-04   -3.631588e-04   1.657173e+01 
6.716698e-01   4.862935e-02   1.623113e-03   6.980680e-04   8.275775e-04   -3.457314e-04   1.668441e+01 
6.739112e-01   4.892573e-02   1.543462e-03   6.736431e-04   7.857293e-04   -3.286644e-04   1.679734e+01 
6.760956e-01   4.921780e-02   1.464385e-03   6.495230e-04   7.443207e-04   -3.119635e-04   1.691051e+01 
6.782247e-01   4.950558e-02   1.386621e-03   6.255750e-04   7.037508e-04   -2.955674e-04   1.702392e+01 
6.802896e-01   4.978831e-02   1.310284e-03   6.018032e-04   6.644009e-04   -2.795216e-04   1.713757e+01 
6.822865e-01   5.006532e-02   1.235767e-03   5.782070e-04   6.257964e-04   -2.639313e-04   1.725147e+01 
6.842212e-01   5.033744e-02   1.162649e-03   5.549801e-04   5.882167e-04   -2.487331e-04   1.736561e+01 
6.860863e-01   5.060402e-02   1.091045e-03   5.323275e-04   5.522072e-04   -2.340160e-04   1.747999e+01 
6.878723e-01   5.086393e-02   1.022007e-03   5.103672e-04   5.173944e-04   -2.197964e-04   1.759461e+01 
6.895833e-01   5.111761e-02   9.556540e-04   4.888800e-04   4.838576e-04   -2.059865e-04   1.770946e+01 
6.912257e-01   5.136589e-02   8.909119e-04   4.677596e-04   4.518765e-04   -1.925659e-04   1.782456e+01 
6.927957e-01   5.160787e-02   8.281995e-04   4.469338e-04   4.213838e-04   -1.797839e-04   1.793989e+01 
6.942894e-01   5.184317e-02   7.679489e-04   4.264555e-04   3.924196e-04   -1.676651e-04   1.805546e+01 
6.957094e-01   5.207250e-02   7.100273e-04   4.064757e-04   3.648910e-04   -1.559705e-04   1.817126e+01 
6.970538e-01   5.229546e-02   6.547424e-04   3.869136e-04   3.384661e-04   -1.447976e-04   1.828730e+01 
6.983183e-01   5.251148e-02   6.022146e-04   3.678978e-04   3.132591e-04   -1.342197e-04   1.840357e+01 
6.995042e-01   5.272082e-02   5.526044e-04   3.494424e-04   2.899010e-04   -1.241335e-04   1.852008e+01 
7.006201e-01   5.292454e-02   5.055325e-04   3.315553e-04   2.681130e-04   -1.143722e-04   1.863682e+01 
7.016677e-01   5.312254e-02   4.612321e-04   3.141757e-04   2.475061e-04   -1.050415e-04   1.875379e+01 
7.026438e-01   5.331410e-02   4.198645e-04   2.972043e-04   2.281332e-04   -9.634759e-05   1.887100e+01 
7.035501e-01   5.349968e-02   3.811620e-04   2.807514e-04   2.099987e-04   -8.814314e-05   1.898843e+01 
7.043848e-01   5.367923e-02   3.452540e-04   2.649895e-04   1.927593e-04   -8.034629e-05   1.910610e+01 
7.051503e-01   5.385259e-02   3.123395e-04   2.498688e-04   1.763776e-04   -7.307538e-05   1.922399e+01 
7.058541e-01   5.402064e-02   2.819273e-04   2.353981e-04   1.609832e-04   -6.627995e-05   1.934211e+01 
7.064978e-01   5.418348e-02   2.542930e-04   2.215212e-04   1.466953e-04   -5.992392e-05   1.946046e+01 
7.070832e-01   5.434116e-02   2.294027e-04   2.081463e-04   1.334604e-04   -5.402258e-05   1.957903e+01 
7.076131e-01   5.449411e-02   2.068155e-04   1.952952e-04   1.211268e-04   -4.851533e-05   1.969784e+01 
7.080878e-01   5.464216e-02   1.865019e-04   1.829494e-04   1.098323e-04   -4.346780e-05   1.981687e+01 
7.085117e-01   5.478578e-02   1.681050e-04   1.711739e-04   9.957543e-05   -3.887578e-05   1.993612e+01 
7.088909e-01   5.492560e-02   1.516432e-04   1.600480e-04   9.010638e-05   -3.462891e-05   2.005560e+01 
7.092280e-01   5.506166e-02   1.370825e-04   1.495206e-04   8.139079e-05   -3.078642e-05   2.017530e+01 
7.095264e-01   5.519429e-02   1.238392e-04   1.396021e-04   7.351904e-05   -2.734334e-05   2.029523e+01 
7.097894e-01   5.532389e-02   1.118750e-04   1.302863e-04   6.645862e-05   -2.421506e-05   2.041537e+01 
7.100206e-01   5.545069e-02   1.011832e-04   1.215324e-04   6.007987e-05   -2.139443e-05   2.053574e+01 
7.102233e-01   5.557509e-02   9.165154e-05   1.133623e-04   5.418710e-05   -1.883867e-05   2.065633e+01 
7.103999e-01   5.569719e-02   8.337594e-05   1.057128e-04   4.883123e-05   -1.655116e-05   2.077714e+01 
7.105533e-01   5.581731e-02   7.614553e-05   9.853673e-05   4.405137e-05   -1.452493e-05   2.089818e+01 
7.106867e-01   5.593585e-02   6.973056e-05   9.184092e-05   3.976051e-05   -1.268665e-05   2.101942e+01 
7.107999e-01   5.605278e-02   6.399695e-05   8.560640e-05   3.588450e-05   -1.105769e-05   2.114089e+01 
7.108940e-01   5.616818e-02   5.885964e-05   7.981502e-05   3.245911e-05   -9.632734e-06   2.126258e+01 
7.109724e-01   5.628239e-02   5.428354e-05   7.446390e-05   2.947441e-05   -8.367626e-06   2.138448e+01 
7.110376e-01   5.639560e-02   5.022749e-05   6.953370e-05   2.679943e-05   -7.251844e-06   2.150660e+01 
7.110919e-01   5.650798e-02   4.663532e-05   6.497828e-05   2.436652e-05   -6.265263e-06   2.162894e+01 
7.111371e-01   5.661974e-02   4.338500e-05   6.076700e-05   2.218374e-05   -5.394993e-06   2.175149e+01 
7.111743e-01   5.673095e-02   4.045398e-05   5.687672e-05   2.024848e-05   -4.643225e-06   2.187426e+01 
7.112035e-01   5.684163e-02   3.778932e-05   5.328116e-05   1.853473e-05   -4.016429e-06   2.199724e+01 
7.112257e-01   5.695185e-02   3.534731e-05   4.995644e-05   1.700604e-05   -3.487943e-06   2.212044e+01 
7.112420e-01   5.706173e-02   3.313766e-05   4.688116e-05   1.563785e-05   -3.047414e-06   2.224384e+01 
7.112538e-01   5.717142e-02   3.112203e-05   4.404472e-05   1.443137e-05   -2.670648e-06   2.236746e+01 
7.112622e-01   5.728104e-02   2.928900e-05   4.143405e-05   1.335121e-05   -2.337274e-06   2.249130e+01 
7.112674e-01   5.739062e-02   2.760619e-05   3.903448e-05   1.237331e-05   -2.053298e-06   2.261534e+01 
7.112696e-01   5.750015e-02   2.605660e-05   3.682468e-05   1.150343e-05   -1.821886e-06   2.273959e+01 
7.112689e-01   5.760963e-02   2.464509e-05   3.478366e-05   1.072983e-05   -1.646286e-06   2.286406e+01 
7.112662e-01   5.771917e-02   2.334344e-05   3.290476e-05   1.001631e-05   -1.496633e-06   2.298873e+01 
7.112623e-01   5.782886e-02   2.216862e-05   3.117010e-05   9.358992e-06   -1.352776e-06   2.311361e+01 
7.112569e-01   5.793865e-02   2.110314e-05   2.955791e-05   8.769064e-06   -1.226120e-06   2.323870e+01 
7.112502e-01   5.804858e-02   2.009785e-05   2.806315e-05   8.243455e-06   -1.114235e-06   2.336400e+01 
7.112424e-01   5.815865e-02   1.915597e-05   2.667482e-05   7.774907e-06   -1.016363e-06   2.348951e+01 
7.112338e-01   5.826891e-02   1.827207e-05   2.538423e-05   7.344055e-06   -9.334082e-07   2.361522e+01 
7.112245e-01   5.837938e-02   1.744279e-05   2.418679e-05   6.941611e-06   -8.628434e-07   2.374114e+01 
7.112147e-01   5.849004e-02   1.667039e-05   2.307409e-05   6.568785e-06   -8.034596e-07   2.386726e+01 
7.112043e-01   5.860092e-02   1.594358e-05   2.203757e-05   6.221994e-06   -7.511851e-07   2.399359e+01 
7.111936e-01   5.871203e-02   1.526390e-05   2.106969e-05   5.898264e-06   -7.027292e-07   2.412012e+01 
7.111826e-01   5.882336e-02   1.463150e-05   2.016260e-05   5.604840e-06   -6.575785e-07   2.424686e+01 
7.111711e-01   5.893492e-02   1.403404e-05   1.931155e-05   5.342550e-06   -6.189865e-07   2.437380e+01 
7.111593e-01   5.904670e-02   1.346769e-05   1.851285e-05   5.098828e-06   -5.885766e-07   2.450094e+01 
7.111472e-01   5.915872e-02   1.293584e-05   1.776048e-05   4.872676e-06   -5.606901e-07   2.462828e+01 
7.111351e-01   5.927098e-02   1.243721e-05   1.704981e-05   4.663182e-06   -5.316046e-07   2.475583e+01 
7.111227e-01   5.938349e-02   1.196795e-05   1.637767e-05   4.463656e-06   -5.044688e-07   2.488358e+01 
7.111102e-01   5.949624e-02   1.152102e-05   1.574175e-05   4.272073e-06   -4.812605e-07   2.501153e+01 
7.110974e-01   5.960922e-02   1.109559e-05   1.513996e-05   4.090917e-06   -4.602265e-07   2.513968e+01 
7.110846e-01   5.972246e-02   1.068946e-05   1.457009e-05   3.920443e-06   -4.407893e-07   2.526803e+01 
7.110719e-01   5.983595e-02   1.030074e-05   1.403116e-05   3.760404e-06   -4.219781e-07   2.539657e+01 
7.110593e-01   5.994972e-02   9.929731e-06   1.352147e-05   3.609958e-06   -4.035671e-07   2.552532e+01 
7.110469e-01   6.006376e-02   9.575641e-06   1.303823e-05   3.467288e-06   -3.865279e-07   2.565426e+01 
7.110346e-01   6.017807e-02   9.238723e-06   1.257868e-05   3.331923e-06   -3.705881e-07   2.578340e+01 
7.110226e-01   6.029266e-02   8.918640e-06   1.214063e-05   3.203221e-06   -3.549905e-07   2.591274e+01 
7.110109e-01   6.040753e-02   8.613256e-06   1.172213e-05   3.080570e-06   -3.403457e-07   2.604228e+01 
7.109994e-01   6.052268e-02   8.320976e-06   1.132192e-05   2.963930e-06   -3.264629e-07   2.617201e+01 
7.109880e-01   6.063810e-02   8.040574e-06   1.093923e-05   2.853742e-06   -3.133865e-07   2.630193e+01 
7.109768e-01   6.075378e-02   7.770874e-06   1.057311e-05   2.749587e-06   -3.016203e-07   2.643205e+01 
7.109657e-01   6.086973e-02   7.514198e-06   1.022265e-05   2.650613e-06   -2.903705e-07   2.656237e+01 
7.109547e-01   6.098594e-02   7.270823e-06   9.887550e-06   2.556650e-06   -2.786632e-07   2.669288e+01 
7.109436e-01   6.110241e-02   7.038910e-06   9.567465e-06   2.466983e-06   -2.665568e-07   2.682358e+01 
7.109324e-01   6.121912e-02   6.817249e-06   9.261471e-06   2.381418e-06   -2.545308e-07   2.695448e+01 
7.109209e-01   6.133607e-02   6.605153e-06   8.968469e-06   2.300019e-06   -2.427881e-07   2.708556e+01 
7.109092e-01   6.145325e-02   6.401656e-06   8.687628e-06   2.222276e-06   -2.316281e-07   2.721684e+01 
7.108971e-01   6.157065e-02   6.206302e-06   8.418360e-06   2.147834e-06   -2.213606e-07   2.734832e+01 
7.108846e-01   6.168828e-02   6.018552e-06   8.160184e-06   2.076593e-06   -2.117237e-07   2.747998e+01 
7.108718e-01   6.180613e-02   5.838417e-06   7.912462e-06   2.008383e-06   -2.021647e-07   2.761184e+01 
7.108585e-01   6.192421e-02   5.665477e-06   7.674513e-06   1.943088e-06   -1.926154e-07   2.774388e+01 
7.108449e-01   6.204250e-02   5.499040e-06   7.445805e-06   1.880533e-06   -1.833141e-07   2.787611e+01 
7.108309e-01   6.216102e-02   5.338796e-06   7.225907e-06   1.820504e-06   -1.744263e-07   2.800853e+01 
7.108165e-01   6.227977e-02   5.184421e-06   7.014377e-06   1.762869e-06   -1.659289e-07   2.814114e+01 
7.108017e-01   6.239873e-02   5.035639e-06   6.810798e-06   1.707526e-06   -1.577416e-07   2.827394e+01 
7.107866e-01   6.251793e-02   4.892196e-06   6.614771e-06   1.654360e-06   -1.498533e-07   2.840693e+01 
7.107712e-01   6.263735e-02   4.753848e-06   6.425928e-06   1.603259e-06   -1.422595e-07   2.854011e+01 
7.107555e-01   6.275700e-02   4.620390e-06   6.243937e-06   1.554121e-06   -1.349420e-07   2.867347e+01 
7.107395e-01   6.287688e-02   4.491605e-06   6.068481e-06   1.506849e-06   -1.278917e-07   2.880702e+01 
7.107232e-01   6.299699e-02   4.367309e-06   5.899271e-06   1.461353e-06   -1.210853e-07   2.894075e+01 
7.107066e-01   6.311734e-02   4.247330e-06   5.736026e-06   1.417550e-06   -1.145015e-07   2.907467e+01 
7.106898e-01   6.323791e-02   4.131498e-06   5.578494e-06   1.375362e-06   -1.081376e-07   2.920877e+01 
7.106727e-01   6.335871e-02   4.019615e-06   5.426421e-06   1.334714e-06   -1.019915e-07   2.934306e+01 
7.106553e-01   6.347975e-02   3.911523e-06   5.279575e-06   1.295537e-06   -9.603688e-08   2.947754e+01 
7.106376e-01   6.360102e-02   3.807088e-06   5.137738e-06   1.257765e-06   -9.026995e-08   2.961219e+01 
7.106197e-01   6.372252e-02   3.706130e-06   5.000692e-06   1.221335e-06   -8.469906e-08   2.974703e+01 
7.106016e-01   6.384425e-02   3.608506e-06   4.868246e-06   1.186190e-06   -7.930225e-08   2.988206e+01 
7.105831e-01   6.396622e-02   3.514113e-06   4.740213e-06   1.152274e-06   -7.406044e-08   3.001726e+01 
7.105645e-01   6.408842e-02   3.422816e-06   4.616414e-06   1.119534e-06   -6.898165e-08   3.015265e+01 
7.105455e-01   6.421086e-02   3.334465e-06   4.496674e-06   1.087921e-06   -6.407159e-08   3.028822e+01 
7.105264e-01   6.433353e-02   3.248960e-06   4.380832e-06   1.057388e-06   -5.929935e-08   3.042397e+01 
7.105069e-01   6.445643e-02   3.166255e-06   4.268737e-06   1.027888e-06   -5.463857e-08   3.055990e+01 
7.104873e-01   6.457956e-02   3.086226e-06   4.160239e-06   9.993809e-07   -5.011245e-08   3.069601e+01 
7.104673e-01   6.470293e-02   3.008684e-06   4.055189e-06   9.718249e-07   -4.575579e-08   3.083231e+01 
7.104472e-01   6.482653e-02   2.933498e-06   3.953460e-06   9.451819e-07   -4.155736e-08   3.096878e+01 
7.104268e-01   6.495037e-02   2.860632e-06   3.854932e-06   9.194158e-07   -3.747440e-08   3.110543e+01 
7.104062e-01   6.507444e-02   2.790083e-06   3.759487e-06   8.944913e-07   -3.347884e-08   3.124226e+01 
7.103853e-01   6.519874e-02   2.721777e-06   3.667002e-06   8.703754e-07   -2.957858e-08   3.137926e+01 
7.103641e-01   6.532327e-02   2.655594e-06   3.577365e-06   8.470369e-07   -2.579072e-08   3.151645e+01 
7.103428e-01   6.544804e-02   2.591433e-06   3.490466e-06   8.244451e-07   -2.211849e-08   3.165381e+01 
7.103211e-01   6.557304e-02   2.529203e-06   3.406211e-06   8.025717e-07   -1.855428e-08   3.179135e+01 
7.102993e-01   6.569828e-02   2.468847e-06   3.324501e-06   7.813893e-07   -1.508821e-08   3.192907e+01 
7.102772e-01   6.582375e-02   2.410313e-06   3.245253e-06   7.608721e-07   -1.171165e-08   3.206696e+01 
7.102549e-01   6.594945e-02   2.353528e-06   3.168373e-06   7.409943e-07   -8.424994e-09   3.220503e+01 
7.102323e-01   6.607539e-02   2.298442e-06   3.093779e-06   7.217328e-07   -5.226119e-09   3.234327e+01 
7.102094e-01   6.620156e-02   2.244988e-06   3.021384e-06   7.030648e-07   -2.116252e-09   3.248169e+01 
7.101864e-01   6.632797e-02   2.193097e-06   2.951114e-06   6.849680e-07   9.057248e-10   3.262028e+01 
7.101631e-01   6.645461e-02   2.142725e-06   2.882893e-06   6.674219e-07   3.844352e-09   3.275905e+01 
7.101395e-01   6.658148e-02   2.093813e-06   2.816651e-06   6.504071e-07   6.699956e-09   3.289799e+01 
7.101157e-01   6.670858e-02   2.046304e-06   2.752314e-06   6.339041e-07   9.472892e-09   3.303710e+01 
7.100917e-01   6.683592e-02   2.000159e-06   2.689817e-06   6.178945e-07   1.216244e-08   3.317639e+01 
7.100674e-01   6.696349e-02   1.955321e-06   2.629094e-06   6.023613e-07   1.477047e-08   3.331585e+01 
7.100428e-01   6.709130e-02   1.911744e-06   2.570079e-06   5.872873e-07   1.729483e-08   3.345548e+01 
7.100181e-01   6.721934e-02   1.869407e-06   2.512717e-06   5.726568e-07   1.974129e-08   3.359529e+01 
7.099930e-01   6.734760e-02   1.828258e-06   2.456947e-06   5.584546e-07   2.211056e-08   3.373526e+01 
7.099677e-01   6.747610e-02   1.788262e-06   2.402719e-06   5.446655e-07   2.440470e-08   3.387541e+01 
7.099422e-01   6.760484e-02   1.749404e-06   2.349980e-06   5.312758e-07   2.663033e-08   3.401573e+01 
7.099164e-01   6.773380e-02   1.711633e-06   2.298686e-06   5.182719e-07   2.879169e-08   3.415622e+01 
7.098903e-01   6.786300e-02   1.674909e-06   2.248792e-06   5.056406e-07   3.089391e-08   3.429688e+01 
7.098641e-01   6.799244e-02   1.639215e-06   2.200257e-06   4.933696e-07   3.294595e-08   3.443771e+01 
7.098375e-01   6.812210e-02   1.604500e-06   2.153044e-06   4.814470e-07   3.495609e-08   3.457870e+01 
7.098108e-01   6.825200e-02   1.570717e-06   2.107113e-06   4.698612e-07   3.692803e-08   3.471987e+01 
7.097838e-01   6.838214e-02   1.537854e-06   2.062426e-06   4.586011e-07   3.887206e-08   3.486121e+01 
7.097566e-01   6.851251e-02   1.505881e-06   2.018950e-06   4.476564e-07   4.079441e-08   3.500271e+01 
7.097291e-01   6.864311e-02   1.474748e-06   1.976641e-06   4.370166e-07   4.269570e-08   3.514438e+01 
7.097014e-01   6.877395e-02   1.444462e-06   1.935464e-06   4.266717e-07   4.457728e-08   3.528622e+01 
7.096735e-01   6.890502e-02   1.415017e-06   1.895379e-06   4.166126e-07   4.643821e-08   3.542822e+01 
7.096454e-01   6.903632e-02   1.386366e-06   1.856346e-06   4.068300e-07   4.827029e-08   3.557040e+01 
7.096169e-01   6.916786e-02   1.358488e-06   1.818328e-06   3.973150e-07   5.006409e-08   3.571274e+01 
7.095883e-01   6.929963e-02   1.331387e-06   1.781287e-06   3.880594e-07   5.181320e-08   3.585524e+01 
7.095593e-01   6.943164e-02   1.305027e-06   1.745192e-06   3.790551e-07   5.351034e-08   3.599791e+01 
7.095301e-01   6.956387e-02   1.279340e-06   1.710006e-06   3.702940e-07   5.514648e-08   3.614075e+01 
7.095007e-01   6.969634e-02   1.254303e-06   1.675705e-06   3.617689e-07   5.671629e-08   3.628375e+01 
7.094709e-01   6.982903e-02   1.229920e-06   1.642260e-06   3.534724e-07   5.822322e-08   3.642692e+01 
7.094410e-01   6.996196e-02   1.206174e-06   1.609647e-06   3.453975e-07   5.967007e-08   3.657025e+01 
7.094107e-01   7.009512e-02   1.183017e-06   1.577845e-06   3.375374e-07   6.106076e-08   3.671374e+01 
7.093802e-01   7.022851e-02   1.160417e-06   1.546829e-06   3.298858e-07   6.239890e-08   3.685740e+01 
7.093494e-01   7.036213e-02   1.138370e-06   1.516581e-06   3.224364e-07   6.369169e-08   3.700122e+01 
7.093183e-01   7.049599e-02   1.116884e-06   1.487079e-06   3.151830e-07   6.494697e-08   3.714521e+01 
7.092870e-01   7.063007e-02   1.095951e-06   1.458302e-06   3.081199e-07   6.616966e-08   3.728935e+01 
7.092554e-01   7.076439e-02   1.075558e-06   1.430229e-06   3.012415e-07   6.736286e-08   3.743366e+01 
7.092236e-01   7.089893e-02   1.055693e-06   1.402840e-06   2.945424e-07   6.852978e-08   3.757814e+01 
7.091915e-01   7.103370e-02   1.036346e-06   1.376114e-06   2.880175e-07   6.967174e-08   3.772277e+01 
7.091590e-01   7.116871e-02   1.017504e-06   1.350032e-06   2.816615e-07   7.078900e-08   3.786756e+01 
7.091263e-01   7.130394e-02   9.991584e-07   1.324573e-06   2.754698e-07   7.188379e-08   3.801252e+01 
7.090933e-01   7.143941e-02   9.812924e-07   1.299720e-06   2.694377e-07   7.295508e-08   3.815763e+01 
7.090600e-01   7.157510e-02   9.638947e-07   1.275453e-06   2.635605e-07   7.400379e-08   3.830291e+01 
7.090264e-01   7.171101e-02   9.469552e-07   1.251755e-06   2.578339e-07   7.503052e-08   3.844835e+01 
7.089924e-01   7.184715e-02   9.304569e-07   1.228607e-06   2.522534e-07   7.603431e-08   3.859394e+01 
7.089581e-01   7.198352e-02   9.143878e-07   1.205994e-06   2.468151e-07   7.701650e-08   3.873970e+01 
7.089234e-01   7.212010e-02   8.987352e-07   1.183899e-06   2.415147e-07   7.797637e-08   3.888561e+01 
7.088884e-01   7.225692e-02   8.834810e-07   1.162305e-06   2.363482e-07   7.891159e-08   3.903169e+01 
7.088531e-01   7.239395e-02   8.686133e-07   1.141196e-06   2.313118e-07   7.982174e-08   3.917792e+01 
7.088174e-01   7.253122e-02   8.541175e-07   1.120560e-06   2.264016e-07   8.070517e-08   3.932431e+01 
7.087815e-01   7.266870e-02   8.399743e-07   1.100382e-06   2.216141e-07   8.156016e-08   3.947086e+01 
7.087452e-01   7.280642e-02   8.261720e-07   1.080648e-06   2.169456e-07   8.238658e-08   3.961756e+01 
7.087087e-01   7.294437e-02   8.126972e-07   1.061348e-06   2.123929e-07   8.318481e-08   3.976442e+01 
7.086719e-01   7.308255e-02   7.995359e-07   1.042471e-06   2.079526e-07   8.395551e-08   3.991144e+01 
7.086348e-01   7.322097e-02   7.866841e-07   1.024006e-06   2.036219e-07   8.470245e-08   4.005862e+01 
7.085975e-01   7.335962e-02   7.741280e-07   1.005942e-06   1.993974e-07   8.542761e-08   4.020595e+01 
7.085600e-01   7.349850e-02   7.618590e-07   9.882735e-07   1.952765e-07   8.613257e-08   4.035344e+01 
7.085223e-01   7.363762e-02   7.498786e-07   9.709885e-07   1.912563e-07   8.682154e-08   4.050108e+01 
7.084843e-01   7.377698e-02   7.381737e-07   9.540779e-07   1.873340e-07   8.749508e-08   4.064888e+01 
7.084460e-01   7.391657e-02   7.267342e-07   9.375343e-07   1.835071e-07   8.815329e-08   4.079683e+01 
7.084076e-01   7.405639e-02   7.155650e-07   9.213477e-07   1.797730e-07   8.879909e-08   4.094494e+01 
7.083689e-01   7.419645e-02   7.046546e-07   9.055090e-07   1.761291e-07   8.943066e-08   4.109321e+01 
7.083299e-01   7.433674e-02   6.939887e-07   8.900089e-07   1.725731e-07   9.004693e-08   4.124162e+01 
7.082907e-01   7.447727e-02   6.835728e-07   8.748400e-07   1.691027e-07   9.065046e-08   4.139019e+01 
7.082512e-01   7.461803e-02   6.733984e-07   8.599937e-07   1.657155e-07   9.123915e-08   4.153892e+01 
7.082115e-01   7.475903e-02   6.634510e-07   8.454598e-07   1.624094e-07   9.181082e-08   4.168780e+01 
7.081715e-01   7.490025e-02   6.537332e-07   8.312329e-07   1.591822e-07   9.236928e-08   4.183683e+01 
7.081313e-01   7.504172e-02   6.442396e-07   8.173035e-07   1.560318e-07   9.291370e-08   4.198601e+01 
7.080908e-01   7.518341e-02   6.349537e-07   8.036648e-07   1.529563e-07   9.344065e-08   4.213534e+01 
7.080500e-01   7.532534e-02   6.258787e-07   7.903089e-07   1.499537e-07   9.395405e-08   4.228483e+01 
7.080090e-01   7.546750e-02   6.170182e-07   7.772305e-07   1.470222e-07   9.445497e-08   4.243447e+01 
7.079677e-01   7.560989e-02   6.083496e-07   7.644211e-07   1.441598e-07   9.494010e-08   4.258426e+01 
7.079262e-01   7.575252e-02   5.998698e-07   7.518749e-07   1.413648e-07   9.541080e-08   4.273420e+01 
7.078844e-01   7.589538e-02   5.915887e-07   7.395855e-07   1.386355e-07   9.587068e-08   4.288430e+01 
7.078423e-01   7.603848e-02   5.834952e-07   7.275463e-07   1.359701e-07   9.631745e-08   4.303454e+01 
7.078000e-01   7.618180e-02   5.755692e-07   7.157513e-07   1.333671e-07   9.674744e-08   4.318493e+01 
7.077574e-01   7.632536e-02   5.678243e-07   7.041938e-07   1.308249e-07   9.716576e-08   4.333548e+01 
7.077145e-01   7.646916e-02   5.602634e-07   6.928702e-07   1.283419e-07   9.757438e-08   4.348617e+01 
7.076714e-01   7.661318e-02   5.528632e-07   6.817722e-07   1.259167e-07   9.796836e-08   4.363702e+01 
7.076280e-01   7.675744e-02   5.456119e-07   6.708947e-07   1.235477e-07   9.834732e-08   4.378801e+01 
7.075843e-01   7.690193e-02   5.385281e-07   6.602360e-07   1.212336e-07   9.871669e-08   4.393915e+01 
7.075404e-01   7.704665e-02   5.316136e-07   6.497844e-07   1.189730e-07   9.907760e-08   4.409044e+01 
7.074962e-01   7.719162e-02   5.248377e-07   6.395425e-07   1.167645e-07   9.942445e-08   4.424188e+01 
7.074517e-01   7.733680e-02   5.181891e-07   6.294941e-07   1.146069e-07   9.975381e-08   4.439347e+01 
7.074069e-01   7.748223e-02   5.116868e-07   6.196504e-07   1.124990e-07   1.000729e-07   4.454520e+01 
7.073619e-01   7.762788e-02   5.053556e-07   6.099903e-07   1.104394e-07   1.003865e-07   4.469708e+01 
7.073166e-01   7.777377e-02   4.991766e-07   6.005247e-07   1.084269e-07   1.006931e-07   4.484911e+01 
7.072710e-01   7.791989e-02   4.931256e-07   5.912422e-07   1.064605e-07   1.009884e-07   4.500129e+01 
7.072252e-01   7.806625e-02   4.871841e-07   5.821325e-07   1.045391e-07   1.012683e-07   4.515361e+01 
7.071791e-01   7.821283e-02   4.813643e-07   5.731962e-07   1.026615e-07   1.015356e-07   4.530608e+01 
7.071327e-01   7.835965e-02   4.756721e-07   5.644303e-07   1.008264e-07   1.017935e-07   4.545870e+01 
7.070860e-01   7.850670e-02   4.701055e-07   5.558331e-07   9.903314e-08   1.020413e-07   4.561146e+01 
7.070390e-01   7.865399e-02   4.646630e-07   5.473965e-07   9.728054e-08   1.022809e-07   4.576437e+01 
7.069918e-01   7.880151e-02   4.593344e-07   5.391192e-07   9.556767e-08   1.025102e-07   4.591742e+01 
7.069443e-01   7.894926e-02   4.541229e-07   5.309971e-07   9.389356e-08   1.027307e-07   4.607062e+01 
7.068965e-01   7.909724e-02   4.490180e-07   5.230264e-07   9.225726e-08   1.029409e-07   4.622396e+01 
7.068484e-01   7.924545e-02   4.440228e-07   5.152017e-07   9.065785e-08   1.031417e-07   4.637745e+01 
7.068000e-01   7.939390e-02   4.391340e-07   5.075225e-07   8.909449e-08   1.033342e-07   4.653108e+01 
7.067514e-01   7.954258e-02   4.343469e-07   4.999849e-07   8.756627e-08   1.035176e-07   4.668486e+01 
7.067025e-01   7.969150e-02   4.296639e-07   4.925853e-07   8.607240e-08   1.036928e-07   4.683878e+01 
7.066533e-01   7.984065e-02   4.250758e-07   4.853202e-07   8.461204e-08   1.038582e-07   4.699285e+01 
7.066038e-01   7.999002e-02   4.205881e-07   4.781878e-07   8.318442e-08   1.040161e-07   4.714705e+01 
7.065540e-01   8.013964e-02   4.161932e-07   4.711838e-07   8.178874e-08   1.041651e-07   4.730140e+01 
7.065040e-01   8.028948e-02   4.118902e-07   4.643061e-07   8.042424e-08   1.043052e-07   4.745590e+01 
7.064536e-01   8.043956e-02   4.076808e-07   4.575527e-07   7.909022e-08   1.044381e-07   4.761053e+01 
7.064030e-01   8.058987e-02   4.035552e-07   4.509191e-07   7.778596e-08   1.045613e-07   4.776531e+01 
7.063521e-01   8.074041e-02   3.995193e-07   4.444039e-07   7.651075e-08   1.046781e-07   4.792023e+01 
7.063009e-01   8.089119e-02   3.955641e-07   4.380034e-07   7.526392e-08   1.047866e-07   4.807530e+01 
7.062494e-01   8.104220e-02   3.916910e-07   4.317153e-07   7.404481e-08   1.048876e-07   4.823050e+01 
7.061976e-01   8.119344e-02   3.879010e-07   4.255370e-07   7.285276e-08   1.049822e-07   4.838585e+01 
7.061455e-01   8.134491e-02   3.841842e-07   4.194654e-07   7.168718e-08   1.050683e-07   4.854133e+01 
7.060932e-01   8.149662e-02   3.805485e-07   4.134989e-07   7.054742e-08   1.051485e-07   4.869696e+01 
7.060405e-01   8.164856e-02   3.769861e-07   4.076360e-07   6.943292e-08   1.052213e-07   4.885273e+01 
7.059876e-01   8.180073e-02   3.734949e-07   4.018736e-07   6.834306e-08   1.052870e-07   4.900864e+01 
7.059344e-01   8.195314e-02   3.700774e-07   3.962108e-07   6.727728e-08   1.053479e-07   4.916469e+01 
7.058808e-01   8.210578e-02   3.667186e-07   3.906453e-07   6.623501e-08   1.054009e-07   4.932088e+01 
7.058270e-01   8.225865e-02   3.634273e-07   3.851757e-07   6.521574e-08   1.054483e-07   4.947721e+01 
7.057729e-01   8.241175e-02   3.602010e-07   3.797994e-07   6.421895e-08   1.054897e-07   4.963367e+01 
7.057185e-01   8.256509e-02   3.570332e-07   3.745145e-07   6.324412e-08   1.055233e-07   4.979028e+01 
7.056638e-01   8.271866e-02   3.539369e-07   3.693187e-07   6.229079e-08   1.055515e-07   4.994703e+01 
7.056088e-01   8.287246e-02   3.509068e-07   3.642089e-07   6.135840e-08   1.055717e-07   5.010391e+01 
7.055535e-01   8.302650e-02   3.479551e-07   3.591834e-07   6.044654e-08   1.055842e-07   5.026094e+01 
7.054979e-01   8.318077e-02   3.450916e-07   3.542400e-07   5.955472e-08   1.055911e-07   5.041810e+01 
7.054421e-01   8.333527e-02   3.422994e-07   3.493760e-07   5.868248e-08   1.055897e-07   5.057540e+01 
7.053859e-01   8.349001e-02   3.395724e-07   3.445914e-07   5.782937e-08   1.055830e-07   5.073284e+01 
7.053294e-01   8.364497e-02   3.368842e-07   3.398850e-07   5.699498e-08   1.055715e-07   5.089041e+01 
7.052727e-01   8.380017e-02   3.342129e-07   3.352548e-07   5.617888e-08   1.055519e-07   5.104812e+01 
7.052156e-01   8.395560e-02   3.315768e-07   3.307008e-07   5.538065e-08   1.055296e-07   5.120597e+01 
7.051582e-01   8.411127e-02   3.289790e-07   3.262207e-07   5.459990e-08   1.055011e-07   5.136396e+01 
7.051005e-01   8.426717e-02   3.264368e-07   3.218131e-07   5.383623e-08   1.054676e-07   5.152208e+01 
7.050425e-01   8.442330e-02   3.239665e-07   3.174767e-07   5.308927e-08   1.054306e-07   5.168035e+01 
7.049842e-01   8.457966e-02   3.215528e-07   3.132080e-07   5.235865e-08   1.053864e-07   5.183874e+01 
7.049256e-01   8.473626e-02   3.191935e-07   3.090071e-07   5.164401e-08   1.053366e-07   5.199727e+01 
7.048668e-01   8.489309e-02   3.168892e-07   3.048723e-07   5.094499e-08   1.052827e-07   5.215594e+01 
7.048076e-01   8.505015e-02   3.146227e-07   3.008019e-07   5.026124e-08   1.052225e-07   5.231474e+01 
7.047481e-01   8.520745e-02   3.123989e-07   2.967953e-07   4.959242e-08   1.051562e-07   5.247368e+01 
7.046883e-01   8.536498e-02   3.102283e-07   2.928514e-07   4.893822e-08   1.050883e-07   5.263276e+01 
7.046282e-01   8.552275e-02   3.080890e-07   2.889682e-07   4.829826e-08   1.050118e-07   5.279197e+01 
7.045677e-01   8.568074e-02   3.059939e-07   2.851453e-07   4.767232e-08   1.049309e-07   5.295131e+01 
7.045070e-01   8.583895e-02   3.039484e-07   2.813821e-07   4.706011e-08   1.048477e-07   5.311077e+01 
7.044460e-01   8.599737e-02   3.019318e-07   2.776756e-07   4.646130e-08   1.047561e-07   5.327034e+01 
7.043847e-01   8.615601e-02   2.999602e-07   2.740264e-07   4.587561e-08   1.046619e-07   5.343004e+01 
7.043231e-01   8.631488e-02   2.980357e-07   2.704327e-07   4.530275e-08   1.045635e-07   5.358985e+01 
7.042612e-01   8.647396e-02   2.961435e-07   2.668933e-07   4.474242e-08   1.044601e-07   5.374979e+01 
7.041989e-01   8.663326e-02   2.942866e-07   2.634070e-07   4.419437e-08   1.043510e-07   5.390984e+01 
7.041364e-01   8.679278e-02   2.924768e-07   2.599731e-07   4.365830e-08   1.042400e-07   5.407001e+01 
7.040736e-01   8.695252e-02   2.906991e-07   2.565904e-07   4.313397e-08   1.041248e-07   5.423030e+01 
7.040104e-01   8.711248e-02   2.889448e-07   2.532577e-07   4.262109e-08   1.040000e-07   5.439071e+01 
7.039470e-01   8.727266e-02   2.872415e-07   2.499758e-07   4.211945e-08   1.038772e-07   5.455124e+01 
7.038832e-01   8.743305e-02   2.855687e-07   2.467414e-07   4.162877e-08   1.037488e-07   5.471189e+01 
7.038192e-01   8.759367e-02   2.839141e-07   2.435534e-07   4.114884e-08   1.036107e-07   5.487266e+01 
7.037548e-01   8.775451e-02   2.823104e-07   2.404133e-07   4.067940e-08   1.034757e-07   5.503355e+01 
7.036901e-01   8.791557e-02   2.807373e-07   2.373186e-07   4.022023e-08   1.033342e-07   5.519456e+01 
7.036251e-01   8.807685e-02   2.791827e-07   2.342681e-07   3.977111e-08   1.031862e-07   5.535569e+01 
7.035598e-01   8.823835e-02   2.776670e-07   2.312617e-07   3.933182e-08   1.030373e-07   5.551693e+01 
7.034942e-01   8.840008e-02   2.761865e-07   2.282979e-07   3.890214e-08   1.028837e-07   5.567830e+01 
7.034283e-01   8.856202e-02   2.747314e-07   2.253786e-07   3.848187e-08   1.027274e-07   5.583979e+01 
7.033621e-01   8.872419e-02   2.732945e-07   2.224970e-07   3.807080e-08   1.025638e-07   5.600139e+01 
7.032955e-01   8.888657e-02   2.718941e-07   2.196591e-07   3.766873e-08   1.023967e-07   5.616312e+01 
7.032287e-01   8.904918e-02   2.705376e-07   2.168602e-07   3.727547e-08   1.022332e-07   5.632496e+01 
7.031615e-01   8.921201e-02   2.691883e-07   2.141022e-07   3.689083e-08   1.020591e-07   5.648692e+01 
7.030940e-01   8.937507e-02   2.678548e-07   2.113768e-07   3.651461e-08   1.018774e-07   5.664900e+01 
7.030262e-01   8.953834e-02   2.665758e-07   2.086970e-07   3.614664e-08   1.017024e-07   5.681121e+01 
7.029581e-01   8.970184e-02   2.653292e-07   2.060507e-07   3.578675e-08   1.015230e-07   5.697353e+01 
7.028897e-01   8.986557e-02   2.640862e-07   2.034397e-07   3.543477e-08   1.013354e-07   5.713597e+01 
7.028209e-01   9.002951e-02   2.628479e-07   2.008675e-07   3.509051e-08   1.011414e-07   5.729853e+01 
7.027518e-01   9.019368e-02   2.616316e-07   1.983232e-07   3.475381e-08   1.009403e-07   5.746121e+01 
7.026825e-01   9.035807e-02   2.604622e-07   1.958196e-07   3.442450e-08   1.007421e-07   5.762400e+01 
7.026128e-01   9.052268e-02   2.593341e-07   1.933507e-07   3.410244e-08   1.005487e-07   5.778692e+01 
7.025427e-01   9.068752e-02   2.582205e-07   1.909098e-07   3.378747e-08   1.003448e-07   5.794996e+01 
7.024724e-01   9.085259e-02   2.571145e-07   1.885068e-07   3.347943e-08   1.001362e-07   5.811312e+01 
7.024017e-01   9.101787e-02   2.560382e-07   1.861338e-07   3.317818e-08   9.992838e-08   5.827639e+01 
7.023307e-01   9.118338e-02   2.549767e-07   1.837907e-07   3.288358e-08   9.971244e-08   5.843979e+01 
7.022594e-01   9.134912e-02   2.539323e-07   1.814821e-07   3.259547e-08   9.949212e-08   5.860330e+01 
7.021878e-01   9.151508e-02   2.529267e-07   1.791994e-07   3.231373e-08   9.927632e-08   5.876694e+01 
7.021158e-01   9.168127e-02   2.519285e-07   1.769502e-07   3.203821e-08   9.905367e-08   5.893069e+01 
7.020436e-01   9.184768e-02   2.509445e-07   1.747274e-07   3.176879e-08   9.882211e-08   5.909456e+01 
7.019710e-01   9.201431e-02   2.499866e-07   1.725402e-07   3.150533e-08   9.859424e-08   5.925856e+01 
7.018980e-01   9.218117e-02   2.490641e-07   1.703738e-07   3.124771e-08   9.836466e-08   5.942267e+01 
7.018248e-01   9.234826e-02   2.481342e-07   1.682447e-07   3.099580e-08   9.812550e-08   5.958690e+01 
7.017512e-01   9.251557e-02   2.472226e-07   1.661340e-07   3.074949e-08   9.788205e-08   5.975125e+01 
7.016773e-01   9.268311e-02   2.463427e-07   1.640542e-07   3.050864e-08   9.764887e-08   5.991572e+01 
7.016030e-01   9.285087e-02   2.454984e-07   1.619969e-07   3.027316e-08   9.741864e-08   6.008031e+01 
7.015285e-01   9.301886e-02   2.446488e-07   1.599543e-07   3.004293e-08   9.717116e-08   6.024501e+01 
7.014536e-01   9.318708e-02   2.437953e-07   1.579502e-07   2.981783e-08   9.691386e-08   6.040984e+01 
7.013784e-01   9.335552e-02   2.429656e-07   1.559725e-07   2.959776e-08   9.665561e-08   6.057479e+01 
7.013029e-01   9.352419e-02   2.421666e-07   1.540320e-07   2.938260e-08   9.640966e-08   6.073986e+01 
7.012270e-01   9.369308e-02   2.413949e-07   1.521146e-07   2.917225e-08   9.616656e-08   6.090504e+01 
7.011507e-01   9.386221e-02   2.406401e-07   1.502021e-07   2.896663e-08   9.591055e-08   6.107035e+01 
7.010742e-01   9.403156e-02   2.398797e-07   1.483063e-07   2.876561e-08   9.563847e-08   6.123577e+01 
7.009973e-01   9.420114e-02   2.391328e-07   1.464412e-07   2.856912e-08   9.536628e-08   6.140132e+01 
7.009201e-01   9.437095e-02   2.384068e-07   1.446006e-07   2.837704e-08   9.509567e-08   6.156698e+01 
7.008426e-01   9.454098e-02   2.376955e-07   1.427830e-07   2.818929e-08   9.482289e-08   6.173276e+01 
7.007647e-01   9.471124e-02   2.369995e-07   1.409882e-07   2.800578e-08   9.454785e-08   6.189866e+01 
7.006865e-01   9.488173e-02   2.363156e-07   1.392157e-07   2.782642e-08   9.427013e-08   6.206469e+01 
7.006079e-01   9.505245e-02   2.356507e-07   1.374654e-07   2.765112e-08   9.399234e-08   6.223083e+01 
7.005290e-01   9.522339e-02   2.349935e-07   1.357359e-07   2.747979e-08   9.370996e-08   6.239709e+01 
7.004498e-01   9.539457e-02   2.343524e-07   1.340273e-07   2.731235e-08   9.342620e-08   6.256347e+01 
7.003702e-01   9.556597e-02   2.337246e-07   1.323389e-07   2.714873e-08   9.314035e-08   6.272996e+01 
7.002903e-01   9.573760e-02   2.331072e-07   1.306704e-07   2.698884e-08   9.285093e-08   6.289658e+01 
7.002101e-01   9.590946e-02   2.325030e-07   1.290214e-07   2.683260e-08   9.255925e-08   6.306332e+01 
7.001295e-01   9.608155e-02   2.319086e-07   1.273919e-07   2.667993e-08   9.226454e-08   6.323018e+01 
7.000486e-01   9.625387e-02   2.313332e-07   1.257817e-07   2.653077e-08   9.197017e-08   6.339715e+01 
6.999673e-01   9.642642e-02   2.307613e-07   1.241899e-07   2.638503e-08   9.167042e-08   6.356425e+01 
6.998857e-01   9.659920e-02   2.302050e-07   1.226165e-07   2.624265e-08   9.136949e-08   6.373146e+01 
6.998038e-01   9.677220e-02   2.296642e-07   1.210621e-07   2.610354e-08   9.106857e-08   6.389880e+01 
6.997215e-01   9.694544e-02   2.291298e-07   1.195252e-07   2.596766e-08   9.076351e-08   6.406625e+01 
6.996388e-01   9.711891e-02   2.286102e-07   1.180060e-07   2.583491e-08   9.045729e-08   6.423383e+01 
6.995559e-01   9.729261e-02   2.280956e-07   1.165039e-07   2.570526e-08   9.014727e-08   6.440152e+01 
6.994725e-01   9.746653e-02   2.275992e-07   1.150197e-07   2.557862e-08   8.983788e-08   6.456933e+01 
6.993889e-01   9.764069e-02   2.271078e-07   1.135518e-07   2.545493e-08   8.952390e-08   6.473726e+01 
6.993048e-01   9.781508e-02   2.266196e-07   1.120994e-07   2.533413e-08   8.920462e-08   6.490531e+01 
6.992205e-01   9.798970e-02   2.261513e-07   1.106650e-07   2.521617e-08   8.888776e-08   6.507348e+01 
6.991357e-01   9.816455e-02   2.256873e-07   1.092460e-07   2.510098e-08   8.856652e-08   6.524177e+01 
6.990507e-01   9.833963e-02   2.252364e-07   1.078430e-07   2.498851e-08   8.824408e-08   6.541018e+01 
6.989653e-01   9.851494e-02   2.247892e-07   1.064554e-07   2.487868e-08   8.791783e-08   6.557871e+01 
6.988795e-01   9.869048e-02   2.243542e-07   1.050832e-07   2.477146e-08   8.759048e-08   6.574736e+01 
6.987934e-01   9.886626e-02   2.239386e-07   1.037275e-07   2.466678e-08   8.726515e-08   6.591612e+01 
6.987069e-01   9.904226e-02   2.235151e-07   1.023852e-07   2.456461e-08   8.693170e-08   6.608501e+01 
6.986201e-01   9.921850e-02   2.231059e-07   1.010578e-07   2.446486e-08   8.659735e-08   6.625401e+01 
6.985330e-01   9.939497e-02   2.227081e-07   9.974562e-08   2.436752e-08   8.626257e-08   6.642314e+01 
6.984454e-01   9.957166e-02   2.223159e-07   9.844779e-08   2.427250e-08   8.592525e-08   6.659238e+01 
6.983576e-01   9.974860e-02   2.219386e-07   9.716465e-08   2.417978e-08   8.558813e-08   6.676175e+01 
6.982693e-01   9.992576e-02   2.215496e-07   9.589381e-08   2.408929e-08   8.524184e-08   6.693123e+01 
6.981807e-01   1.001032e-01   2.211797e-07   9.463723e-08   2.400101e-08   8.489700e-08   6.710083e+01 
6.980918e-01   1.002808e-01   2.208343e-07   9.339645e-08   2.391487e-08   8.455693e-08   6.727055e+01 
6.980025e-01   1.004586e-01   2.204920e-07   9.216847e-08   2.383084e-08   8.421411e-08   6.744040e+01 
6.979128e-01   1.006367e-01   2.201653e-07   9.095417e-08   2.374887e-08   8.387180e-08   6.761036e+01 
6.978228e-01   1.008151e-01   2.198225e-07   8.975123e-08   2.366891e-08   8.351918e-08   6.778044e+01 
6.977324e-01   1.009936e-01   2.194776e-07   8.855985e-08   2.359092e-08   8.316022e-08   6.795064e+01 
6.976417e-01   1.011724e-01   2.191556e-07   8.738287e-08   2.351488e-08   8.280510e-08   6.812095e+01 
6.975506e-01   1.013514e-01   2.188693e-07   8.621815e-08   2.344071e-08   8.244087e-08   6.829139e+01 
6.974592e-01   1.015307e-01   2.185658e-07   8.506627e-08   2.336840e-08   8.209363e-08   6.846195e+01 
6.973673e-01   1.017102e-01   2.182335e-07   8.392801e-08   2.329790e-08   8.173213e-08   6.863263e+01 
6.972752e-01   1.018899e-01   2.179279e-07   8.279911e-08   2.322918e-08   8.136810e-08   6.880342e+01 
6.971826e-01   1.020699e-01   2.176461e-07   8.168555e-08   2.316219e-08   8.100468e-08   6.897434e+01 
6.970897e-01   1.022500e-01   2.173659e-07   8.058066e-08   2.309691e-08   8.064139e-08   6.914537e+01 
6.969965e-01   1.024305e-01   2.170799e-07   7.949070e-08   2.303328e-08   8.026877e-08   6.931653e+01 
6.969029e-01   1.026111e-01   2.168182e-07   7.840680e-08   2.297129e-08   7.990559e-08   6.948780e+01 
6.968088e-01   1.027920e-01   2.165495e-07   7.733753e-08   2.291088e-08   7.953218e-08   6.965919e+01 
6.967145e-01   1.029732e-01   2.162866e-07   7.628036e-08   2.285204e-08   7.915823e-08   6.983071e+01 
6.966197e-01   1.031545e-01   2.160464e-07   7.523394e-08   2.279472e-08   7.878989e-08   7.000234e+01 
6.965247e-01   1.033361e-01   2.157900e-07   7.419560e-08   2.273891e-08   7.840946e-08   7.017409e+01 
6.964292e-01   1.035179e-01   2.155454e-07   7.317275e-08   2.268456e-08   7.802987e-08   7.034596e+01 
6.963334e-01   1.037000e-01   2.153228e-07   7.215702e-08   2.263164e-08   7.765577e-08   7.051795e+01 
6.962371e-01   1.038823e-01   2.150813e-07   7.115035e-08   2.258011e-08   7.727332e-08   7.069006e+01 
6.961406e-01   1.040648e-01   2.148515e-07   7.015715e-08   2.252997e-08   7.688976e-08   7.086229e+01 
6.960436e-01   1.042476e-01   2.146414e-07   6.917373e-08   2.248116e-08   7.650681e-08   7.103463e+01 
6.959463e-01   1.044306e-01   2.144172e-07   6.819964e-08   2.243368e-08   7.611697e-08   7.120710e+01 
6.958486e-01   1.046138e-01   2.142094e-07   6.723743e-08   2.238747e-08   7.573023e-08   7.137969e+01 
6.957506e-01   1.047973e-01   2.140163e-07   6.628471e-08   2.234252e-08   7.534545e-08   7.155239e+01 
6.956521e-01   1.049810e-01   2.138025e-07   6.534088e-08   2.229880e-08   7.495155e-08   7.172522e+01 
6.955533e-01   1.051649e-01   2.136065e-07   6.440757e-08   2.225629e-08   7.455909e-08   7.189816e+01 
6.954541e-01   1.053491e-01   2.134274e-07   6.348423e-08   2.221496e-08   7.416830e-08   7.207123e+01 
6.953546e-01   1.055335e-01   2.132268e-07   6.257011e-08   2.217478e-08   7.376847e-08   7.224441e+01 
6.952546e-01   1.057181e-01   2.130463e-07   6.166436e-08   2.213573e-08   7.337092e-08   7.241771e+01 
6.951543e-01   1.059030e-01   2.128852e-07   6.077017e-08   2.209779e-08   7.297690e-08   7.259114e+01 
6.950536e-01   1.060881e-01   2.126970e-07   5.988519e-08   2.206093e-08   7.257376e-08   7.276468e+01 
6.949526e-01   1.062734e-01   2.125239e-07   5.900803e-08   2.202513e-08   7.216913e-08   7.293834e+01 
6.948511e-01   1.064590e-01   2.123831e-07   5.814534e-08   2.199034e-08   7.176992e-08   7.311212e+01 
6.947493e-01   1.066448e-01   2.122247e-07   5.728891e-08   2.195658e-08   7.136397e-08   7.328602e+01 
6.946470e-01   1.068309e-01   2.120486e-07   5.644156e-08   2.192381e-08   7.095228e-08   7.346004e+01 
6.945445e-01   1.070172e-01   2.119116e-07   5.560308e-08   2.189202e-08   7.054821e-08   7.363418e+01 
6.944415e-01   1.072037e-01   2.117768e-07   5.477276e-08   2.186118e-08   7.014045e-08   7.380843e+01 
6.943382e-01   1.073904e-01   2.116149e-07   5.395491e-08   2.183125e-08   6.972199e-08   7.398281e+01 
6.942344e-01   1.075774e-01   2.114937e-07   5.315282e-08   2.180222e-08   6.930830e-08   7.415731e+01 
6.941304e-01   1.077646e-01   2.113859e-07   5.237815e-08   2.177407e-08   6.889492e-08   7.433192e+01 
6.940258e-01   1.079521e-01   2.112563e-07   5.162414e-08   2.174680e-08   6.846701e-08   7.450666e+01 
6.939210e-01   1.081398e-01   2.111298e-07   5.090291e-08   2.172040e-08   6.803383e-08   7.468151e+01 
6.938157e-01   1.083277e-01   2.110589e-07   5.020170e-08   2.169483e-08   6.760911e-08   7.485649e+01 
6.937101e-01   1.085159e-01   2.109559e-07   4.951814e-08   2.167006e-08   6.717712e-08   7.503158e+01 
6.936040e-01   1.087043e-01   2.108191e-07   4.882363e-08   2.164608e-08   6.673542e-08   7.520679e+01 
6.934976e-01   1.088929e-01   2.107041e-07   4.811470e-08   2.162287e-08   6.630647e-08   7.538212e+01 
6.933907e-01   1.090818e-01   2.106324e-07   4.736302e-08   2.160041e-08   6.589721e-08   7.555757e+01 
6.932836e-01   1.092709e-01   2.105026e-07   4.656507e-08   2.157872e-08   6.549141e-08   7.573315e+01 
6.931758e-01   1.094603e-01   2.103462e-07   4.572235e-08   2.155774e-08   6.508924e-08   7.590884e+01 
6.930678e-01   1.096498e-01   2.102428e-07   4.486707e-08   2.153747e-08   6.470076e-08   7.608465e+01 
6.929593e-01   1.098396e-01   2.102097e-07   4.404495e-08   2.151787e-08   6.432050e-08   7.626057e+01 
6.928504e-01   1.100297e-01   2.101367e-07   4.327165e-08   2.149895e-08   6.391768e-08   7.643662e+01 
6.927410e-01   1.102199e-01   2.099797e-07   4.256817e-08   2.148069e-08   6.349333e-08   7.661279e+01 
6.926313e-01   1.104104e-01   2.097737e-07   4.191466e-08   2.146310e-08   6.306141e-08   7.678908e+01 
6.925213e-01   1.106012e-01   2.095580e-07   4.128217e-08   2.144617e-08   6.263214e-08   7.696548e+01 
6.924111e-01   1.107922e-01   2.093966e-07   4.064958e-08   2.142989e-08   6.220987e-08   7.714201e+01 
6.923006e-01   1.109834e-01   2.093699e-07   3.999235e-08   2.141422e-08   6.179446e-08   7.731865e+01 
6.921898e-01   1.111749e-01   2.095185e-07   3.930817e-08   2.139912e-08   6.138932e-08   7.749542e+01 
6.920783e-01   1.113667e-01   2.097017e-07   3.860835e-08   2.138457e-08   6.097721e-08   7.767230e+01 
6.919665e-01   1.115586e-01   2.096967e-07   3.790164e-08   2.137056e-08   6.052886e-08   7.784930e+01 
6.918540e-01   1.117508e-01   2.094797e-07   3.720129e-08   2.135709e-08   6.004730e-08   7.802643e+01 
6.917411e-01   1.119431e-01   2.092137e-07   3.652242e-08   2.134416e-08   5.956400e-08   7.820367e+01 
6.916278e-01   1.121358e-01   2.090121e-07   3.587003e-08   2.133178e-08   5.909731e-08   7.838103e+01 
6.915143e-01   1.123286e-01   2.088793e-07   3.523987e-08   2.131993e-08   5.864394e-08   7.855851e+01 
6.914003e-01   1.125217e-01   2.087978e-07   3.462403e-08   2.130858e-08   5.819814e-08   7.873611e+01 
6.912861e-01   1.127151e-01   2.087479e-07   3.401557e-08   2.129771e-08   5.775519e-08   7.891383e+01 
6.911713e-01   1.129087e-01   2.087025e-07   3.340919e-08   2.128731e-08   5.730961e-08   7.909167e+01 
6.910563e-01   1.131025e-01   2.086402e-07   3.280255e-08   2.127738e-08   5.685675e-08   7.926963e+01 
6.909406e-01   1.132965e-01   2.085608e-07   3.219755e-08   2.126790e-08   5.639719e-08   7.944770e+01 
6.908247e-01   1.134908e-01   2.084800e-07   3.159830e-08   2.125887e-08   5.593657e-08   7.962590e+01 
6.907082e-01   1.136853e-01   2.084042e-07   3.100722e-08   2.125028e-08   5.547629e-08   7.980422e+01 
6.905916e-01   1.138801e-01   2.083395e-07   3.042599e-08   2.124211e-08   5.501839e-08   7.998265e+01 
6.904743e-01   1.140751e-01   2.082838e-07   2.985388e-08   2.123435e-08   5.456244e-08   8.016121e+01 
6.903568e-01   1.142703e-01   2.082331e-07   2.928899e-08   2.122700e-08   5.410647e-08   8.033988e+01 
6.902387e-01   1.144658e-01   2.081813e-07   2.873004e-08   2.122004e-08   5.364794e-08   8.051868e+01 
6.901204e-01   1.146615e-01   2.081280e-07   2.817718e-08   2.121347e-08   5.318766e-08   8.069759e+01 
6.900015e-01   1.148574e-01   2.080740e-07   2.763033e-08   2.120727e-08   5.272574e-08   8.087662e+01 
6.898824e-01   1.150535e-01   2.080228e-07   2.708959e-08   2.120145e-08   5.226331e-08   8.105577e+01 
6.897626e-01   1.152499e-01   2.079752e-07   2.655517e-08   2.119597e-08   5.180075e-08   8.123504e+01 
6.896428e-01   1.154466e-01   2.079296e-07   2.602669e-08   2.119084e-08   5.133689e-08   8.141443e+01 
6.895222e-01   1.156434e-01   2.078857e-07   2.550453e-08   2.118603e-08   5.087244e-08   8.159394e+01 
6.894015e-01   1.158405e-01   2.078414e-07   2.498856e-08   2.118156e-08   5.040639e-08   8.177357e+01 
6.892800e-01   1.160379e-01   2.077993e-07   2.447907e-08   2.117742e-08   4.994013e-08   8.195332e+01 
6.891585e-01   1.162354e-01   2.077559e-07   2.397533e-08   2.117360e-08   4.947152e-08   8.213319e+01 
6.890363e-01   1.164332e-01   2.077158e-07   2.347734e-08   2.117009e-08   4.900182e-08   8.231318e+01 
6.889139e-01   1.166313e-01   2.076834e-07   2.298595e-08   2.116686e-08   4.853316e-08   8.249328e+01 
6.887908e-01   1.168295e-01   2.076568e-07   2.250035e-08   2.116392e-08   4.806436e-08   8.267351e+01 
6.886676e-01   1.170280e-01   2.076348e-07   2.202101e-08   2.116126e-08   4.759636e-08   8.285385e+01 
6.885436e-01   1.172268e-01   2.076087e-07   2.154676e-08   2.115888e-08   4.712580e-08   8.303432e+01 
6.884197e-01   1.174258e-01   2.075765e-07   2.107768e-08   2.115677e-08   4.665250e-08   8.321490e+01 
6.882948e-01   1.176250e-01   2.075406e-07   2.061405e-08   2.115492e-08   4.617713e-08   8.339561e+01 
6.881701e-01   1.178244e-01   2.075060e-07   2.015587e-08   2.115332e-08   4.570046e-08   8.357643e+01 
6.880444e-01   1.180241e-01   2.074791e-07   1.970387e-08   2.115197e-08   4.522511e-08   8.375737e+01 
6.879187e-01   1.182240e-01   2.074540e-07   1.925728e-08   2.115084e-08   4.474847e-08   8.393843e+01 
6.877923e-01   1.184241e-01   2.074333e-07   1.881665e-08   2.114996e-08   4.427211e-08   8.411961e+01 
6.876658e-01   1.186245e-01   2.074119e-07   1.838159e-08   2.114930e-08   4.379421e-08   8.430091e+01 
6.875384e-01   1.188251e-01   2.073898e-07   1.795193e-08   2.114886e-08   4.331457e-08   8.448233e+01 
6.874111e-01   1.190259e-01   2.073685e-07   1.752814e-08   2.114862e-08   4.283431e-08   8.466387e+01 
6.872829e-01   1.192270e-01   2.073467e-07   1.710980e-08   2.114859e-08   4.235259e-08   8.484553e+01 
6.871548e-01   1.194283e-01   2.073291e-07   1.669724e-08   2.114876e-08   4.187095e-08   8.502731e+01 
6.870257e-01   1.196298e-01   2.073088e-07   1.628986e-08   2.114911e-08   4.138730e-08   8.520921e+01 
6.868967e-01   1.198316e-01   2.072923e-07   1.588784e-08   2.114966e-08   4.090338e-08   8.539122e+01 
6.867668e-01   1.200336e-01   2.072753e-07   1.549121e-08   2.115039e-08   4.041864e-08   8.557336e+01 
6.866370e-01   1.202358e-01   2.072604e-07   1.509965e-08   2.115128e-08   3.993278e-08   8.575561e+01 
6.865062e-01   1.204383e-01   2.072440e-07   1.471329e-08   2.115237e-08   3.944584e-08   8.593799e+01 
6.863755e-01   1.206410e-01   2.072333e-07   1.433238e-08   2.115360e-08   3.895927e-08   8.612048e+01 
6.862438e-01   1.208439e-01   2.072178e-07   1.395622e-08   2.115500e-08   3.847009e-08   8.630310e+01 
6.861123e-01   1.210470e-01   2.072075e-07   1.358568e-08   2.115655e-08   3.798155e-08   8.648583e+01 
6.859798e-01   1.212504e-01   2.071966e-07   1.322025e-08   2.115825e-08   3.749156e-08   8.666868e+01 
6.858474e-01   1.214540e-01   2.071847e-07   1.286000e-08   2.116009e-08   3.700043e-08   8.685165e+01 
6.857140e-01   1.216579e-01   2.071788e-07   1.250529e-08   2.116208e-08   3.650969e-08   8.703474e+01 
6.855808e-01   1.218619e-01   2.071626e-07   1.215517e-08   2.116418e-08   3.601553e-08   8.721795e+01 
6.854465e-01   1.220663e-01   2.071612e-07   1.181110e-08   2.116644e-08   3.552384e-08   8.740128e+01 
6.853125e-01   1.222708e-01   2.071464e-07   1.147149e-08   2.116878e-08   3.502817e-08   8.758473e+01 
6.851773e-01   1.224756e-01   2.071435e-07   1.113744e-08   2.117127e-08   3.453389e-08   8.776830e+01 
6.850424e-01   1.226806e-01   2.071343e-07   1.080838e-08   2.117386e-08   3.403783e-08   8.795199e+01 
6.849063e-01   1.228858e-01   2.071308e-07   1.048455e-08   2.117656e-08   3.354185e-08   8.813579e+01 
6.847706e-01   1.230912e-01   2.071246e-07   1.016569e-08   2.117936e-08   3.304440e-08   8.831972e+01 
6.846336e-01   1.232969e-01   2.071185e-07   9.851871e-09   2.118227e-08   3.254630e-08   8.850377e+01 
6.844971e-01   1.235028e-01   2.071192e-07   9.543232e-09   2.118525e-08   3.204829e-08   8.868793e+01 
6.843592e-01   1.237090e-01   2.071079e-07   9.239282e-09   2.118835e-08   3.154734e-08   8.887222e+01 
6.842218e-01   1.239153e-01   2.071137e-07   8.940907e-09   2.119150e-08   3.104875e-08   8.905662e+01 
6.840830e-01   1.241219e-01   2.071021e-07   8.646906e-09   2.119476e-08   3.054604e-08   8.924114e+01 
6.839448e-01   1.243288e-01   2.071076e-07   8.358488e-09   2.119808e-08   3.004566e-08   8.942579e+01 
6.838051e-01   1.245358e-01   2.071040e-07   8.074782e-09   2.120148e-08   2.954285e-08   8.961055e+01 
6.836660e-01   1.247431e-01   2.070980e-07   7.795897e-09   2.120493e-08   2.903882e-08   8.979543e+01 
6.835254e-01   1.249506e-01   2.071084e-07   7.522560e-09   2.120848e-08   2.853703e-08   8.998043e+01 
6.833854e-01   1.251584e-01   2.070970e-07   7.253449e-09   2.121205e-08   2.803049e-08   9.016555e+01 
6.832439e-01   1.253663e-01   2.071063e-07   6.989825e-09   2.121570e-08   2.752669e-08   9.035079e+01 
6.831031e-01   1.255745e-01   2.071027e-07   6.730882e-09   2.121938e-08   2.702026e-08   9.053615e+01 
6.829607e-01   1.257829e-01   2.071048e-07   6.476916e-09   2.122313e-08   2.651371e-08   9.072163e+01 
6.828190e-01   1.259916e-01   2.071103e-07   6.227945e-09   2.122690e-08   2.600706e-08   9.090722e+01 
6.826757e-01   1.262005e-01   2.071049e-07   5.983702e-09   2.123073e-08   2.549814e-08   9.109294e+01 
6.825332e-01   1.264095e-01   2.071209e-07   5.744766e-09   2.123457e-08   2.499172e-08   9.127878e+01 
6.823889e-01   1.266189e-01   2.071124e-07   5.510143e-09   2.123847e-08   2.448067e-08   9.146473e+01 
6.822456e-01   1.268284e-01   2.071201e-07   5.280925e-09   2.124236e-08   2.397187e-08   9.165081e+01 
6.821004e-01   1.270382e-01   2.071266e-07   5.056389e-09   2.124632e-08   2.346176e-08   9.183700e+01 
6.819562e-01   1.272482e-01   2.071201e-07   4.836454e-09   2.125026e-08   2.294913e-08   9.202332e+01 
6.818100e-01   1.274584e-01   2.071386e-07   4.622090e-09   2.125425e-08   2.243998e-08   9.220975e+01 
6.816650e-01   1.276689e-01   2.071282e-07   4.411822e-09   2.125822e-08   2.192550e-08   9.239630e+01 
6.815179e-01   1.278795e-01   2.071325e-07   4.206867e-09   2.126222e-08   2.141301e-08   9.258297e+01 
6.813720e-01   1.280904e-01   2.071449e-07   4.006891e-09   2.126620e-08   2.090103e-08   9.276976e+01 
6.812240e-01   1.283016e-01   2.071344e-07   3.811179e-09   2.127021e-08   2.038454e-08   9.295667e+01 
6.810773e-01   1.285129e-01   2.071540e-07   3.620828e-09   2.127418e-08   1.987191e-08   9.314370e+01 
6.809283e-01   1.287245e-01   2.071641e-07   3.435214e-09   2.127817e-08   1.935726e-08   9.333085e+01 
6.807807e-01   1.289363e-01   2.071682e-07   3.254242e-09   2.128213e-08   1.884119e-08   9.351812e+01 
6.806308e-01   1.291483e-01   2.071869e-07   3.078383e-09   2.128610e-08   1.832644e-08   9.370551e+01 
6.804823e-01   1.293605e-01   2.071813e-07   2.907158e-09   2.129002e-08   1.780826e-08   9.389302e+01 
6.803315e-01   1.295730e-01   2.071943e-07   2.741029e-09   2.129395e-08   1.729215e-08   9.408064e+01 
6.801821e-01   1.297856e-01   2.072058e-07   2.579560e-09   2.129782e-08   1.677483e-08   9.426839e+01 
6.800303e-01   1.299986e-01   2.071939e-07   2.422679e-09   2.130169e-08   1.625398e-08   9.445626e+01 
6.798802e-01   1.302117e-01   2.072243e-07   2.271320e-09   2.130549e-08   1.573849e-08   9.464424e+01 
6.797274e-01   1.304250e-01   2.072305e-07   2.124281e-09   2.130929e-08   1.521886e-08   9.483234e+01 
6.795765e-01   1.306386e-01   2.072223e-07   1.981890e-09   2.131301e-08   1.469691e-08   9.502057e+01 
6.794226e-01   1.308524e-01   2.072562e-07   1.845147e-09   2.131672e-08   1.418043e-08   9.520891e+01 
6.792709e-01   1.310664e-01   2.072507e-07   1.712589e-09   2.132034e-08   1.365784e-08   9.539737e+01 
6.791161e-01   1.312806e-01   2.072589e-07   1.584933e-09   2.132394e-08   1.313645e-08   9.558596e+01 
6.789634e-01   1.314950e-01   2.072855e-07   1.462524e-09   2.132746e-08   1.261748e-08   9.577466e+01 
6.788077e-01   1.317097e-01   2.072782e-07   1.344627e-09   2.133094e-08   1.209324e-08   9.596348e+01 
6.786542e-01   1.319246e-01   2.072932e-07   1.231807e-09   2.133432e-08   1.157164e-08   9.615242e+01 
6.784975e-01   1.321397e-01   2.073216e-07   1.123866e-09   2.133766e-08   1.105094e-08   9.634148e+01 
6.783431e-01   1.323550e-01   2.073079e-07   1.020469e-09   2.134090e-08   1.052488e-08   9.653065e+01 
6.781854e-01   1.325705e-01   2.073315e-07   9.222885e-10   2.134408e-08   1.000299e-08   9.671995e+01 
6.780303e-01   1.327863e-01   2.073608e-07   8.290351e-10   2.134716e-08   9.481643e-09   9.690937e+01 
6.778715e-01   1.330023e-01   2.073393e-07   7.402710e-10   2.135017e-08   8.952932e-09   9.709891e+01 
6.777156e-01   1.332185e-01   2.073762e-07   6.569720e-10   2.135307e-08   8.431678e-09   9.728856e+01 
6.775558e-01   1.334348e-01   2.073978e-07   5.786879e-10   2.135589e-08   7.908031e-09   9.747834e+01 
6.773990e-01   1.336515e-01   2.073902e-07   5.049567e-10   2.135858e-08   7.380059e-09   9.766823e+01 
6.772383e-01   1.338683e-01   2.074132e-07   4.362298e-10   2.136120e-08   6.855686e-09   9.785825e+01 
6.770806e-01   1.340853e-01   2.074294e-07   3.724273e-10   2.136368e-08   6.329789e-09   9.804838e+01 
6.769189e-01   1.343026e-01   2.074276e-07   3.134079e-10   2.136606e-08   5.801682e-09   9.823863e+01 
6.767604e-01   1.345201e-01   2.074423e-07   2.596185e-10   2.136829e-08   5.275335e-09   9.842900e+01 
6.765976e-01   1.347377e-01   2.074968e-07   2.111226e-10   2.137042e-08   4.753173e-09   9.861950e+01 
6.764384e-01   1.349556e-01   2.074838e-07   1.670139e-10   2.137242e-08   4.222836e-09   9.881011e+01 
6.762746e-01   1.351737e-01   2.074789e-07   1.283877e-10   2.137427e-08   3.693057e-09   9.900084e+01 
6.761144e-01   1.353920e-01   2.075525e-07   9.521710e-11   2.137598e-08   3.172273e-09   9.919169e+01 
6.759498e-01   1.356104e-01   2.075390e-07   6.694569e-11   2.137754e-08   2.640221e-09   9.938266e+01 
6.757880e-01   1.358291e-01   2.075325e-07   4.330570e-11   2.137895e-08   2.109243e-09   9.957374e+01 
6.756251e-01   1.360479e-01   2.075983e-07   2.496171e-11   2.138022e-08   1.586526e-09   9.976495e+01 
6.754543e-01   1.362670e-01   2.076166e-07   1.166875e-11   2.138131e-08   1.057870e-09   9.995628e+01 
6.753150e-01   1.364861e-01   2.076163e-07   3.014887e-12   2.138217e-08   5.282186e-10   1.001477e+02 
6.750876e-01   1.367055e-01   2.076529e-07   -3.851086e-16   2.138295e-08   -6.800116e-16   1.003393e+02 
