% The data presented here were obtained from a direct numerical simulation of a turbulent 
% boundary layer developing under a pressure gradient. All the data shown here are 
% not normalized. Please refer to the references below for rmore detailed information.
 
 
% We compute the boundary layer thickness using the method of Griffin et al. (2021). 
% The pressure-gradient parameters of beta_{ZS} and beta_i are computed as follows. 
% beta_{ZS}=(delta)/(rho U_{ZS}^2)(dp_e/dx) and beta_i = (nu/rho u_tau^3)(d p_w/dx) 
% where $delta$ is the boundary layer thickness, $U_{ZS}$ is the Zagorola-Smits velocity, 
% $p_e$ and $p_w$ are the pressure at the edge of boundary layer and wall, respectively. 
 
  
% Please check this report for rmore detailed information about the data: 
% Gungor, T. R., Gungor, A. G.., Maciel, Y. (2024). Datasets of  
% three non-equilibrium pressure gradient turbulent boundary layers.  
  
  
% Please cite this paper when referencing the data: 
% Gungor, T. R., Gungor, A. G. & Maciel, Y. (2024).  
% Turbulent boundary layer response to uniform changes of the pressure force contribution
% arXiv preprint arXiv:2402.13067 
 
  
% ========================================================================================= 
%  	 	 	************ Position 6 of DNS23 ************ 
% ========================================================================================= 

% 	 Re_tau = 1.024681e+03 
% 	 Re_theta=1.203608e+04 
% 	 utau=8.974966e-03 
% 	 U_e=6.290201e-01 
% 	 theta=5.467045e+00 
% 	 delta_star=1.449015e+01 
% 	 delta=3.262028e+01 
%  	 x_pos=5.563449e+02 
% 	 H=2.650455e+00 
% 	 C_f=4.023889e-04 
% 	 nu=2.857143e-04 
% 	 beta_RC=9.843879e+00 
% 	 beta_i=4.764715e-02 
% 	 beta_ZS=3.634815e-02 
 
% ========================================================================================================== 
% 	 U   	   V   	   u2   	   v2   	   w2   	   uv   	   y        
% ========================================================================================================= 
9.376001e-04   -2.012104e-08   1.296364e-06   5.856339e-11   1.456777e-06   -8.454544e-10   3.320224e-03 
2.157360e-03   -1.054863e-07   6.656036e-06   1.544208e-09   7.416800e-06   -1.074385e-08   7.619924e-03 
3.661827e-03   -2.995658e-07   1.840876e-05   1.166719e-08   2.024997e-05   -5.430581e-08   1.288845e-02 
5.453093e-03   -6.529695e-07   3.894567e-05   5.111124e-08   4.210643e-05   -1.832248e-07   1.911534e-02 
7.531933e-03   -1.222335e-06   7.058171e-05   1.630135e-07   7.466740e-05   -4.860452e-07   2.629033e-02 
9.896030e-03   -2.069303e-06   1.153802e-04   4.203542e-07   1.189154e-04   -1.091673e-06   3.440335e-02 
1.253724e-02   -3.259524e-06   1.749419e-04   9.288281e-07   1.750122e-04   -2.160204e-06   4.344451e-02 
1.543905e-02   -4.861388e-06   2.501312e-04   1.823549e-06   2.422685e-04   -3.859603e-06   5.340409e-02 
1.857473e-02   -6.944072e-06   3.408196e-04   3.259874e-06   3.192462e-04   -6.332954e-06   6.427258e-02 
2.190712e-02   -9.574618e-06   4.457374e-04   5.400428e-06   4.039611e-04   -9.667816e-06   7.604062e-02 
2.539012e-02   -1.281409e-05   5.625182e-04   8.401252e-06   4.941423e-04   -1.387834e-05   8.869899e-02 
2.897184e-02   -1.671349e-05   6.879384e-04   1.239984e-05   5.874816e-04   -1.890502e-05   1.022387e-01 
3.259845e-02   -2.131009e-05   8.182935e-04   1.750677e-05   6.818313e-04   -2.462946e-05   1.166508e-01 
3.621821e-02   -2.662518e-05   9.498165e-04   2.380157e-05   7.753295e-04   -3.089747e-05   1.319265e-01 
3.978470e-02   -3.266382e-05   1.079053e-03   3.133211e-05   8.664571e-04   -3.754385e-05   1.480574e-01 
4.325908e-02   -3.941685e-05   1.203133e-03   4.011646e-05   9.540442e-04   -4.441328e-05   1.650351e-01 
4.661125e-02   -4.686403e-05   1.319913e-03   5.014586e-05   1.037246e-03   -5.137368e-05   1.828511e-01 
4.981989e-02   -5.497787e-05   1.427993e-03   6.138838e-05   1.115505e-03   -5.832173e-05   2.014975e-01 
5.287177e-02   -6.372806e-05   1.526645e-03   7.379286e-05   1.188504e-03   -6.518255e-05   2.209661e-01 
5.576065e-02   -7.308502e-05   1.615687e-03   8.729321e-05   1.256114e-03   -7.190709e-05   2.412492e-01 
5.848578e-02   -8.301790e-05   1.695356e-03   1.018122e-04   1.318356e-03   -7.846927e-05   2.623390e-01 
6.105061e-02   -9.349276e-05   1.766182e-03   1.172643e-04   1.375360e-03   -8.486234e-05   2.842279e-01 
6.346146e-02   -1.044770e-04   1.828878e-03   1.335584e-04   1.427342e-03   -9.109553e-05   3.069083e-01 
6.572653e-02   -1.159429e-04   1.884262e-03   1.505991e-04   1.474558e-03   -9.718978e-05   3.303730e-01 
6.785499e-02   -1.278722e-04   1.933181e-03   1.682877e-04   1.517291e-03   -1.031709e-04   3.546147e-01 
6.985631e-02   -1.402573e-04   1.976455e-03   1.865242e-04   1.555829e-03   -1.090627e-04   3.796264e-01 
7.173991e-02   -1.530897e-04   2.014857e-03   2.052104e-04   1.590461e-03   -1.148835e-04   4.054008e-01 
7.351491e-02   -1.663677e-04   2.049113e-03   2.242542e-04   1.621486e-03   -1.206504e-04   4.319312e-01 
7.518988e-02   -1.801168e-04   2.079879e-03   2.435750e-04   1.649199e-03   -1.263860e-04   4.592109e-01 
7.677268e-02   -1.943880e-04   2.107734e-03   2.631059e-04   1.673885e-03   -1.321203e-04   4.872331e-01 
7.827059e-02   -2.092297e-04   2.133169e-03   2.827905e-04   1.695812e-03   -1.378873e-04   5.159912e-01 
7.969027e-02   -2.246797e-04   2.156581e-03   3.025777e-04   1.715224e-03   -1.437171e-04   5.454788e-01 
8.103781e-02   -2.407837e-04   2.178264e-03   3.224204e-04   1.732362e-03   -1.496304e-04   5.756895e-01 
8.231911e-02   -2.575670e-04   2.198433e-03   3.422772e-04   1.747458e-03   -1.556402e-04   6.066170e-01 
8.353997e-02   -2.749735e-04   2.217276e-03   3.621107e-04   1.760757e-03   -1.617518e-04   6.382551e-01 
8.470604e-02   -2.928667e-04   2.234985e-03   3.818912e-04   1.772522e-03   -1.679582e-04   6.705979e-01 
8.582248e-02   -3.110875e-04   2.251736e-03   4.015969e-04   1.782993e-03   -1.742744e-04   7.036392e-01 
8.689349e-02   -3.295023e-04   2.267679e-03   4.212077e-04   1.792373e-03   -1.806958e-04   7.373731e-01 
8.792236e-02   -3.480271e-04   2.282930e-03   4.407112e-04   1.800837e-03   -1.872114e-04   7.717940e-01 
8.891211e-02   -3.666529e-04   2.297576e-03   4.600990e-04   1.808519e-03   -1.938104e-04   8.068960e-01 
8.986585e-02   -3.854717e-04   2.311698e-03   4.793707e-04   1.815490e-03   -2.004916e-04   8.426735e-01 
9.078680e-02   -4.045852e-04   2.325385e-03   4.985298e-04   1.821811e-03   -2.072613e-04   8.791210e-01 
9.167784e-02   -4.239654e-04   2.338740e-03   5.175738e-04   1.827584e-03   -2.141236e-04   9.162329e-01 
9.254142e-02   -4.435292e-04   2.351862e-03   5.365001e-04   1.832907e-03   -2.210851e-04   9.540039e-01 
9.337957e-02   -4.632498e-04   2.364813e-03   5.553207e-04   1.837801e-03   -2.281561e-04   9.924286e-01 
9.419370e-02   -4.832277e-04   2.377615e-03   5.740566e-04   1.842280e-03   -2.353363e-04   1.031502e+00 
9.498514e-02   -5.036521e-04   2.390210e-03   5.927345e-04   1.846310e-03   -2.426172e-04   1.071218e+00 
9.575517e-02   -5.245920e-04   2.402502e-03   6.113690e-04   1.849779e-03   -2.500025e-04   1.111573e+00 
9.650487e-02   -5.460146e-04   2.414505e-03   6.299616e-04   1.852600e-03   -2.574875e-04   1.152561e+00 
9.723577e-02   -5.678891e-04   2.426394e-03   6.485132e-04   1.854770e-03   -2.650537e-04   1.194178e+00 
9.794986e-02   -5.901495e-04   2.438366e-03   6.670281e-04   1.856387e-03   -2.726811e-04   1.236418e+00 
9.864924e-02   -6.126822e-04   2.450474e-03   6.855146e-04   1.857635e-03   -2.803605e-04   1.279276e+00 
9.933578e-02   -6.355598e-04   2.462695e-03   7.039884e-04   1.858668e-03   -2.880992e-04   1.322748e+00 
1.000112e-01   -6.591092e-04   2.475036e-03   7.224719e-04   1.859484e-03   -2.959016e-04   1.366830e+00 
1.006772e-01   -6.837382e-04   2.487530e-03   7.409954e-04   1.860075e-03   -3.037891e-04   1.411516e+00 
1.013353e-01   -7.096550e-04   2.500054e-03   7.595864e-04   1.860549e-03   -3.117888e-04   1.456801e+00 
1.019861e-01   -7.368858e-04   2.512480e-03   7.782666e-04   1.861017e-03   -3.199133e-04   1.502683e+00 
1.026301e-01   -7.653027e-04   2.524900e-03   7.970293e-04   1.861682e-03   -3.281630e-04   1.549156e+00 
1.032669e-01   -7.947450e-04   2.537395e-03   8.157857e-04   1.862821e-03   -3.365343e-04   1.596215e+00 
1.038954e-01   -8.252642e-04   2.549962e-03   8.344146e-04   1.864541e-03   -3.449988e-04   1.643857e+00 
1.045149e-01   -8.568504e-04   2.562666e-03   8.528438e-04   1.866823e-03   -3.535069e-04   1.692076e+00 
1.051255e-01   -8.892418e-04   2.575581e-03   8.710598e-04   1.869623e-03   -3.620246e-04   1.740870e+00 
1.057286e-01   -9.221538e-04   2.588843e-03   8.891122e-04   1.872897e-03   -3.705656e-04   1.790234e+00 
1.063262e-01   -9.556596e-04   2.602557e-03   9.070792e-04   1.876671e-03   -3.791842e-04   1.840163e+00 
1.069198e-01   -9.900255e-04   2.616816e-03   9.250200e-04   1.881009e-03   -3.879500e-04   1.890654e+00 
1.075107e-01   -1.025668e-03   2.631733e-03   9.429519e-04   1.885784e-03   -3.969593e-04   1.941702e+00 
1.081010e-01   -1.063000e-03   2.647395e-03   9.608946e-04   1.890941e-03   -4.063124e-04   1.993305e+00 
1.086941e-01   -1.102092e-03   2.663813e-03   9.788374e-04   1.896599e-03   -4.160069e-04   2.045457e+00 
1.092912e-01   -1.142543e-03   2.680964e-03   9.967088e-04   1.902722e-03   -4.259635e-04   2.098155e+00 
1.098925e-01   -1.183708e-03   2.698785e-03   1.014483e-03   1.909168e-03   -4.361310e-04   2.151396e+00 
1.104971e-01   -1.225288e-03   2.717101e-03   1.032199e-03   1.915712e-03   -4.464665e-04   2.205175e+00 
1.111030e-01   -1.267414e-03   2.735704e-03   1.049884e-03   1.922288e-03   -4.569147e-04   2.259489e+00 
1.117094e-01   -1.310063e-03   2.754426e-03   1.067586e-03   1.928968e-03   -4.674459e-04   2.314335e+00 
1.123175e-01   -1.352805e-03   2.773258e-03   1.085330e-03   1.935841e-03   -4.780374e-04   2.369707e+00 
1.129272e-01   -1.395128e-03   2.792340e-03   1.103086e-03   1.942919e-03   -4.886514e-04   2.425604e+00 
1.135392e-01   -1.436967e-03   2.811796e-03   1.120818e-03   1.950376e-03   -4.993104e-04   2.482022e+00 
1.141545e-01   -1.478470e-03   2.831519e-03   1.138532e-03   1.958424e-03   -5.100502e-04   2.538956e+00 
1.147761e-01   -1.519377e-03   2.851612e-03   1.156250e-03   1.967080e-03   -5.208506e-04   2.596404e+00 
1.154061e-01   -1.559468e-03   2.872200e-03   1.173977e-03   1.976246e-03   -5.316953e-04   2.654363e+00 
1.160419e-01   -1.598714e-03   2.892978e-03   1.191662e-03   1.985766e-03   -5.426448e-04   2.712828e+00 
1.166813e-01   -1.637104e-03   2.913779e-03   1.209246e-03   1.995171e-03   -5.537268e-04   2.771797e+00 
1.173243e-01   -1.674722e-03   2.934383e-03   1.226740e-03   2.004313e-03   -5.649122e-04   2.831267e+00 
1.179695e-01   -1.711898e-03   2.954682e-03   1.244190e-03   2.013065e-03   -5.761385e-04   2.891233e+00 
1.186145e-01   -1.748488e-03   2.974783e-03   1.261575e-03   2.021474e-03   -5.872735e-04   2.951694e+00 
1.192596e-01   -1.784268e-03   2.994723e-03   1.278829e-03   2.029899e-03   -5.982112e-04   3.012645e+00 
1.199066e-01   -1.819352e-03   3.014635e-03   1.295885e-03   2.038398e-03   -6.088874e-04   3.074084e+00 
1.205559e-01   -1.853850e-03   3.034868e-03   1.312781e-03   2.046923e-03   -6.193620e-04   3.136008e+00 
1.212062e-01   -1.888029e-03   3.055884e-03   1.329579e-03   2.055798e-03   -6.297294e-04   3.198414e+00 
1.218596e-01   -1.922111e-03   3.078038e-03   1.346257e-03   2.065197e-03   -6.400751e-04   3.261298e+00 
1.225166e-01   -1.956068e-03   3.101167e-03   1.362795e-03   2.074933e-03   -6.504541e-04   3.324657e+00 
1.231758e-01   -1.990432e-03   3.125094e-03   1.379271e-03   2.085099e-03   -6.609306e-04   3.388490e+00 
1.238369e-01   -2.025830e-03   3.150038e-03   1.395782e-03   2.095582e-03   -6.715827e-04   3.452792e+00 
1.244984e-01   -2.061685e-03   3.175774e-03   1.412346e-03   2.106003e-03   -6.823984e-04   3.517561e+00 
1.251614e-01   -2.096861e-03   3.201847e-03   1.429007e-03   2.116577e-03   -6.931882e-04   3.582794e+00 
1.258297e-01   -2.130372e-03   3.228151e-03   1.445756e-03   2.127649e-03   -7.038325e-04   3.648489e+00 
1.265055e-01   -2.161965e-03   3.254582e-03   1.462591e-03   2.138976e-03   -7.144047e-04   3.714642e+00 
1.271927e-01   -2.192397e-03   3.280915e-03   1.479554e-03   2.150358e-03   -7.249747e-04   3.781251e+00 
1.278951e-01   -2.222371e-03   3.306830e-03   1.496643e-03   2.161533e-03   -7.356206e-04   3.848313e+00 
1.286109e-01   -2.252563e-03   3.331966e-03   1.513788e-03   2.172436e-03   -7.463593e-04   3.915826e+00 
1.293346e-01   -2.283996e-03   3.356610e-03   1.531050e-03   2.183365e-03   -7.573130e-04   3.983786e+00 
1.300623e-01   -2.317751e-03   3.381248e-03   1.548421e-03   2.194164e-03   -7.685757e-04   4.052192e+00 
1.307938e-01   -2.354313e-03   3.405856e-03   1.565853e-03   2.204881e-03   -7.800544e-04   4.121039e+00 
1.315306e-01   -2.392481e-03   3.430396e-03   1.583190e-03   2.215742e-03   -7.915585e-04   4.190328e+00 
1.322752e-01   -2.431317e-03   3.454759e-03   1.600396e-03   2.227030e-03   -8.030893e-04   4.260053e+00 
1.330290e-01   -2.471315e-03   3.479175e-03   1.617571e-03   2.238911e-03   -8.146993e-04   4.330214e+00 
1.337904e-01   -2.513084e-03   3.504389e-03   1.634792e-03   2.251326e-03   -8.265260e-04   4.400807e+00 
1.345605e-01   -2.555671e-03   3.531041e-03   1.652217e-03   2.264268e-03   -8.386398e-04   4.471830e+00 
1.353413e-01   -2.597603e-03   3.558662e-03   1.669815e-03   2.277643e-03   -8.510544e-04   4.543280e+00 
1.361331e-01   -2.638410e-03   3.586479e-03   1.687521e-03   2.290908e-03   -8.635434e-04   4.615156e+00 
1.369376e-01   -2.678017e-03   3.614364e-03   1.705374e-03   2.304299e-03   -8.758388e-04   4.687455e+00 
1.377560e-01   -2.717948e-03   3.642107e-03   1.723320e-03   2.318331e-03   -8.879089e-04   4.760174e+00 
1.385915e-01   -2.758750e-03   3.669503e-03   1.741287e-03   2.332666e-03   -8.998683e-04   4.833312e+00 
1.394441e-01   -2.800353e-03   3.697308e-03   1.759273e-03   2.346678e-03   -9.118453e-04   4.906865e+00 
1.403097e-01   -2.842179e-03   3.725981e-03   1.777292e-03   2.360683e-03   -9.239079e-04   4.980832e+00 
1.411887e-01   -2.883430e-03   3.755512e-03   1.795461e-03   2.375563e-03   -9.360076e-04   5.055210e+00 
1.420852e-01   -2.924459e-03   3.785359e-03   1.813903e-03   2.390742e-03   -9.481777e-04   5.129997e+00 
1.430027e-01   -2.966144e-03   3.814731e-03   1.832658e-03   2.405463e-03   -9.605764e-04   5.205191e+00 
1.439406e-01   -3.009204e-03   3.843511e-03   1.851452e-03   2.420148e-03   -9.730949e-04   5.280790e+00 
1.448961e-01   -3.054194e-03   3.872200e-03   1.870047e-03   2.435090e-03   -9.857032e-04   5.356792e+00 
1.458650e-01   -3.101269e-03   3.900888e-03   1.888347e-03   2.449858e-03   -9.985545e-04   5.433193e+00 
1.468458e-01   -3.149469e-03   3.929067e-03   1.906449e-03   2.464845e-03   -1.011741e-03   5.509994e+00 
1.478369e-01   -3.197131e-03   3.956252e-03   1.924469e-03   2.481011e-03   -1.024962e-03   5.587190e+00 
1.488400e-01   -3.242791e-03   3.982750e-03   1.942552e-03   2.498155e-03   -1.038103e-03   5.664780e+00 
1.498593e-01   -3.287059e-03   4.009249e-03   1.960669e-03   2.515435e-03   -1.051199e-03   5.742763e+00 
1.508941e-01   -3.330485e-03   4.036859e-03   1.978552e-03   2.533018e-03   -1.064045e-03   5.821135e+00 
1.519415e-01   -3.373793e-03   4.066489e-03   1.995967e-03   2.550977e-03   -1.076696e-03   5.899895e+00 
1.529993e-01   -3.418750e-03   4.098292e-03   2.012938e-03   2.569402e-03   -1.089514e-03   5.979042e+00 
1.540615e-01   -3.465194e-03   4.132463e-03   2.029558e-03   2.589164e-03   -1.102559e-03   6.058572e+00 
1.551178e-01   -3.511909e-03   4.167700e-03   2.045661e-03   2.610546e-03   -1.115492e-03   6.138485e+00 
1.561713e-01   -3.558729e-03   4.202446e-03   2.061131e-03   2.633055e-03   -1.127933e-03   6.218778e+00 
1.572300e-01   -3.606397e-03   4.236256e-03   2.075952e-03   2.656133e-03   -1.139904e-03   6.299449e+00 
1.582987e-01   -3.655713e-03   4.269141e-03   2.090523e-03   2.678884e-03   -1.151836e-03   6.380496e+00 
1.593809e-01   -3.705329e-03   4.302128e-03   2.105149e-03   2.701356e-03   -1.164139e-03   6.461918e+00 
1.604717e-01   -3.753171e-03   4.335999e-03   2.119827e-03   2.724052e-03   -1.176563e-03   6.543712e+00 
1.615710e-01   -3.800373e-03   4.370831e-03   2.134700e-03   2.746748e-03   -1.188709e-03   6.625877e+00 
1.626871e-01   -3.846944e-03   4.405852e-03   2.149901e-03   2.769224e-03   -1.200407e-03   6.708411e+00 
1.638215e-01   -3.892496e-03   4.440973e-03   2.165407e-03   2.791607e-03   -1.211890e-03   6.791312e+00 
1.649705e-01   -3.936301e-03   4.476187e-03   2.181073e-03   2.814532e-03   -1.223420e-03   6.874579e+00 
1.661285e-01   -3.979507e-03   4.510685e-03   2.196579e-03   2.838388e-03   -1.235189e-03   6.958208e+00 
1.672968e-01   -4.024932e-03   4.544350e-03   2.212039e-03   2.862172e-03   -1.247390e-03   7.042200e+00 
1.684763e-01   -4.071752e-03   4.577627e-03   2.227444e-03   2.885950e-03   -1.259738e-03   7.126552e+00 
1.696698e-01   -4.119226e-03   4.610226e-03   2.242816e-03   2.910625e-03   -1.271616e-03   7.211262e+00 
1.708856e-01   -4.167374e-03   4.642918e-03   2.258283e-03   2.935798e-03   -1.283018e-03   7.296328e+00 
1.721210e-01   -4.217250e-03   4.676509e-03   2.273758e-03   2.961194e-03   -1.294429e-03   7.381750e+00 
1.733718e-01   -4.267508e-03   4.710612e-03   2.289048e-03   2.986797e-03   -1.305587e-03   7.467524e+00 
1.746346e-01   -4.317422e-03   4.746362e-03   2.304116e-03   3.011592e-03   -1.316769e-03   7.553650e+00 
1.759075e-01   -4.366357e-03   4.784126e-03   2.319094e-03   3.035448e-03   -1.328535e-03   7.640126e+00 
1.771943e-01   -4.414189e-03   4.821805e-03   2.334148e-03   3.058797e-03   -1.340600e-03   7.726950e+00 
1.785031e-01   -4.460868e-03   4.859670e-03   2.349496e-03   3.081684e-03   -1.352748e-03   7.814121e+00 
1.798320e-01   -4.504667e-03   4.898683e-03   2.365173e-03   3.104167e-03   -1.364950e-03   7.901637e+00 
1.811742e-01   -4.545016e-03   4.938409e-03   2.380761e-03   3.126209e-03   -1.376976e-03   7.989497e+00 
1.825258e-01   -4.583362e-03   4.978910e-03   2.395728e-03   3.148146e-03   -1.388844e-03   8.077698e+00 
1.838894e-01   -4.621087e-03   5.019487e-03   2.410147e-03   3.170093e-03   -1.400362e-03   8.166239e+00 
1.852732e-01   -4.659502e-03   5.059298e-03   2.424595e-03   3.192216e-03   -1.411861e-03   8.255120e+00 
1.866748e-01   -4.698187e-03   5.097950e-03   2.439192e-03   3.215579e-03   -1.423288e-03   8.344337e+00 
1.880854e-01   -4.735997e-03   5.134673e-03   2.453461e-03   3.240615e-03   -1.434330e-03   8.433891e+00 
1.895075e-01   -4.772303e-03   5.169911e-03   2.467289e-03   3.265988e-03   -1.445415e-03   8.523778e+00 
1.909510e-01   -4.807812e-03   5.205067e-03   2.481376e-03   3.290512e-03   -1.456825e-03   8.613998e+00 
1.924123e-01   -4.842678e-03   5.240761e-03   2.495674e-03   3.313658e-03   -1.468116e-03   8.704549e+00 
1.938835e-01   -4.879030e-03   5.276384e-03   2.509898e-03   3.335822e-03   -1.478946e-03   8.795430e+00 
1.953655e-01   -4.919418e-03   5.312379e-03   2.524345e-03   3.357308e-03   -1.490142e-03   8.886640e+00 
1.968608e-01   -4.962131e-03   5.348333e-03   2.538723e-03   3.378633e-03   -1.501547e-03   8.978176e+00 
1.983664e-01   -5.004605e-03   5.383601e-03   2.552491e-03   3.400629e-03   -1.512655e-03   9.070038e+00 
1.998882e-01   -5.047892e-03   5.419029e-03   2.566007e-03   3.421960e-03   -1.523833e-03   9.162223e+00 
2.014288e-01   -5.093975e-03   5.455484e-03   2.579546e-03   3.441899e-03   -1.535416e-03   9.254732e+00 
2.029884e-01   -5.142652e-03   5.493865e-03   2.593296e-03   3.461968e-03   -1.547479e-03   9.347561e+00 
2.045647e-01   -5.192371e-03   5.533344e-03   2.607074e-03   3.482356e-03   -1.559929e-03   9.440710e+00 
2.061500e-01   -5.238936e-03   5.573404e-03   2.620418e-03   3.503110e-03   -1.572310e-03   9.534178e+00 
2.077453e-01   -5.280567e-03   5.614159e-03   2.633270e-03   3.524019e-03   -1.584255e-03   9.627963e+00 
2.093525e-01   -5.319822e-03   5.655465e-03   2.645648e-03   3.545203e-03   -1.595936e-03   9.722064e+00 
2.109736e-01   -5.359299e-03   5.697611e-03   2.657621e-03   3.567515e-03   -1.607467e-03   9.816478e+00 
2.126119e-01   -5.401095e-03   5.739830e-03   2.669450e-03   3.589646e-03   -1.619106e-03   9.911206e+00 
2.142695e-01   -5.444821e-03   5.780654e-03   2.681227e-03   3.611117e-03   -1.630570e-03   1.000625e+01 
2.159480e-01   -5.486468e-03   5.819871e-03   2.693017e-03   3.631552e-03   -1.641756e-03   1.010160e+01 
2.176469e-01   -5.524362e-03   5.857904e-03   2.704656e-03   3.651804e-03   -1.652415e-03   1.019726e+01 
2.193564e-01   -5.562155e-03   5.894946e-03   2.716021e-03   3.672780e-03   -1.662715e-03   1.029322e+01 
2.210682e-01   -5.600114e-03   5.931735e-03   2.727259e-03   3.693220e-03   -1.672486e-03   1.038950e+01 
2.227842e-01   -5.638674e-03   5.967965e-03   2.738355e-03   3.713286e-03   -1.681940e-03   1.048608e+01 
2.245117e-01   -5.679135e-03   6.002983e-03   2.749699e-03   3.733189e-03   -1.691727e-03   1.058296e+01 
2.262614e-01   -5.719628e-03   6.035308e-03   2.761266e-03   3.751676e-03   -1.701513e-03   1.068015e+01 
2.280342e-01   -5.758436e-03   6.064690e-03   2.773093e-03   3.769337e-03   -1.710971e-03   1.077763e+01 
2.298128e-01   -5.795052e-03   6.093749e-03   2.785522e-03   3.785420e-03   -1.720293e-03   1.087542e+01 
2.315914e-01   -5.828388e-03   6.122967e-03   2.798413e-03   3.800630e-03   -1.729376e-03   1.097351e+01 
2.333818e-01   -5.860357e-03   6.150783e-03   2.811256e-03   3.815961e-03   -1.738382e-03   1.107190e+01 
2.351866e-01   -5.892036e-03   6.177681e-03   2.823135e-03   3.831731e-03   -1.747036e-03   1.117058e+01 
2.369979e-01   -5.923771e-03   6.206477e-03   2.834207e-03   3.847386e-03   -1.755142e-03   1.126955e+01 
2.388219e-01   -5.956141e-03   6.239025e-03   2.845374e-03   3.863877e-03   -1.762974e-03   1.136883e+01 
2.406623e-01   -5.988635e-03   6.273479e-03   2.856426e-03   3.881498e-03   -1.770933e-03   1.146839e+01 
2.425201e-01   -6.018730e-03   6.304847e-03   2.867767e-03   3.899739e-03   -1.778418e-03   1.156825e+01 
2.444007e-01   -6.047519e-03   6.331903e-03   2.879646e-03   3.918122e-03   -1.785500e-03   1.166840e+01 
2.462996e-01   -6.077348e-03   6.357606e-03   2.891067e-03   3.936040e-03   -1.792738e-03   1.176884e+01 
2.482090e-01   -6.106582e-03   6.382655e-03   2.901999e-03   3.953993e-03   -1.799888e-03   1.186957e+01 
2.501225e-01   -6.137298e-03   6.406409e-03   2.912927e-03   3.971236e-03   -1.807224e-03   1.197058e+01 
2.520424e-01   -6.167758e-03   6.429753e-03   2.923565e-03   3.987757e-03   -1.814162e-03   1.207188e+01 
2.539729e-01   -6.195681e-03   6.453902e-03   2.933076e-03   4.004985e-03   -1.820239e-03   1.217347e+01 
2.559139e-01   -6.222835e-03   6.479286e-03   2.941796e-03   4.021660e-03   -1.825801e-03   1.227534e+01 
2.578738e-01   -6.250714e-03   6.503566e-03   2.950675e-03   4.036546e-03   -1.831276e-03   1.237750e+01 
2.598544e-01   -6.278894e-03   6.526769e-03   2.959743e-03   4.049775e-03   -1.836512e-03   1.247993e+01 
2.618437e-01   -6.303744e-03   6.551382e-03   2.968483e-03   4.064576e-03   -1.841482e-03   1.258265e+01 
2.638436e-01   -6.328260e-03   6.575580e-03   2.976611e-03   4.080152e-03   -1.846633e-03   1.268565e+01 
2.658610e-01   -6.352931e-03   6.598799e-03   2.984060e-03   4.095837e-03   -1.852034e-03   1.278892e+01 
2.678946e-01   -6.375090e-03   6.620541e-03   2.991285e-03   4.111349e-03   -1.857420e-03   1.289248e+01 
2.699478e-01   -6.396933e-03   6.639822e-03   2.998745e-03   4.125401e-03   -1.863239e-03   1.299631e+01 
2.720152e-01   -6.420083e-03   6.658785e-03   3.006169e-03   4.139256e-03   -1.869160e-03   1.310042e+01 
2.740917e-01   -6.442720e-03   6.677741e-03   3.012950e-03   4.152491e-03   -1.874541e-03   1.320480e+01 
2.761738e-01   -6.466263e-03   6.694781e-03   3.019360e-03   4.164513e-03   -1.880014e-03   1.330946e+01 
2.782688e-01   -6.490655e-03   6.709531e-03   3.025220e-03   4.176148e-03   -1.885530e-03   1.341438e+01 
2.803913e-01   -6.514834e-03   6.723977e-03   3.030297e-03   4.187288e-03   -1.890974e-03   1.351959e+01 
2.825230e-01   -6.536765e-03   6.739510e-03   3.035151e-03   4.195561e-03   -1.895984e-03   1.362506e+01 
2.846556e-01   -6.558947e-03   6.757559e-03   3.039210e-03   4.201893e-03   -1.900969e-03   1.373080e+01 
2.867928e-01   -6.582810e-03   6.774918e-03   3.041461e-03   4.208248e-03   -1.905345e-03   1.383681e+01 
2.889369e-01   -6.607946e-03   6.790331e-03   3.042469e-03   4.216301e-03   -1.908987e-03   1.394309e+01 
2.910933e-01   -6.634787e-03   6.805018e-03   3.043534e-03   4.224670e-03   -1.912697e-03   1.404963e+01 
2.932499e-01   -6.659481e-03   6.820470e-03   3.044423e-03   4.231306e-03   -1.916084e-03   1.415644e+01 
2.954019e-01   -6.682415e-03   6.837265e-03   3.045471e-03   4.235161e-03   -1.919662e-03   1.426352e+01 
2.975548e-01   -6.704581e-03   6.853926e-03   3.046159e-03   4.237831e-03   -1.923206e-03   1.437086e+01 
2.997029e-01   -6.724982e-03   6.867276e-03   3.046275e-03   4.238975e-03   -1.926490e-03   1.447846e+01 
3.018647e-01   -6.745509e-03   6.877229e-03   3.046381e-03   4.240006e-03   -1.929981e-03   1.458633e+01 
3.040573e-01   -6.765627e-03   6.884871e-03   3.047108e-03   4.243429e-03   -1.933610e-03   1.469445e+01 
3.062771e-01   -6.784460e-03   6.891407e-03   3.048374e-03   4.249012e-03   -1.937099e-03   1.480284e+01 
3.085318e-01   -6.803420e-03   6.898252e-03   3.049477e-03   4.255883e-03   -1.940109e-03   1.491149e+01 
3.108194e-01   -6.822067e-03   6.905200e-03   3.050648e-03   4.263075e-03   -1.943006e-03   1.502039e+01 
3.131255e-01   -6.838806e-03   6.910672e-03   3.051450e-03   4.271295e-03   -1.945836e-03   1.512956e+01 
3.154532e-01   -6.854414e-03   6.915061e-03   3.050963e-03   4.281836e-03   -1.948037e-03   1.523898e+01 
3.178077e-01   -6.868164e-03   6.916000e-03   3.050207e-03   4.293098e-03   -1.949363e-03   1.534865e+01 
3.201674e-01   -6.880536e-03   6.913251e-03   3.049542e-03   4.302825e-03   -1.950049e-03   1.545858e+01 
3.225346e-01   -6.893967e-03   6.910925e-03   3.048573e-03   4.311028e-03   -1.950709e-03   1.556877e+01 
3.249140e-01   -6.909461e-03   6.911379e-03   3.047465e-03   4.316755e-03   -1.951966e-03   1.567921e+01 
3.273037e-01   -6.925693e-03   6.913955e-03   3.045935e-03   4.320725e-03   -1.952889e-03   1.578990e+01 
3.297064e-01   -6.941529e-03   6.917966e-03   3.044452e-03   4.325134e-03   -1.953349e-03   1.590084e+01 
3.321093e-01   -6.957363e-03   6.923408e-03   3.042947e-03   4.329927e-03   -1.954173e-03   1.601203e+01 
3.345084e-01   -6.974366e-03   6.929110e-03   3.041102e-03   4.334166e-03   -1.955784e-03   1.612348e+01 
3.369109e-01   -6.991112e-03   6.934208e-03   3.038126e-03   4.336671e-03   -1.957490e-03   1.623517e+01 
3.393094e-01   -7.005712e-03   6.938296e-03   3.034545e-03   4.339386e-03   -1.958323e-03   1.634711e+01 
3.417237e-01   -7.017942e-03   6.938974e-03   3.031869e-03   4.341721e-03   -1.958701e-03   1.645930e+01 
3.441627e-01   -7.029658e-03   6.939746e-03   3.030542e-03   4.342041e-03   -1.958736e-03   1.657173e+01 
3.466018e-01   -7.040274e-03   6.938268e-03   3.029465e-03   4.341669e-03   -1.958481e-03   1.668441e+01 
3.490434e-01   -7.051086e-03   6.934281e-03   3.028267e-03   4.339970e-03   -1.958093e-03   1.679734e+01 
3.514999e-01   -7.061948e-03   6.930729e-03   3.026137e-03   4.338029e-03   -1.958137e-03   1.691051e+01 
3.539878e-01   -7.073172e-03   6.926145e-03   3.022934e-03   4.336658e-03   -1.957867e-03   1.702392e+01 
3.564870e-01   -7.082894e-03   6.918816e-03   3.018419e-03   4.332575e-03   -1.956493e-03   1.713757e+01 
3.589761e-01   -7.089108e-03   6.907388e-03   3.013506e-03   4.325131e-03   -1.954455e-03   1.725147e+01 
3.614656e-01   -7.095172e-03   6.895391e-03   3.008009e-03   4.318970e-03   -1.952542e-03   1.736561e+01 
3.639617e-01   -7.101549e-03   6.885822e-03   3.002155e-03   4.314384e-03   -1.950733e-03   1.747999e+01 
3.664729e-01   -7.106348e-03   6.876298e-03   2.995630e-03   4.308848e-03   -1.948233e-03   1.759461e+01 
3.689969e-01   -7.109589e-03   6.866547e-03   2.987609e-03   4.298217e-03   -1.945426e-03   1.770946e+01 
3.715280e-01   -7.110781e-03   6.855535e-03   2.978998e-03   4.284472e-03   -1.941721e-03   1.782456e+01 
3.740610e-01   -7.110990e-03   6.841593e-03   2.970082e-03   4.268430e-03   -1.937653e-03   1.793989e+01 
3.766191e-01   -7.111018e-03   6.824254e-03   2.961552e-03   4.251588e-03   -1.933912e-03   1.805546e+01 
3.792174e-01   -7.108847e-03   6.803161e-03   2.953186e-03   4.234671e-03   -1.929555e-03   1.817126e+01 
3.818323e-01   -7.107513e-03   6.781297e-03   2.945216e-03   4.217008e-03   -1.925325e-03   1.828730e+01 
3.844522e-01   -7.105469e-03   6.757026e-03   2.937800e-03   4.200724e-03   -1.921091e-03   1.840357e+01 
3.870680e-01   -7.101640e-03   6.730793e-03   2.929373e-03   4.183567e-03   -1.916363e-03   1.852008e+01 
3.896715e-01   -7.098586e-03   6.708231e-03   2.919697e-03   4.166560e-03   -1.911136e-03   1.863682e+01 
3.922766e-01   -7.096215e-03   6.689137e-03   2.909159e-03   4.150555e-03   -1.905598e-03   1.875379e+01 
3.948899e-01   -7.094240e-03   6.669255e-03   2.898550e-03   4.131946e-03   -1.899922e-03   1.887100e+01 
3.974938e-01   -7.090006e-03   6.649112e-03   2.887568e-03   4.112814e-03   -1.893772e-03   1.898843e+01 
4.000906e-01   -7.085714e-03   6.628865e-03   2.876592e-03   4.092950e-03   -1.887647e-03   1.910610e+01 
4.026838e-01   -7.082030e-03   6.606247e-03   2.865644e-03   4.071760e-03   -1.881104e-03   1.922399e+01 
4.052793e-01   -7.076523e-03   6.582640e-03   2.854611e-03   4.049785e-03   -1.874193e-03   1.934211e+01 
4.078726e-01   -7.071424e-03   6.560632e-03   2.843394e-03   4.026544e-03   -1.868033e-03   1.946046e+01 
4.104588e-01   -7.069268e-03   6.539504e-03   2.831597e-03   4.003024e-03   -1.862882e-03   1.957903e+01 
4.130443e-01   -7.065763e-03   6.518603e-03   2.819985e-03   3.980596e-03   -1.857245e-03   1.969784e+01 
4.156191e-01   -7.060970e-03   6.501334e-03   2.808358e-03   3.958023e-03   -1.850916e-03   1.981687e+01 
4.182027e-01   -7.055506e-03   6.481712e-03   2.796577e-03   3.933638e-03   -1.843830e-03   1.993612e+01 
4.208111e-01   -7.048137e-03   6.457473e-03   2.784939e-03   3.908560e-03   -1.835729e-03   2.005560e+01 
4.234391e-01   -7.040191e-03   6.430426e-03   2.772904e-03   3.881655e-03   -1.827110e-03   2.017530e+01 
4.260700e-01   -7.029661e-03   6.399854e-03   2.759933e-03   3.854618e-03   -1.818183e-03   2.029523e+01 
4.286938e-01   -7.018409e-03   6.364735e-03   2.746448e-03   3.828045e-03   -1.809268e-03   2.041537e+01 
4.313247e-01   -7.007089e-03   6.324200e-03   2.732364e-03   3.801580e-03   -1.800268e-03   2.053574e+01 
4.339699e-01   -6.996194e-03   6.281197e-03   2.717947e-03   3.773825e-03   -1.791135e-03   2.065633e+01 
4.366316e-01   -6.984805e-03   6.237425e-03   2.702982e-03   3.744016e-03   -1.781725e-03   2.077714e+01 
4.392934e-01   -6.971510e-03   6.194595e-03   2.687604e-03   3.713762e-03   -1.772029e-03   2.089818e+01 
4.419454e-01   -6.958764e-03   6.154943e-03   2.671339e-03   3.682063e-03   -1.762567e-03   2.101942e+01 
4.446010e-01   -6.945916e-03   6.113433e-03   2.654370e-03   3.649285e-03   -1.752690e-03   2.114089e+01 
4.472649e-01   -6.932022e-03   6.070209e-03   2.636561e-03   3.617410e-03   -1.742041e-03   2.126258e+01 
4.499253e-01   -6.918650e-03   6.026655e-03   2.618311e-03   3.587067e-03   -1.731509e-03   2.138448e+01 
4.525848e-01   -6.905365e-03   5.982560e-03   2.599252e-03   3.556933e-03   -1.720692e-03   2.150660e+01 
4.552525e-01   -6.891837e-03   5.940409e-03   2.579444e-03   3.524740e-03   -1.709691e-03   2.162894e+01 
4.579150e-01   -6.876157e-03   5.899961e-03   2.558808e-03   3.492929e-03   -1.697808e-03   2.175149e+01 
4.605681e-01   -6.859130e-03   5.858401e-03   2.537713e-03   3.462660e-03   -1.685392e-03   2.187426e+01 
4.632240e-01   -6.842030e-03   5.815010e-03   2.516646e-03   3.430761e-03   -1.672569e-03   2.199724e+01 
4.658827e-01   -6.823145e-03   5.769432e-03   2.495298e-03   3.394579e-03   -1.659071e-03   2.212044e+01 
4.685358e-01   -6.802982e-03   5.722741e-03   2.473724e-03   3.357674e-03   -1.645227e-03   2.224384e+01 
4.711761e-01   -6.779635e-03   5.675036e-03   2.452000e-03   3.321773e-03   -1.630314e-03   2.236746e+01 
4.738085e-01   -6.754010e-03   5.626432e-03   2.430304e-03   3.284098e-03   -1.614469e-03   2.249130e+01 
4.764480e-01   -6.727961e-03   5.576825e-03   2.408814e-03   3.246132e-03   -1.598220e-03   2.261534e+01 
4.790909e-01   -6.702859e-03   5.527008e-03   2.387044e-03   3.208025e-03   -1.582379e-03   2.273959e+01 
4.817341e-01   -6.678982e-03   5.478189e-03   2.364730e-03   3.169788e-03   -1.566847e-03   2.286406e+01 
4.843887e-01   -6.656847e-03   5.429470e-03   2.342166e-03   3.133529e-03   -1.551943e-03   2.298873e+01 
4.870504e-01   -6.634612e-03   5.380451e-03   2.318932e-03   3.098020e-03   -1.536698e-03   2.311361e+01 
4.897238e-01   -6.612070e-03   5.332083e-03   2.294875e-03   3.062068e-03   -1.521321e-03   2.323870e+01 
4.924066e-01   -6.587076e-03   5.282269e-03   2.270983e-03   3.025012e-03   -1.504993e-03   2.336400e+01 
4.950962e-01   -6.560157e-03   5.228988e-03   2.247212e-03   2.986673e-03   -1.488141e-03   2.348951e+01 
4.977781e-01   -6.533547e-03   5.173960e-03   2.222933e-03   2.947240e-03   -1.471396e-03   2.361522e+01 
5.004607e-01   -6.506182e-03   5.117933e-03   2.198435e-03   2.904734e-03   -1.453850e-03   2.374114e+01 
5.031487e-01   -6.477611e-03   5.060305e-03   2.174083e-03   2.857619e-03   -1.435983e-03   2.386726e+01 
5.058158e-01   -6.447894e-03   5.002169e-03   2.149258e-03   2.810299e-03   -1.417785e-03   2.399359e+01 
5.084837e-01   -6.416536e-03   4.941531e-03   2.123724e-03   2.766678e-03   -1.398671e-03   2.412012e+01 
5.111586e-01   -6.383051e-03   4.876511e-03   2.097932e-03   2.724724e-03   -1.378912e-03   2.424686e+01 
5.138339e-01   -6.348796e-03   4.808653e-03   2.071963e-03   2.683265e-03   -1.358843e-03   2.437380e+01 
5.165027e-01   -6.313240e-03   4.739325e-03   2.046239e-03   2.639864e-03   -1.338605e-03   2.450094e+01 
5.191495e-01   -6.277202e-03   4.671495e-03   2.020007e-03   2.593508e-03   -1.318123e-03   2.462828e+01 
5.217856e-01   -6.240104e-03   4.603829e-03   1.993552e-03   2.546524e-03   -1.297164e-03   2.475583e+01 
5.244110e-01   -6.204477e-03   4.535795e-03   1.966821e-03   2.499276e-03   -1.276847e-03   2.488358e+01 
5.270136e-01   -6.169838e-03   4.468805e-03   1.939834e-03   2.453033e-03   -1.256817e-03   2.501153e+01 
5.295905e-01   -6.134548e-03   4.401938e-03   1.912463e-03   2.407306e-03   -1.236419e-03   2.513968e+01 
5.321558e-01   -6.097760e-03   4.333234e-03   1.885324e-03   2.360295e-03   -1.215573e-03   2.526803e+01 
5.347199e-01   -6.060755e-03   4.262715e-03   1.858486e-03   2.313175e-03   -1.194631e-03   2.539657e+01 
5.372752e-01   -6.024340e-03   4.190756e-03   1.831450e-03   2.265798e-03   -1.173888e-03   2.552532e+01 
5.398119e-01   -5.985965e-03   4.116297e-03   1.804577e-03   2.216378e-03   -1.152724e-03   2.565426e+01 
5.423335e-01   -5.946048e-03   4.041471e-03   1.777374e-03   2.166294e-03   -1.130952e-03   2.578340e+01 
5.448429e-01   -5.904923e-03   3.964829e-03   1.749554e-03   2.117005e-03   -1.108527e-03   2.591274e+01 
5.473426e-01   -5.864106e-03   3.886293e-03   1.721254e-03   2.068267e-03   -1.086028e-03   2.604228e+01 
5.498262e-01   -5.823816e-03   3.807447e-03   1.692200e-03   2.020845e-03   -1.063504e-03   2.617201e+01 
5.523001e-01   -5.781889e-03   3.726224e-03   1.663107e-03   1.974648e-03   -1.040243e-03   2.630193e+01 
5.547681e-01   -5.737505e-03   3.641680e-03   1.634144e-03   1.928690e-03   -1.016226e-03   2.643205e+01 
5.572101e-01   -5.692244e-03   3.556535e-03   1.605159e-03   1.880459e-03   -9.919648e-04   2.656237e+01 
5.596387e-01   -5.647135e-03   3.470489e-03   1.576506e-03   1.830528e-03   -9.677178e-04   2.669288e+01 
5.620490e-01   -5.602129e-03   3.385300e-03   1.547802e-03   1.782046e-03   -9.435414e-04   2.682358e+01 
5.644445e-01   -5.557569e-03   3.298502e-03   1.519216e-03   1.735059e-03   -9.197730e-04   2.695448e+01 
5.668286e-01   -5.513067e-03   3.211616e-03   1.490842e-03   1.688646e-03   -8.959657e-04   2.708556e+01 
5.691823e-01   -5.468262e-03   3.126314e-03   1.462313e-03   1.640737e-03   -8.717448e-04   2.721684e+01 
5.714945e-01   -5.423589e-03   3.041023e-03   1.433283e-03   1.592362e-03   -8.476215e-04   2.734832e+01 
5.737787e-01   -5.379011e-03   2.955903e-03   1.404133e-03   1.545099e-03   -8.237158e-04   2.747998e+01 
5.760476e-01   -5.332930e-03   2.869302e-03   1.375433e-03   1.499115e-03   -7.994674e-04   2.761184e+01 
5.782876e-01   -5.286975e-03   2.782216e-03   1.346870e-03   1.452271e-03   -7.751891e-04   2.774388e+01 
5.804909e-01   -5.241397e-03   2.694450e-03   1.318274e-03   1.404229e-03   -7.513656e-04   2.787611e+01 
5.826553e-01   -5.194766e-03   2.604922e-03   1.289510e-03   1.356805e-03   -7.273120e-04   2.800853e+01 
5.847845e-01   -5.147860e-03   2.514931e-03   1.260424e-03   1.310391e-03   -7.032425e-04   2.814114e+01 
5.868776e-01   -5.101241e-03   2.424919e-03   1.231199e-03   1.263687e-03   -6.794232e-04   2.827394e+01 
5.889331e-01   -5.054345e-03   2.333762e-03   1.202251e-03   1.216740e-03   -6.558435e-04   2.840693e+01 
5.909426e-01   -5.008037e-03   2.243793e-03   1.173653e-03   1.170265e-03   -6.326093e-04   2.854011e+01 
5.929211e-01   -4.962101e-03   2.155086e-03   1.145064e-03   1.124731e-03   -6.095011e-04   2.867347e+01 
5.948694e-01   -4.915219e-03   2.067607e-03   1.116618e-03   1.079752e-03   -5.862845e-04   2.880702e+01 
5.967647e-01   -4.869138e-03   1.982428e-03   1.088149e-03   1.035603e-03   -5.637992e-04   2.894075e+01 
5.986129e-01   -4.823881e-03   1.898666e-03   1.059584e-03   9.925228e-04   -5.418840e-04   2.907467e+01 
6.004175e-01   -4.778790e-03   1.815534e-03   1.031377e-03   9.502096e-04   -5.202793e-04   2.920877e+01 
6.021742e-01   -4.734204e-03   1.732567e-03   1.003723e-03   9.090352e-04   -4.992011e-04   2.934306e+01 
6.038889e-01   -4.689851e-03   1.650985e-03   9.763585e-04   8.699817e-04   -4.783754e-04   2.947754e+01 
6.055606e-01   -4.645202e-03   1.571151e-03   9.489562e-04   8.322380e-04   -4.575993e-04   2.961219e+01 
6.071818e-01   -4.600208e-03   1.492461e-03   9.217527e-04   7.955987e-04   -4.370298e-04   2.974703e+01 
6.087518e-01   -4.555037e-03   1.416369e-03   8.947403e-04   7.595085e-04   -4.166341e-04   2.988206e+01 
6.102661e-01   -4.510683e-03   1.343581e-03   8.678673e-04   7.238985e-04   -3.967283e-04   3.001726e+01 
6.117291e-01   -4.466618e-03   1.273546e-03   8.412077e-04   6.892207e-04   -3.771950e-04   3.015265e+01 
6.131345e-01   -4.422110e-03   1.206159e-03   8.147984e-04   6.546383e-04   -3.577447e-04   3.028822e+01 
6.144823e-01   -4.377467e-03   1.140621e-03   7.890572e-04   6.207833e-04   -3.385629e-04   3.042397e+01 
6.157770e-01   -4.333104e-03   1.076305e-03   7.639386e-04   5.883379e-04   -3.198483e-04   3.055990e+01 
6.170195e-01   -4.289282e-03   1.013850e-03   7.393094e-04   5.569192e-04   -3.015525e-04   3.069601e+01 
6.182178e-01   -4.245913e-03   9.543548e-04   7.149127e-04   5.267659e-04   -2.835222e-04   3.083231e+01 
6.193640e-01   -4.203514e-03   8.971427e-04   6.908457e-04   4.974025e-04   -2.662736e-04   3.096878e+01 
6.204568e-01   -4.161934e-03   8.418774e-04   6.670875e-04   4.695952e-04   -2.496826e-04   3.110543e+01 
6.214923e-01   -4.120833e-03   7.891345e-04   6.437125e-04   4.434705e-04   -2.335921e-04   3.124226e+01 
6.224683e-01   -4.080788e-03   7.392423e-04   6.207385e-04   4.184205e-04   -2.182118e-04   3.137926e+01 
6.233888e-01   -4.041885e-03   6.920250e-04   5.982270e-04   3.944232e-04   -2.036588e-04   3.151645e+01 
6.242573e-01   -4.004106e-03   6.474685e-04   5.761680e-04   3.709824e-04   -1.899026e-04   3.165381e+01 
6.250802e-01   -3.966897e-03   6.045403e-04   5.546212e-04   3.484931e-04   -1.766729e-04   3.179135e+01 
6.258527e-01   -3.930293e-03   5.639948e-04   5.336466e-04   3.269897e-04   -1.640055e-04   3.192907e+01 
6.265736e-01   -3.894838e-03   5.263045e-04   5.130830e-04   3.064419e-04   -1.521519e-04   3.206696e+01 
6.272514e-01   -3.859533e-03   4.907958e-04   4.931165e-04   2.872299e-04   -1.406280e-04   3.220503e+01 
6.278844e-01   -3.824786e-03   4.575624e-04   4.736421e-04   2.694356e-04   -1.296063e-04   3.234327e+01 
6.284719e-01   -3.791149e-03   4.269652e-04   4.546487e-04   2.526804e-04   -1.191859e-04   3.248169e+01 
6.290201e-01   -3.758438e-03   3.987240e-04   4.362082e-04   2.366703e-04   -1.093564e-04   3.262028e+01 
6.295249e-01   -3.726720e-03   3.727749e-04   4.182161e-04   2.210504e-04   -1.001856e-04   3.275905e+01 
6.299865e-01   -3.695748e-03   3.489214e-04   4.006404e-04   2.056959e-04   -9.153302e-05   3.289799e+01 
6.304106e-01   -3.665645e-03   3.269982e-04   3.836142e-04   1.911264e-04   -8.346688e-05   3.303710e+01 
6.307982e-01   -3.636296e-03   3.068853e-04   3.671587e-04   1.774712e-04   -7.592029e-05   3.317639e+01 
6.311496e-01   -3.607420e-03   2.887711e-04   3.512991e-04   1.646973e-04   -6.879404e-05   3.331585e+01 
6.314631e-01   -3.579589e-03   2.723281e-04   3.359576e-04   1.530496e-04   -6.231760e-05   3.345548e+01 
6.317434e-01   -3.552370e-03   2.570265e-04   3.212190e-04   1.421870e-04   -5.627228e-05   3.359529e+01 
6.319942e-01   -3.525393e-03   2.430446e-04   3.071757e-04   1.321089e-04   -5.053118e-05   3.373526e+01 
6.322162e-01   -3.499455e-03   2.304176e-04   2.937556e-04   1.226829e-04   -4.543908e-05   3.387541e+01 
6.324122e-01   -3.474173e-03   2.189568e-04   2.809394e-04   1.137774e-04   -4.081761e-05   3.401573e+01 
6.325860e-01   -3.449514e-03   2.084863e-04   2.687293e-04   1.056662e-04   -3.658743e-05   3.415622e+01 
6.327393e-01   -3.425502e-03   1.986967e-04   2.570472e-04   9.828272e-05   -3.281777e-05   3.429688e+01 
6.328724e-01   -3.401794e-03   1.895935e-04   2.459710e-04   9.144589e-05   -2.930954e-05   3.443771e+01 
6.329889e-01   -3.378365e-03   1.810931e-04   2.354882e-04   8.503044e-05   -2.605164e-05   3.457870e+01 
6.330886e-01   -3.355233e-03   1.731144e-04   2.255554e-04   7.900672e-05   -2.306403e-05   3.471987e+01 
6.331713e-01   -3.332479e-03   1.654309e-04   2.160969e-04   7.349741e-05   -2.035421e-05   3.486121e+01 
6.332394e-01   -3.310263e-03   1.581511e-04   2.070723e-04   6.848334e-05   -1.797660e-05   3.500271e+01 
6.332927e-01   -3.288527e-03   1.514127e-04   1.985151e-04   6.387482e-05   -1.590139e-05   3.514438e+01 
6.333325e-01   -3.267190e-03   1.452596e-04   1.903830e-04   5.964987e-05   -1.407455e-05   3.528622e+01 
6.333634e-01   -3.246047e-03   1.396417e-04   1.826937e-04   5.566231e-05   -1.239782e-05   3.542822e+01 
6.333862e-01   -3.225044e-03   1.344305e-04   1.754474e-04   5.188080e-05   -1.084163e-05   3.557040e+01 
6.334004e-01   -3.204411e-03   1.295558e-04   1.685904e-04   4.838417e-05   -9.496285e-06   3.571274e+01 
6.334071e-01   -3.184152e-03   1.250898e-04   1.621021e-04   4.522069e-05   -8.359941e-06   3.585524e+01 
6.334075e-01   -3.164035e-03   1.208590e-04   1.560071e-04   4.242234e-05   -7.333965e-06   3.599791e+01 
6.334026e-01   -3.144035e-03   1.169447e-04   1.502397e-04   3.987961e-05   -6.390520e-06   3.614075e+01 
6.333921e-01   -3.124203e-03   1.132600e-04   1.447720e-04   3.755182e-05   -5.552359e-06   3.628375e+01 
6.333772e-01   -3.104516e-03   1.096779e-04   1.395900e-04   3.537841e-05   -4.810283e-06   3.642692e+01 
6.333588e-01   -3.084975e-03   1.062791e-04   1.346594e-04   3.338032e-05   -4.151508e-06   3.657025e+01 
6.333354e-01   -3.065619e-03   1.029916e-04   1.299743e-04   3.158958e-05   -3.586213e-06   3.671374e+01 
6.333082e-01   -3.046371e-03   9.986716e-05   1.255254e-04   2.996254e-05   -3.075805e-06   3.685740e+01 
6.332792e-01   -3.027178e-03   9.695891e-05   1.212975e-04   2.840117e-05   -2.593251e-06   3.700122e+01 
6.332465e-01   -3.008085e-03   9.420147e-05   1.172782e-04   2.695754e-05   -2.160948e-06   3.714521e+01 
6.332108e-01   -2.989140e-03   9.148483e-05   1.134794e-04   2.563157e-05   -1.808451e-06   3.728935e+01 
6.331727e-01   -2.970289e-03   8.893668e-05   1.098771e-04   2.438684e-05   -1.491807e-06   3.743366e+01 
6.331330e-01   -2.951520e-03   8.656606e-05   1.064462e-04   2.322914e-05   -1.205956e-06   3.757814e+01 
6.330913e-01   -2.932856e-03   8.430729e-05   1.032086e-04   2.217502e-05   -9.699189e-07   3.772277e+01 
6.330472e-01   -2.914256e-03   8.216654e-05   1.001513e-04   2.118095e-05   -7.672978e-07   3.786756e+01 
6.330014e-01   -2.895689e-03   8.010642e-05   9.724865e-05   2.027840e-05   -5.820681e-07   3.801252e+01 
6.329540e-01   -2.877214e-03   7.812109e-05   9.447633e-05   1.941954e-05   -4.289633e-07   3.815763e+01 
6.329051e-01   -2.858848e-03   7.623669e-05   9.182208e-05   1.860932e-05   -3.190772e-07   3.830291e+01 
6.328555e-01   -2.840559e-03   7.442959e-05   8.927853e-05   1.788039e-05   -2.343858e-07   3.844835e+01 
6.328055e-01   -2.822305e-03   7.266683e-05   8.685071e-05   1.719942e-05   -1.480183e-07   3.859394e+01 
6.327548e-01   -2.804103e-03   7.098188e-05   8.452557e-05   1.655401e-05   -6.514474e-08   3.873970e+01 
6.327038e-01   -2.785939e-03   6.940283e-05   8.229055e-05   1.594984e-05   2.217192e-08   3.888561e+01 
6.326525e-01   -2.767809e-03   6.788448e-05   8.014464e-05   1.537603e-05   1.182173e-07   3.903169e+01 
6.326006e-01   -2.749712e-03   6.640274e-05   7.808927e-05   1.480522e-05   2.247600e-07   3.917792e+01 
6.325486e-01   -2.731661e-03   6.498780e-05   7.610864e-05   1.427178e-05   3.315163e-07   3.932431e+01 
6.324961e-01   -2.713708e-03   6.366373e-05   7.418627e-05   1.377479e-05   4.092105e-07   3.947086e+01 
6.324432e-01   -2.695831e-03   6.236200e-05   7.232871e-05   1.328984e-05   4.662317e-07   3.961756e+01 
6.323899e-01   -2.677974e-03   6.109301e-05   7.054532e-05   1.281008e-05   5.381551e-07   3.976442e+01 
6.323362e-01   -2.660154e-03   5.985520e-05   6.883613e-05   1.234070e-05   6.131331e-07   3.991144e+01 
6.322822e-01   -2.642396e-03   5.865082e-05   6.718986e-05   1.190922e-05   6.713986e-07   4.005862e+01 
6.322277e-01   -2.624686e-03   5.747325e-05   6.560966e-05   1.150146e-05   7.247652e-07   4.020595e+01 
6.321731e-01   -2.607036e-03   5.633698e-05   6.408531e-05   1.111567e-05   7.706921e-07   4.035344e+01 
6.321181e-01   -2.589459e-03   5.523444e-05   6.259960e-05   1.075327e-05   7.991026e-07   4.050108e+01 
6.320626e-01   -2.571952e-03   5.415848e-05   6.115501e-05   1.041187e-05   8.149590e-07   4.064888e+01 
6.320069e-01   -2.554496e-03   5.312248e-05   5.975509e-05   1.009102e-05   8.288294e-07   4.079683e+01 
6.319510e-01   -2.537081e-03   5.211797e-05   5.839911e-05   9.789537e-06   8.472492e-07   4.094494e+01 
6.318950e-01   -2.519719e-03   5.114479e-05   5.708183e-05   9.502069e-06   8.633685e-07   4.109321e+01 
6.318389e-01   -2.502395e-03   5.020413e-05   5.580657e-05   9.219358e-06   8.846136e-07   4.124162e+01 
6.317824e-01   -2.485123e-03   4.927584e-05   5.457677e-05   8.941117e-06   9.009652e-07   4.139019e+01 
6.317255e-01   -2.467918e-03   4.836190e-05   5.338665e-05   8.674881e-06   9.061176e-07   4.153892e+01 
6.316684e-01   -2.450761e-03   4.747355e-05   5.223470e-05   8.421061e-06   9.116715e-07   4.168780e+01 
6.316113e-01   -2.433649e-03   4.661131e-05   5.112136e-05   8.175571e-06   9.191874e-07   4.183683e+01 
6.315541e-01   -2.416591e-03   4.577225e-05   5.004208e-05   7.944879e-06   9.226744e-07   4.198601e+01 
6.314966e-01   -2.399583e-03   4.495725e-05   4.899528e-05   7.722096e-06   9.248433e-07   4.213534e+01 
6.314390e-01   -2.382628e-03   4.416785e-05   4.798044e-05   7.505393e-06   9.254012e-07   4.228483e+01 
6.313812e-01   -2.365731e-03   4.339288e-05   4.699541e-05   7.290930e-06   9.209618e-07   4.243447e+01 
6.313231e-01   -2.348887e-03   4.263476e-05   4.603649e-05   7.081869e-06   9.148880e-07   4.258426e+01 
6.312649e-01   -2.332096e-03   4.189611e-05   4.510035e-05   6.883262e-06   9.078800e-07   4.273420e+01 
6.312065e-01   -2.315352e-03   4.117704e-05   4.418788e-05   6.695876e-06   9.044014e-07   4.288430e+01 
6.311481e-01   -2.298658e-03   4.047435e-05   4.329915e-05   6.515148e-06   9.021392e-07   4.303454e+01 
6.310894e-01   -2.282016e-03   3.979549e-05   4.243204e-05   6.343791e-06   9.001209e-07   4.318493e+01 
6.310307e-01   -2.265420e-03   3.913621e-05   4.158555e-05   6.181273e-06   9.021393e-07   4.333548e+01 
6.309719e-01   -2.248876e-03   3.848892e-05   4.076136e-05   6.017481e-06   9.039495e-07   4.348617e+01 
6.309130e-01   -2.232381e-03   3.785378e-05   3.996057e-05   5.853809e-06   9.084310e-07   4.363702e+01 
6.308541e-01   -2.215935e-03   3.723609e-05   3.918152e-05   5.692981e-06   9.151239e-07   4.378801e+01 
6.307949e-01   -2.199546e-03   3.663415e-05   3.842172e-05   5.533473e-06   9.198768e-07   4.393915e+01 
6.307356e-01   -2.183213e-03   3.604600e-05   3.768060e-05   5.382165e-06   9.225942e-07   4.409044e+01 
6.306762e-01   -2.166934e-03   3.547177e-05   3.695892e-05   5.239233e-06   9.251306e-07   4.424188e+01 
6.306166e-01   -2.150709e-03   3.491212e-05   3.625606e-05   5.102130e-06   9.276457e-07   4.439347e+01 
6.305568e-01   -2.134539e-03   3.436414e-05   3.557110e-05   4.969617e-06   9.292448e-07   4.454520e+01 
6.304969e-01   -2.118425e-03   3.382824e-05   3.490315e-05   4.841271e-06   9.306523e-07   4.469708e+01 
6.304369e-01   -2.102365e-03   3.330504e-05   3.425130e-05   4.716879e-06   9.321457e-07   4.484911e+01 
6.303767e-01   -2.086361e-03   3.279359e-05   3.361486e-05   4.596275e-06   9.334110e-07   4.500129e+01 
6.303164e-01   -2.070413e-03   3.229321e-05   3.299332e-05   4.479302e-06   9.344288e-07   4.515361e+01 
6.302559e-01   -2.054521e-03   3.180369e-05   3.238622e-05   4.365811e-06   9.352969e-07   4.530608e+01 
6.301953e-01   -2.038685e-03   3.132471e-05   3.179307e-05   4.255661e-06   9.360171e-07   4.545870e+01 
6.301345e-01   -2.022906e-03   3.085593e-05   3.121341e-05   4.148728e-06   9.365598e-07   4.561146e+01 
6.300736e-01   -2.007184e-03   3.039705e-05   3.064682e-05   4.044889e-06   9.369414e-07   4.576437e+01 
6.300125e-01   -1.991519e-03   2.994783e-05   3.009293e-05   3.944036e-06   9.371830e-07   4.591742e+01 
6.299513e-01   -1.975912e-03   2.950801e-05   2.955135e-05   3.846061e-06   9.373105e-07   4.607062e+01 
6.298900e-01   -1.960362e-03   2.907736e-05   2.902172e-05   3.750863e-06   9.373450e-07   4.622396e+01 
6.298286e-01   -1.944871e-03   2.865564e-05   2.850368e-05   3.658346e-06   9.373074e-07   4.637745e+01 
6.297670e-01   -1.929437e-03   2.824264e-05   2.799693e-05   3.568421e-06   9.372190e-07   4.653108e+01 
6.297052e-01   -1.914062e-03   2.783814e-05   2.750112e-05   3.480997e-06   9.370947e-07   4.668486e+01 
6.296434e-01   -1.898746e-03   2.744192e-05   2.701597e-05   3.395994e-06   9.369505e-07   4.683878e+01 
6.295814e-01   -1.883488e-03   2.705378e-05   2.654117e-05   3.313331e-06   9.367925e-07   4.699285e+01 
6.295193e-01   -1.868290e-03   2.667352e-05   2.607645e-05   3.232931e-06   9.366277e-07   4.714705e+01 
6.294570e-01   -1.853150e-03   2.630094e-05   2.562151e-05   3.154721e-06   9.364512e-07   4.730140e+01 
6.293946e-01   -1.838070e-03   2.593583e-05   2.517610e-05   3.078629e-06   9.362591e-07   4.745590e+01 
6.293321e-01   -1.823049e-03   2.557800e-05   2.473996e-05   3.004590e-06   9.360342e-07   4.761053e+01 
6.292695e-01   -1.808089e-03   2.522724e-05   2.431285e-05   2.932538e-06   9.357588e-07   4.776531e+01 
6.292067e-01   -1.793189e-03   2.488334e-05   2.389452e-05   2.862412e-06   9.354130e-07   4.792023e+01 
6.291437e-01   -1.778349e-03   2.454612e-05   2.348473e-05   2.794150e-06   9.349775e-07   4.807530e+01 
6.290806e-01   -1.763570e-03   2.421538e-05   2.308328e-05   2.727697e-06   9.344360e-07   4.823050e+01 
6.290173e-01   -1.748852e-03   2.389093e-05   2.268993e-05   2.662995e-06   9.337757e-07   4.838585e+01 
6.289539e-01   -1.734196e-03   2.357263e-05   2.230449e-05   2.599993e-06   9.329931e-07   4.854133e+01 
6.288903e-01   -1.719601e-03   2.326031e-05   2.192675e-05   2.538638e-06   9.320905e-07   4.869696e+01 
6.288266e-01   -1.705068e-03   2.295385e-05   2.155653e-05   2.478883e-06   9.310766e-07   4.885273e+01 
6.287626e-01   -1.690598e-03   2.265313e-05   2.119362e-05   2.420678e-06   9.299717e-07   4.900864e+01 
6.286985e-01   -1.676189e-03   2.235806e-05   2.083785e-05   2.363979e-06   9.287899e-07   4.916469e+01 
6.286342e-01   -1.661843e-03   2.206852e-05   2.048904e-05   2.308740e-06   9.275509e-07   4.932088e+01 
6.285698e-01   -1.647560e-03   2.178442e-05   2.014702e-05   2.254919e-06   9.262703e-07   4.947721e+01 
6.285051e-01   -1.633341e-03   2.150565e-05   1.981164e-05   2.202476e-06   9.249596e-07   4.963367e+01 
6.284403e-01   -1.619184e-03   2.123210e-05   1.948271e-05   2.151369e-06   9.236282e-07   4.979028e+01 
6.283753e-01   -1.605092e-03   2.096365e-05   1.916010e-05   2.101563e-06   9.222763e-07   4.994703e+01 
6.283100e-01   -1.591063e-03   2.070015e-05   1.884364e-05   2.053016e-06   9.209051e-07   5.010391e+01 
6.282446e-01   -1.577099e-03   2.044148e-05   1.853319e-05   2.005696e-06   9.195041e-07   5.026094e+01 
6.281790e-01   -1.563198e-03   2.018747e-05   1.822862e-05   1.959567e-06   9.180650e-07   5.041810e+01 
6.281131e-01   -1.549363e-03   1.993798e-05   1.792977e-05   1.914595e-06   9.165719e-07   5.057540e+01 
6.280471e-01   -1.535593e-03   1.969286e-05   1.763652e-05   1.870747e-06   9.150151e-07   5.073284e+01 
6.279809e-01   -1.521888e-03   1.945199e-05   1.734874e-05   1.827992e-06   9.133853e-07   5.089041e+01 
6.279145e-01   -1.508248e-03   1.921523e-05   1.706631e-05   1.786300e-06   9.116712e-07   5.104812e+01 
6.278480e-01   -1.494675e-03   1.898247e-05   1.678909e-05   1.745640e-06   9.098711e-07   5.120597e+01 
6.277812e-01   -1.481168e-03   1.875361e-05   1.651699e-05   1.705984e-06   9.079827e-07   5.136396e+01 
6.277144e-01   -1.467728e-03   1.852858e-05   1.624987e-05   1.667305e-06   9.060094e-07   5.152208e+01 
6.276473e-01   -1.454354e-03   1.830731e-05   1.598763e-05   1.629575e-06   9.039574e-07   5.168035e+01 
6.275802e-01   -1.441047e-03   1.808975e-05   1.573016e-05   1.592769e-06   9.018288e-07   5.183874e+01 
6.275129e-01   -1.427808e-03   1.787584e-05   1.547737e-05   1.556862e-06   8.996304e-07   5.199727e+01 
6.274455e-01   -1.414636e-03   1.766553e-05   1.522914e-05   1.521829e-06   8.973706e-07   5.215594e+01 
6.273780e-01   -1.401532e-03   1.745878e-05   1.498537e-05   1.487647e-06   8.950639e-07   5.231474e+01 
6.273104e-01   -1.388496e-03   1.725555e-05   1.474598e-05   1.454292e-06   8.927212e-07   5.247368e+01 
6.272427e-01   -1.375529e-03   1.705579e-05   1.451086e-05   1.421745e-06   8.903485e-07   5.263276e+01 
6.271748e-01   -1.362629e-03   1.685941e-05   1.427992e-05   1.389980e-06   8.879515e-07   5.279197e+01 
6.271069e-01   -1.349799e-03   1.666641e-05   1.405309e-05   1.358982e-06   8.855302e-07   5.295131e+01 
6.270388e-01   -1.337040e-03   1.647670e-05   1.383028e-05   1.328731e-06   8.830891e-07   5.311077e+01 
6.269706e-01   -1.324351e-03   1.629022e-05   1.361142e-05   1.299207e-06   8.806280e-07   5.327034e+01 
6.269024e-01   -1.311733e-03   1.610690e-05   1.339641e-05   1.270390e-06   8.781512e-07   5.343004e+01 
6.268340e-01   -1.299185e-03   1.592669e-05   1.318517e-05   1.242263e-06   8.756538e-07   5.358985e+01 
6.267655e-01   -1.286709e-03   1.574950e-05   1.297763e-05   1.214807e-06   8.731390e-07   5.374979e+01 
6.266968e-01   -1.274304e-03   1.557527e-05   1.277370e-05   1.188005e-06   8.706065e-07   5.390984e+01 
6.266281e-01   -1.261971e-03   1.540396e-05   1.257331e-05   1.161839e-06   8.680557e-07   5.407001e+01 
6.265593e-01   -1.249710e-03   1.523548e-05   1.237639e-05   1.136294e-06   8.654869e-07   5.423030e+01 
6.264903e-01   -1.237521e-03   1.506979e-05   1.218286e-05   1.111354e-06   8.628994e-07   5.439071e+01 
6.264212e-01   -1.225405e-03   1.490683e-05   1.199265e-05   1.087002e-06   8.602940e-07   5.455124e+01 
6.263520e-01   -1.213361e-03   1.474654e-05   1.180569e-05   1.063224e-06   8.576688e-07   5.471189e+01 
6.262827e-01   -1.201390e-03   1.458886e-05   1.162192e-05   1.040005e-06   8.550209e-07   5.487266e+01 
6.262132e-01   -1.189492e-03   1.443375e-05   1.144127e-05   1.017331e-06   8.523558e-07   5.503355e+01 
6.261437e-01   -1.177666e-03   1.428116e-05   1.126368e-05   9.951877e-07   8.496735e-07   5.519456e+01 
6.260740e-01   -1.165915e-03   1.413104e-05   1.108909e-05   9.735625e-07   8.469751e-07   5.535569e+01 
6.260042e-01   -1.154238e-03   1.398334e-05   1.091743e-05   9.524419e-07   8.442606e-07   5.551693e+01 
6.259343e-01   -1.142634e-03   1.383801e-05   1.074864e-05   9.318133e-07   8.415321e-07   5.567830e+01 
6.258642e-01   -1.131104e-03   1.369501e-05   1.058268e-05   9.116643e-07   8.387898e-07   5.583979e+01 
6.257941e-01   -1.119649e-03   1.355429e-05   1.041947e-05   8.919830e-07   8.360335e-07   5.600139e+01 
6.257238e-01   -1.108269e-03   1.341580e-05   1.025898e-05   8.727578e-07   8.332608e-07   5.616312e+01 
6.256534e-01   -1.096963e-03   1.327951e-05   1.010113e-05   8.539772e-07   8.304720e-07   5.632496e+01 
6.255828e-01   -1.085732e-03   1.314538e-05   9.945888e-06   8.356304e-07   8.276687e-07   5.648692e+01 
6.255122e-01   -1.074576e-03   1.301336e-05   9.793195e-06   8.177066e-07   8.248489e-07   5.664900e+01 
6.254414e-01   -1.063497e-03   1.288342e-05   9.643006e-06   8.001953e-07   8.220080e-07   5.681121e+01 
6.253705e-01   -1.052495e-03   1.275552e-05   9.495272e-06   7.830864e-07   8.191490e-07   5.697353e+01 
6.252995e-01   -1.041566e-03   1.262961e-05   9.349937e-06   7.663701e-07   8.162832e-07   5.713597e+01 
6.252284e-01   -1.030714e-03   1.250565e-05   9.206958e-06   7.500366e-07   8.134092e-07   5.729853e+01 
6.251571e-01   -1.019939e-03   1.238360e-05   9.066291e-06   7.340770e-07   8.105183e-07   5.746121e+01 
6.250857e-01   -1.009241e-03   1.226345e-05   8.927892e-06   7.184820e-07   8.076230e-07   5.762400e+01 
6.250142e-01   -9.986203e-04   1.214520e-05   8.791717e-06   7.032426e-07   8.047302e-07   5.778692e+01 
6.249426e-01   -9.880772e-04   1.202878e-05   8.657725e-06   6.883505e-07   8.018260e-07   5.794996e+01 
6.248708e-01   -9.776117e-04   1.191409e-05   8.525879e-06   6.737970e-07   7.988807e-07   5.811312e+01 
6.247989e-01   -9.672234e-04   1.180113e-05   8.396135e-06   6.595741e-07   7.959150e-07   5.827639e+01 
6.247269e-01   -9.569133e-04   1.168991e-05   8.268449e-06   6.456738e-07   7.929526e-07   5.843979e+01 
6.246548e-01   -9.466807e-04   1.158041e-05   8.142781e-06   6.320885e-07   7.899877e-07   5.860330e+01 
6.245825e-01   -9.365261e-04   1.147257e-05   8.019093e-06   6.188106e-07   7.870095e-07   5.876694e+01 
6.245102e-01   -9.264507e-04   1.136636e-05   7.897354e-06   6.058328e-07   7.840227e-07   5.893069e+01 
6.244376e-01   -9.164540e-04   1.126174e-05   7.777526e-06   5.931478e-07   7.810238e-07   5.909456e+01 
6.243650e-01   -9.065380e-04   1.115871e-05   7.659583e-06   5.807487e-07   7.780217e-07   5.925856e+01 
6.242923e-01   -8.967015e-04   1.105723e-05   7.543481e-06   5.686289e-07   7.750099e-07   5.942267e+01 
6.242194e-01   -8.869444e-04   1.095726e-05   7.429185e-06   5.567815e-07   7.719847e-07   5.958690e+01 
6.241464e-01   -8.772662e-04   1.085879e-05   7.316658e-06   5.452003e-07   7.689459e-07   5.975125e+01 
6.240732e-01   -8.676679e-04   1.076178e-05   7.205873e-06   5.338789e-07   7.658965e-07   5.991572e+01 
6.240000e-01   -8.581516e-04   1.066622e-05   7.096806e-06   5.228113e-07   7.628477e-07   6.008031e+01 
6.239266e-01   -8.487159e-04   1.057207e-05   6.989418e-06   5.119914e-07   7.597934e-07   6.024501e+01 
6.238531e-01   -8.393600e-04   1.047931e-05   6.883674e-06   5.014136e-07   7.567294e-07   6.040984e+01 
6.237795e-01   -8.300857e-04   1.038792e-05   6.779552e-06   4.910720e-07   7.536565e-07   6.057479e+01 
6.237057e-01   -8.208932e-04   1.029788e-05   6.677023e-06   4.809612e-07   7.505764e-07   6.073986e+01 
6.236318e-01   -8.117821e-04   1.020916e-05   6.576056e-06   4.710759e-07   7.474830e-07   6.090504e+01 
6.235578e-01   -8.027530e-04   1.012175e-05   6.476623e-06   4.614107e-07   7.443820e-07   6.107035e+01 
6.234837e-01   -7.938060e-04   1.003561e-05   6.378698e-06   4.519606e-07   7.412752e-07   6.123577e+01 
6.234094e-01   -7.849414e-04   9.950729e-06   6.282254e-06   4.427206e-07   7.381624e-07   6.140132e+01 
6.233350e-01   -7.761595e-04   9.867086e-06   6.187265e-06   4.336858e-07   7.350403e-07   6.156698e+01 
6.232605e-01   -7.674604e-04   9.784659e-06   6.093705e-06   4.248515e-07   7.319121e-07   6.173276e+01 
6.231859e-01   -7.588446e-04   9.703431e-06   6.001550e-06   4.162131e-07   7.287745e-07   6.189866e+01 
6.231111e-01   -7.503124e-04   9.623379e-06   5.910775e-06   4.077661e-07   7.256295e-07   6.206469e+01 
6.230362e-01   -7.418637e-04   9.544483e-06   5.821355e-06   3.995060e-07   7.224787e-07   6.223083e+01 
6.229612e-01   -7.334993e-04   9.466723e-06   5.733268e-06   3.914286e-07   7.193207e-07   6.239709e+01 
6.228860e-01   -7.252192e-04   9.390076e-06   5.646491e-06   3.835297e-07   7.161593e-07   6.256347e+01 
6.228108e-01   -7.170234e-04   9.314521e-06   5.561000e-06   3.758052e-07   7.129947e-07   6.272996e+01 
6.227354e-01   -7.089126e-04   9.240037e-06   5.476774e-06   3.682511e-07   7.098287e-07   6.289658e+01 
6.226598e-01   -7.008869e-04   9.166604e-06   5.393792e-06   3.608636e-07   7.066611e-07   6.306332e+01 
6.225842e-01   -6.929466e-04   9.094205e-06   5.312030e-06   3.536388e-07   7.034923e-07   6.323018e+01 
6.225084e-01   -6.850917e-04   9.022828e-06   5.231472e-06   3.465730e-07   7.003223e-07   6.339715e+01 
6.224325e-01   -6.773228e-04   8.952456e-06   5.152092e-06   3.396627e-07   6.971491e-07   6.356425e+01 
6.223565e-01   -6.696402e-04   8.883083e-06   5.073874e-06   3.329043e-07   6.939698e-07   6.373146e+01 
6.222804e-01   -6.620437e-04   8.814698e-06   4.996798e-06   3.262943e-07   6.907815e-07   6.389880e+01 
6.222041e-01   -6.545340e-04   8.747290e-06   4.920843e-06   3.198295e-07   6.875843e-07   6.406625e+01 
6.221277e-01   -6.471112e-04   8.680847e-06   4.845993e-06   3.135065e-07   6.843775e-07   6.423383e+01 
6.220511e-01   -6.397758e-04   8.615351e-06   4.772226e-06   3.073221e-07   6.811609e-07   6.440152e+01 
6.219744e-01   -6.325274e-04   8.550774e-06   4.699528e-06   3.012732e-07   6.779396e-07   6.456933e+01 
6.218976e-01   -6.253669e-04   8.487102e-06   4.627879e-06   2.953568e-07   6.747134e-07   6.473726e+01 
6.218207e-01   -6.182940e-04   8.424312e-06   4.557263e-06   2.895699e-07   6.714863e-07   6.490531e+01 
6.217437e-01   -6.113097e-04   8.362386e-06   4.487663e-06   2.839095e-07   6.682571e-07   6.507348e+01 
6.216665e-01   -6.044136e-04   8.301319e-06   4.419059e-06   2.783729e-07   6.650250e-07   6.524177e+01 
6.215892e-01   -5.976067e-04   8.241096e-06   4.351441e-06   2.729573e-07   6.617928e-07   6.541018e+01 
6.215118e-01   -5.908883e-04   8.181706e-06   4.284787e-06   2.676600e-07   6.585563e-07   6.557871e+01 
6.214342e-01   -5.842595e-04   8.123140e-06   4.219085e-06   2.624783e-07   6.553153e-07   6.574736e+01 
6.213565e-01   -5.777200e-04   8.065382e-06   4.154319e-06   2.574097e-07   6.520721e-07   6.591612e+01 
6.212787e-01   -5.712704e-04   8.008422e-06   4.090474e-06   2.524517e-07   6.488241e-07   6.608501e+01 
6.212008e-01   -5.649105e-04   7.952245e-06   4.027534e-06   2.476018e-07   6.455732e-07   6.625401e+01 
6.211227e-01   -5.586415e-04   7.896839e-06   3.965485e-06   2.428575e-07   6.423185e-07   6.642314e+01 
6.210445e-01   -5.524626e-04   7.842199e-06   3.904313e-06   2.382166e-07   6.390607e-07   6.659238e+01 
6.209662e-01   -5.463755e-04   7.788306e-06   3.844003e-06   2.336768e-07   6.357987e-07   6.676175e+01 
6.208878e-01   -5.403792e-04   7.735155e-06   3.784541e-06   2.292358e-07   6.325324e-07   6.693123e+01 
6.208092e-01   -5.344749e-04   7.682737e-06   3.725915e-06   2.248914e-07   6.292657e-07   6.710083e+01 
6.207305e-01   -5.286622e-04   7.631032e-06   3.668112e-06   2.206414e-07   6.259965e-07   6.727055e+01 
6.206517e-01   -5.229414e-04   7.580027e-06   3.611118e-06   2.164839e-07   6.227243e-07   6.744040e+01 
6.205727e-01   -5.173129e-04   7.529715e-06   3.554924e-06   2.124167e-07   6.194508e-07   6.761036e+01 
6.204937e-01   -5.117764e-04   7.480081e-06   3.499514e-06   2.084379e-07   6.161768e-07   6.778044e+01 
6.204145e-01   -5.063328e-04   7.431119e-06   3.444878e-06   2.045455e-07   6.128977e-07   6.795064e+01 
6.203351e-01   -5.009823e-04   7.382828e-06   3.391005e-06   2.007376e-07   6.096167e-07   6.812095e+01 
6.202557e-01   -4.957265e-04   7.335241e-06   3.337877e-06   1.970124e-07   6.063308e-07   6.829139e+01 
6.201761e-01   -4.905639e-04   7.288269e-06   3.285485e-06   1.933681e-07   6.030437e-07   6.846195e+01 
6.200964e-01   -4.854959e-04   7.241895e-06   3.233818e-06   1.898029e-07   5.997510e-07   6.863263e+01 
6.200165e-01   -4.805223e-04   7.196186e-06   3.182863e-06   1.863150e-07   5.964553e-07   6.880342e+01 
6.199366e-01   -4.756435e-04   7.151084e-06   3.132613e-06   1.829028e-07   5.931575e-07   6.897434e+01 
6.198565e-01   -4.708596e-04   7.106576e-06   3.083054e-06   1.795646e-07   5.898593e-07   6.914537e+01 
6.197762e-01   -4.661701e-04   7.062642e-06   3.034178e-06   1.762987e-07   5.865599e-07   6.931653e+01 
6.196959e-01   -4.615761e-04   7.019258e-06   2.985974e-06   1.731036e-07   5.832557e-07   6.948780e+01 
6.196154e-01   -4.570777e-04   6.976406e-06   2.938432e-06   1.699777e-07   5.799389e-07   6.965919e+01 
6.195348e-01   -4.526752e-04   6.934067e-06   2.891546e-06   1.669195e-07   5.766072e-07   6.983071e+01 
6.194540e-01   -4.483687e-04   6.892235e-06   2.845304e-06   1.639276e-07   5.732611e-07   7.000234e+01 
6.193732e-01   -4.441585e-04   6.850933e-06   2.799698e-06   1.610007e-07   5.699060e-07   7.017409e+01 
6.192922e-01   -4.400457e-04   6.810235e-06   2.754717e-06   1.581372e-07   5.665599e-07   7.034596e+01 
6.192110e-01   -4.360297e-04   6.770242e-06   2.710351e-06   1.553357e-07   5.632469e-07   7.051795e+01 
6.191298e-01   -4.321119e-04   6.731009e-06   2.666588e-06   1.525949e-07   5.599766e-07   7.069006e+01 
6.190485e-01   -4.282922e-04   6.692467e-06   2.623417e-06   1.499134e-07   5.567350e-07   7.086229e+01 
6.189671e-01   -4.245712e-04   6.654442e-06   2.580831e-06   1.472899e-07   5.534840e-07   7.103463e+01 
6.188855e-01   -4.209490e-04   6.616767e-06   2.538820e-06   1.447232e-07   5.501932e-07   7.120710e+01 
6.188037e-01   -4.174261e-04   6.579376e-06   2.497377e-06   1.422121e-07   5.468554e-07   7.137969e+01 
6.187218e-01   -4.140021e-04   6.542337e-06   2.456496e-06   1.397553e-07   5.434917e-07   7.155239e+01 
6.186398e-01   -4.106769e-04   6.505774e-06   2.416172e-06   1.373517e-07   5.401272e-07   7.172522e+01 
6.185577e-01   -4.074511e-04   6.469764e-06   2.376395e-06   1.350002e-07   5.367786e-07   7.189816e+01 
6.184754e-01   -4.043248e-04   6.434306e-06   2.337158e-06   1.326995e-07   5.334445e-07   7.207123e+01 
6.183931e-01   -4.012986e-04   6.399356e-06   2.298453e-06   1.304487e-07   5.301159e-07   7.224441e+01 
6.183106e-01   -3.983727e-04   6.364868e-06   2.260272e-06   1.282466e-07   5.267840e-07   7.241771e+01 
6.182280e-01   -3.955474e-04   6.330822e-06   2.222607e-06   1.260922e-07   5.234497e-07   7.259114e+01 
6.181452e-01   -3.928231e-04   6.297221e-06   2.185453e-06   1.239845e-07   5.201132e-07   7.276468e+01 
6.180623e-01   -3.902001e-04   6.264069e-06   2.148799e-06   1.219224e-07   5.167777e-07   7.293834e+01 
6.179793e-01   -3.876790e-04   6.231356e-06   2.112638e-06   1.199049e-07   5.134388e-07   7.311212e+01 
6.178962e-01   -3.852602e-04   6.199073e-06   2.076963e-06   1.179311e-07   5.100975e-07   7.328602e+01 
6.178129e-01   -3.829444e-04   6.167206e-06   2.041768e-06   1.160001e-07   5.067501e-07   7.346004e+01 
6.177296e-01   -3.807315e-04   6.135751e-06   2.007046e-06   1.141109e-07   5.033985e-07   7.363418e+01 
6.176461e-01   -3.786217e-04   6.104711e-06   1.972791e-06   1.122626e-07   5.000463e-07   7.380843e+01 
6.175624e-01   -3.766145e-04   6.074080e-06   1.938998e-06   1.104544e-07   4.966921e-07   7.398281e+01 
6.174787e-01   -3.747111e-04   6.043862e-06   1.905660e-06   1.086853e-07   4.933402e-07   7.415731e+01 
6.173948e-01   -3.729110e-04   6.014042e-06   1.872771e-06   1.069546e-07   4.899878e-07   7.433192e+01 
6.173108e-01   -3.712150e-04   5.984615e-06   1.840326e-06   1.052614e-07   4.866351e-07   7.450666e+01 
6.172267e-01   -3.696235e-04   5.955578e-06   1.808315e-06   1.036050e-07   4.832810e-07   7.468151e+01 
6.171424e-01   -3.681368e-04   5.926925e-06   1.776736e-06   1.019844e-07   4.799255e-07   7.485649e+01 
6.170580e-01   -3.667556e-04   5.898660e-06   1.745580e-06   1.003990e-07   4.765687e-07   7.503158e+01 
6.169735e-01   -3.654799e-04   5.870781e-06   1.714844e-06   9.884804e-08   4.732125e-07   7.520679e+01 
6.168889e-01   -3.643099e-04   5.843288e-06   1.684521e-06   9.733070e-08   4.698574e-07   7.538212e+01 
6.168041e-01   -3.632462e-04   5.816167e-06   1.654605e-06   9.584630e-08   4.665011e-07   7.555757e+01 
6.167193e-01   -3.622886e-04   5.789397e-06   1.625092e-06   9.439414e-08   4.631427e-07   7.573315e+01 
6.166343e-01   -3.614378e-04   5.762961e-06   1.595976e-06   9.297352e-08   4.597796e-07   7.590884e+01 
6.165492e-01   -3.606939e-04   5.736852e-06   1.567252e-06   9.158379e-08   4.564116e-07   7.608465e+01 
6.164639e-01   -3.600577e-04   5.711076e-06   1.538915e-06   9.022427e-08   4.530416e-07   7.626057e+01 
6.163785e-01   -3.595287e-04   5.685644e-06   1.510961e-06   8.889432e-08   4.496703e-07   7.643662e+01 
6.162930e-01   -3.591080e-04   5.660559e-06   1.483383e-06   8.759332e-08   4.463002e-07   7.661279e+01 
6.162074e-01   -3.587957e-04   5.635818e-06   1.456178e-06   8.632063e-08   4.429295e-07   7.678908e+01 
6.161217e-01   -3.585919e-04   5.611412e-06   1.429338e-06   8.507566e-08   4.395586e-07   7.696548e+01 
6.160358e-01   -3.584973e-04   5.587330e-06   1.402862e-06   8.385782e-08   4.361861e-07   7.714201e+01 
6.159498e-01   -3.585121e-04   5.563566e-06   1.376744e-06   8.266653e-08   4.328120e-07   7.731865e+01 
6.158637e-01   -3.586363e-04   5.540116e-06   1.350979e-06   8.150121e-08   4.294355e-07   7.749542e+01 
6.157774e-01   -3.588706e-04   5.516978e-06   1.325564e-06   8.036134e-08   4.260580e-07   7.767230e+01 
6.156911e-01   -3.592152e-04   5.494151e-06   1.300492e-06   7.924635e-08   4.226798e-07   7.784930e+01 
6.156046e-01   -3.596701e-04   5.471631e-06   1.275762e-06   7.815573e-08   4.193004e-07   7.802643e+01 
6.155180e-01   -3.602363e-04   5.449413e-06   1.251368e-06   7.708896e-08   4.159199e-07   7.820367e+01 
6.154313e-01   -3.609135e-04   5.427494e-06   1.227306e-06   7.604554e-08   4.125381e-07   7.838103e+01 
6.153444e-01   -3.617023e-04   5.405872e-06   1.203573e-06   7.502497e-08   4.091559e-07   7.855851e+01 
6.152575e-01   -3.626026e-04   5.384543e-06   1.180163e-06   7.402676e-08   4.057719e-07   7.873611e+01 
6.151704e-01   -3.636158e-04   5.363501e-06   1.157073e-06   7.305045e-08   4.023881e-07   7.891383e+01 
6.150831e-01   -3.647412e-04   5.342747e-06   1.134300e-06   7.209557e-08   3.990023e-07   7.909167e+01 
6.149958e-01   -3.659796e-04   5.322274e-06   1.111840e-06   7.116167e-08   3.956152e-07   7.926963e+01 
6.149083e-01   -3.673310e-04   5.302079e-06   1.089687e-06   7.024830e-08   3.922265e-07   7.944770e+01 
6.148208e-01   -3.687966e-04   5.282157e-06   1.067840e-06   6.935504e-08   3.888362e-07   7.962590e+01 
6.147331e-01   -3.703757e-04   5.262506e-06   1.046295e-06   6.848146e-08   3.854457e-07   7.980422e+01 
6.146452e-01   -3.720692e-04   5.243121e-06   1.025046e-06   6.762714e-08   3.820522e-07   7.998265e+01 
6.145573e-01   -3.738775e-04   5.224002e-06   1.004093e-06   6.679168e-08   3.786592e-07   8.016121e+01 
6.144692e-01   -3.758004e-04   5.205145e-06   9.834312e-07   6.597468e-08   3.752643e-07   8.033988e+01 
6.143811e-01   -3.778388e-04   5.186546e-06   9.630565e-07   6.517577e-08   3.718685e-07   8.051868e+01 
6.142927e-01   -3.799928e-04   5.168204e-06   9.429670e-07   6.439455e-08   3.684722e-07   8.069759e+01 
6.142043e-01   -3.822624e-04   5.150116e-06   9.231580e-07   6.363066e-08   3.650747e-07   8.087662e+01 
6.141158e-01   -3.846487e-04   5.132281e-06   9.036277e-07   6.288374e-08   3.616754e-07   8.105577e+01 
6.140271e-01   -3.871517e-04   5.114695e-06   8.843717e-07   6.215342e-08   3.582751e-07   8.123504e+01 
6.139383e-01   -3.897714e-04   5.097354e-06   8.653879e-07   6.143937e-08   3.548738e-07   8.141443e+01 
6.138494e-01   -3.925084e-04   5.080255e-06   8.466727e-07   6.074124e-08   3.514707e-07   8.159394e+01 
6.137604e-01   -3.953635e-04   5.063396e-06   8.282237e-07   6.005871e-08   3.480673e-07   8.177357e+01 
6.136713e-01   -3.983366e-04   5.046775e-06   8.100372e-07   5.939144e-08   3.446620e-07   8.195332e+01 
6.135820e-01   -4.014275e-04   5.030392e-06   7.921112e-07   5.873912e-08   3.412554e-07   8.213319e+01 
6.134926e-01   -4.046378e-04   5.014246e-06   7.744424e-07   5.810143e-08   3.378471e-07   8.231318e+01 
6.134031e-01   -4.079667e-04   4.998335e-06   7.570280e-07   5.747808e-08   3.344374e-07   8.249328e+01 
6.133135e-01   -4.114151e-04   4.982656e-06   7.398660e-07   5.686877e-08   3.310260e-07   8.267351e+01 
6.132238e-01   -4.149832e-04   4.967207e-06   7.229528e-07   5.627319e-08   3.276132e-07   8.285385e+01 
6.131339e-01   -4.186717e-04   4.951981e-06   7.062859e-07   5.569108e-08   3.241986e-07   8.303432e+01 
6.130439e-01   -4.224804e-04   4.936972e-06   6.898636e-07   5.512214e-08   3.207834e-07   8.321490e+01 
6.129539e-01   -4.264100e-04   4.922174e-06   6.736829e-07   5.456611e-08   3.173682e-07   8.339561e+01 
6.128637e-01   -4.304607e-04   4.907583e-06   6.577411e-07   5.402272e-08   3.139522e-07   8.357643e+01 
6.127733e-01   -4.346332e-04   4.893202e-06   6.420361e-07   5.349171e-08   3.105359e-07   8.375737e+01 
6.126829e-01   -4.389272e-04   4.879034e-06   6.265652e-07   5.297282e-08   3.071187e-07   8.393843e+01 
6.125923e-01   -4.433435e-04   4.865082e-06   6.113264e-07   5.246580e-08   3.036992e-07   8.411961e+01 
6.125017e-01   -4.478826e-04   4.851346e-06   5.963172e-07   5.197042e-08   3.002782e-07   8.430091e+01 
6.124109e-01   -4.525445e-04   4.837820e-06   5.815355e-07   5.148642e-08   2.968551e-07   8.448233e+01 
6.123200e-01   -4.573298e-04   4.824500e-06   5.669793e-07   5.101359e-08   2.934307e-07   8.466387e+01 
6.122290e-01   -4.622388e-04   4.811383e-06   5.526458e-07   5.055168e-08   2.900047e-07   8.484553e+01 
6.121378e-01   -4.672716e-04   4.798461e-06   5.385333e-07   5.010049e-08   2.865772e-07   8.502731e+01 
6.120466e-01   -4.724288e-04   4.785736e-06   5.246399e-07   4.965977e-08   2.831497e-07   8.520921e+01 
6.119552e-01   -4.777109e-04   4.773211e-06   5.109632e-07   4.922933e-08   2.797198e-07   8.539122e+01 
6.118638e-01   -4.831180e-04   4.760884e-06   4.975015e-07   4.880895e-08   2.762887e-07   8.557336e+01 
6.117722e-01   -4.886508e-04   4.748753e-06   4.842525e-07   4.839843e-08   2.728568e-07   8.575561e+01 
6.116805e-01   -4.943092e-04   4.736811e-06   4.712148e-07   4.799757e-08   2.694225e-07   8.593799e+01 
6.115886e-01   -5.000938e-04   4.725059e-06   4.583860e-07   4.760617e-08   2.659882e-07   8.612048e+01 
6.114967e-01   -5.060048e-04   4.713495e-06   4.457644e-07   4.722404e-08   2.625518e-07   8.630310e+01 
6.114047e-01   -5.120431e-04   4.702118e-06   4.333481e-07   4.685100e-08   2.591138e-07   8.648583e+01 
6.113125e-01   -5.182085e-04   4.690929e-06   4.211357e-07   4.648685e-08   2.556755e-07   8.666868e+01 
6.112202e-01   -5.245012e-04   4.679926e-06   4.091250e-07   4.613144e-08   2.522354e-07   8.685165e+01 
6.111278e-01   -5.309226e-04   4.669106e-06   3.973147e-07   4.578457e-08   2.487948e-07   8.703474e+01 
6.110354e-01   -5.374719e-04   4.658468e-06   3.857027e-07   4.544608e-08   2.453518e-07   8.721795e+01 
6.109427e-01   -5.441501e-04   4.648010e-06   3.742879e-07   4.511580e-08   2.419081e-07   8.740128e+01 
6.108500e-01   -5.509575e-04   4.637730e-06   3.630681e-07   4.479357e-08   2.384616e-07   8.758473e+01 
6.107572e-01   -5.578944e-04   4.627625e-06   3.520422e-07   4.447924e-08   2.350141e-07   8.776830e+01 
6.106643e-01   -5.649613e-04   4.617693e-06   3.412084e-07   4.417264e-08   2.315645e-07   8.795199e+01 
6.105712e-01   -5.721581e-04   4.607933e-06   3.305657e-07   4.387363e-08   2.281132e-07   8.813579e+01 
6.104781e-01   -5.794857e-04   4.598349e-06   3.201120e-07   4.358207e-08   2.246611e-07   8.831972e+01 
6.103848e-01   -5.869443e-04   4.588937e-06   3.098461e-07   4.329780e-08   2.212077e-07   8.850377e+01 
6.102914e-01   -5.945342e-04   4.579697e-06   2.997670e-07   4.302069e-08   2.177519e-07   8.868793e+01 
6.101979e-01   -6.022563e-04   4.570629e-06   2.898733e-07   4.275060e-08   2.142963e-07   8.887222e+01 
6.101043e-01   -6.101101e-04   4.561733e-06   2.801630e-07   4.248739e-08   2.108382e-07   8.905662e+01 
6.100106e-01   -6.180965e-04   4.553004e-06   2.706355e-07   4.223093e-08   2.073784e-07   8.924114e+01 
6.099168e-01   -6.262159e-04   4.544442e-06   2.612891e-07   4.198110e-08   2.039179e-07   8.942579e+01 
6.098229e-01   -6.344681e-04   4.536049e-06   2.521229e-07   4.173777e-08   2.004556e-07   8.961055e+01 
6.097288e-01   -6.428542e-04   4.527819e-06   2.431357e-07   4.150084e-08   1.969922e-07   8.979543e+01 
6.096347e-01   -6.513742e-04   4.519753e-06   2.343269e-07   4.127019e-08   1.935270e-07   8.998043e+01 
6.095405e-01   -6.600287e-04   4.511854e-06   2.256950e-07   4.104571e-08   1.900609e-07   9.016555e+01 
6.094461e-01   -6.688183e-04   4.504119e-06   2.172396e-07   4.082729e-08   1.865917e-07   9.035079e+01 
6.093517e-01   -6.777428e-04   4.496553e-06   2.089598e-07   4.061483e-08   1.831211e-07   9.053615e+01 
6.092571e-01   -6.868031e-04   4.489153e-06   2.008544e-07   4.040820e-08   1.796481e-07   9.072163e+01 
6.091625e-01   -6.959999e-04   4.481917e-06   1.929223e-07   4.020731e-08   1.761725e-07   9.090722e+01 
6.090677e-01   -7.053320e-04   4.474838e-06   1.851616e-07   4.001202e-08   1.726946e-07   9.109294e+01 
6.089728e-01   -7.148012e-04   4.467910e-06   1.775703e-07   3.982225e-08   1.692156e-07   9.127878e+01 
6.088779e-01   -7.244070e-04   4.461127e-06   1.701462e-07   3.963787e-08   1.657358e-07   9.146473e+01 
6.087828e-01   -7.341501e-04   4.454476e-06   1.628868e-07   3.945881e-08   1.622557e-07   9.165081e+01 
6.086876e-01   -7.440308e-04   4.447948e-06   1.557905e-07   3.928499e-08   1.587761e-07   9.183700e+01 
6.085923e-01   -7.540500e-04   4.441540e-06   1.488561e-07   3.911637e-08   1.552960e-07   9.202332e+01 
6.084968e-01   -7.642069e-04   4.435243e-06   1.420835e-07   3.895286e-08   1.518160e-07   9.220975e+01 
6.084013e-01   -7.745029e-04   4.429058e-06   1.354737e-07   3.879443e-08   1.483354e-07   9.239630e+01 
6.083056e-01   -7.849381e-04   4.422982e-06   1.290285e-07   3.864098e-08   1.448522e-07   9.258297e+01 
6.082098e-01   -7.955129e-04   4.417030e-06   1.227490e-07   3.849244e-08   1.413656e-07   9.276976e+01 
6.081139e-01   -8.062269e-04   4.411209e-06   1.166371e-07   3.834868e-08   1.378760e-07   9.295667e+01 
6.080179e-01   -8.170822e-04   4.405539e-06   1.106924e-07   3.820959e-08   1.343830e-07   9.314370e+01 
6.079219e-01   -8.280781e-04   4.400049e-06   1.049139e-07   3.807504e-08   1.308880e-07   9.333085e+01 
6.078257e-01   -8.392157e-04   4.394768e-06   9.929871e-08   3.794495e-08   1.273910e-07   9.351812e+01 
6.077295e-01   -8.504947e-04   4.389729e-06   9.384326e-08   3.781921e-08   1.238937e-07   9.370551e+01 
6.076332e-01   -8.619171e-04   4.384963e-06   8.854445e-08   3.769782e-08   1.203964e-07   9.389302e+01 
6.075369e-01   -8.734816e-04   4.380489e-06   8.339931e-08   3.758074e-08   1.168982e-07   9.408064e+01 
6.074405e-01   -8.851899e-04   4.376290e-06   7.840658e-08   3.746802e-08   1.133979e-07   9.426839e+01 
6.073441e-01   -8.970407e-04   4.372295e-06   7.356607e-08   3.735963e-08   1.098938e-07   9.445626e+01 
6.072475e-01   -9.090367e-04   4.368396e-06   6.887896e-08   3.725561e-08   1.063851e-07   9.464424e+01 
6.071507e-01   -9.211759e-04   4.364482e-06   6.434671e-08   3.715586e-08   1.028716e-07   9.483234e+01 
6.070538e-01   -9.334609e-04   4.360503e-06   5.997067e-08   3.706037e-08   9.935116e-08   9.502057e+01 
6.069568e-01   -9.458887e-04   4.356479e-06   5.575170e-08   3.696898e-08   9.582780e-08   9.520891e+01 
6.068596e-01   -9.584643e-04   4.352501e-06   5.169007e-08   3.688164e-08   9.230205e-08   9.539737e+01 
6.067623e-01   -9.711839e-04   4.348671e-06   4.778586e-08   3.679816e-08   8.877519e-08   9.558596e+01 
6.066650e-01   -9.840507e-04   4.345074e-06   4.403837e-08   3.671854e-08   8.524652e-08   9.577466e+01 
6.065676e-01   -9.970613e-04   4.341732e-06   4.044705e-08   3.664267e-08   8.171806e-08   9.596348e+01 
6.064702e-01   -1.010222e-03   4.338620e-06   3.701030e-08   3.657062e-08   7.818944e-08   9.615242e+01 
6.063726e-01   -1.023527e-03   4.335688e-06   3.372737e-08   3.650229e-08   7.466068e-08   9.634148e+01 
6.062750e-01   -1.036981e-03   4.332893e-06   3.059718e-08   3.643780e-08   7.113041e-08   9.653065e+01 
6.061772e-01   -1.050580e-03   4.330201e-06   2.761923e-08   3.637703e-08   6.759636e-08   9.671995e+01 
6.060794e-01   -1.064331e-03   4.327614e-06   2.479317e-08   3.632009e-08   6.406062e-08   9.690937e+01 
6.059814e-01   -1.078227e-03   4.325142e-06   2.211912e-08   3.626682e-08   6.052110e-08   9.709891e+01 
6.058834e-01   -1.092276e-03   4.322813e-06   1.959736e-08   3.621733e-08   5.697981e-08   9.728856e+01 
6.057852e-01   -1.106470e-03   4.320632e-06   1.722797e-08   3.617139e-08   5.343616e-08   9.747834e+01 
6.056870e-01   -1.120820e-03   4.318605e-06   1.501133e-08   3.612918e-08   4.989056e-08   9.766823e+01 
6.055886e-01   -1.135312e-03   4.316722e-06   1.294735e-08   3.609042e-08   4.634283e-08   9.785825e+01 
6.054903e-01   -1.149962e-03   4.314989e-06   1.103625e-08   3.605537e-08   4.279279e-08   9.804838e+01 
6.053916e-01   -1.164754e-03   4.313387e-06   9.277851e-09   3.602370e-08   3.923958e-08   9.823863e+01 
6.052932e-01   -1.179709e-03   4.311932e-06   7.672113e-09   3.599576e-08   3.568359e-08   9.842900e+01 
6.051943e-01   -1.194801e-03   4.310605e-06   6.218492e-09   3.597115e-08   3.212613e-08   9.861950e+01 
6.050957e-01   -1.210059e-03   4.309424e-06   4.916646e-09   3.595032e-08   2.856616e-08   9.881011e+01 
6.049964e-01   -1.225447e-03   4.308375e-06   3.766944e-09   3.593279e-08   2.500461e-08   9.900084e+01 
6.048977e-01   -1.241004e-03   4.307486e-06   2.770774e-09   3.591908e-08   2.143808e-08   9.919169e+01 
6.047980e-01   -1.256676e-03   4.306722e-06   1.930259e-09   3.590863e-08   1.786757e-08   9.938266e+01 
6.046993e-01   -1.272521e-03   4.306127e-06   1.246543e-09   3.590200e-08   1.429265e-08   9.957374e+01 
6.045991e-01   -1.288449e-03   4.305644e-06   7.168626e-10   3.589865e-08   1.071741e-08   9.976495e+01 
6.044998e-01   -1.304544e-03   4.305318e-06   3.335899e-10   3.589897e-08   7.143571e-09   9.995628e+01 
6.044040e-01   -1.320661e-03   4.305096e-06   9.056967e-11   3.590250e-08   3.572743e-09   1.001477e+02 
6.043422e-01   -1.337223e-03   4.304866e-06   2.138758e-20   3.590704e-08   1.084202e-19   1.003393e+02 
