% The data presented here were obtained from a direct numerical simulation of a turbulent 
% boundary layer developing under a pressure gradient. All the data shown here are 
% not normalized. Please refer to the references below for rmore detailed information.
 
 
% We compute the boundary layer thickness using the method of Griffin et al. (2021). 
% The pressure-gradient parameters of beta_{ZS} and beta_i are computed as follows. 
% beta_{ZS}=(delta)/(rho U_{ZS}^2)(dp_e/dx) and beta_i = (nu/rho u_tau^3)(d p_w/dx) 
% where $delta$ is the boundary layer thickness, $U_{ZS}$ is the Zagorola-Smits velocity, 
% $p_e$ and $p_w$ are the pressure at the edge of boundary layer and wall, respectively. 
 
  
% Please check this report for rmore detailed information about the data: 
% Gungor, T. R., Gungor, A. G.., Maciel, Y. (2024). Datasets of  
% three non-equilibrium pressure gradient turbulent boundary layers.  
  
  
% Please cite this paper when referencing the data: 
% Gungor, T. R., Gungor, A. G. & Maciel, Y. (2024).  
% Turbulent boundary layer response to uniform changes of the pressure force contribution
% arXiv preprint arXiv:2402.13067 
 
  
% ========================================================================================= 
%  	 	 	************ Position 7 of DNS23 ************ 
% ========================================================================================= 

% 	 Re_tau = 1.524486e+03 
% 	 Re_theta=1.270712e+04 
% 	 utau=1.301931e-02 
% 	 U_e=6.223360e-01 
% 	 theta=5.833836e+00 
% 	 delta_star=1.258650e+01 
% 	 delta=3.345548e+01 
%  	 x_pos=6.374399e+02 
% 	 H=2.157501e+00 
% 	 C_f=8.657905e-04 
% 	 nu=2.857143e-04 
% 	 beta_RC=5.414405e-02 
% 	 beta_i=2.842707e-03 
% 	 beta_ZS=7.150536e-04 
 
% ========================================================================================================== 
% 	 U   	   V   	   u2   	   v2   	   w2   	   uv   	   y        
% ========================================================================================================= 
1.970017e-03   -2.559562e-08   1.746809e-06   8.195208e-11   1.876030e-06   -1.534012e-09   3.320224e-03 
4.522102e-03   -1.348372e-07   9.032212e-06   2.145003e-09   9.513157e-06   -1.943029e-08   7.619924e-03 
7.650377e-03   -3.858029e-07   2.523749e-05   1.601519e-08   2.583741e-05   -9.820501e-08   1.288845e-02 
1.134745e-02   -8.486166e-07   5.407799e-05   6.915661e-08   5.340679e-05   -3.316560e-07   1.911534e-02 
1.560219e-02   -1.604673e-06   9.944390e-05   2.170718e-07   9.411600e-05   -8.806286e-07   2.629033e-02 
2.039626e-02   -2.745554e-06   1.650812e-04   5.503947e-07   1.489483e-04   -1.978454e-06   3.440335e-02 
2.569952e-02   -4.371500e-06   2.540556e-04   1.195561e-06   2.178880e-04   -3.912727e-06   4.344451e-02 
3.146569e-02   -6.589127e-06   3.680147e-04   2.308249e-06   2.999436e-04   -6.981596e-06   5.340409e-02 
3.762954e-02   -9.507989e-06   5.064820e-04   4.061162e-06   3.933134e-04   -1.143376e-05   6.427258e-02 
4.410689e-02   -1.323612e-05   6.664843e-04   6.629193e-06   4.956364e-04   -1.741198e-05   7.604062e-02 
5.079814e-02   -1.787526e-05   8.427270e-04   1.017520e-05   6.042780e-04   -2.491838e-05   8.869899e-02 
5.759464e-02   -2.351645e-05   1.028307e-03   1.483888e-05   7.165879e-04   -3.381101e-05   1.022387e-01 
6.438681e-02   -3.023588e-05   1.215748e-03   2.072986e-05   8.300948e-04   -4.382959e-05   1.166508e-01 
7.107225e-02   -3.809084e-05   1.398063e-03   2.792464e-05   9.426288e-04   -5.464067e-05   1.319265e-01 
7.756239e-02   -4.711610e-05   1.569557e-03   3.646661e-05   1.052384e-03   -6.588869e-05   1.480574e-01 
8.378678e-02   -5.732299e-05   1.726248e-03   4.636812e-05   1.157935e-03   -7.724123e-05   1.650351e-01 
8.969473e-02   -6.870373e-05   1.865911e-03   5.761374e-05   1.258229e-03   -8.842082e-05   1.828511e-01 
9.525468e-02   -8.124023e-05   1.987835e-03   7.016414e-05   1.352557e-03   -9.922184e-05   2.014975e-01 
1.004519e-01   -9.491377e-05   2.092447e-03   8.396000e-05   1.440519e-03   -1.095130e-04   2.209661e-01 
1.052852e-01   -1.097116e-04   2.180930e-03   9.892577e-05   1.521967e-03   -1.192287e-04   2.412492e-01 
1.097636e-01   -1.256279e-04   2.254904e-03   1.149725e-04   1.596959e-03   -1.283545e-04   2.623390e-01 
1.139035e-01   -1.426622e-04   2.316155e-03   1.320011e-04   1.665695e-03   -1.369104e-04   2.842279e-01 
1.177253e-01   -1.608162e-04   2.366461e-03   1.499070e-04   1.728464e-03   -1.449366e-04   3.069083e-01 
1.212523e-01   -1.800887e-04   2.407493e-03   1.685859e-04   1.785596e-03   -1.524851e-04   3.303730e-01 
1.245084e-01   -2.004690e-04   2.440780e-03   1.879368e-04   1.837459e-03   -1.596166e-04   3.546147e-01 
1.275176e-01   -2.219301e-04   2.467690e-03   2.078637e-04   1.884456e-03   -1.663942e-04   3.796264e-01 
1.303029e-01   -2.444183e-04   2.489442e-03   2.282756e-04   1.926999e-03   -1.728741e-04   4.054008e-01 
1.328858e-01   -2.678671e-04   2.507094e-03   2.490851e-04   1.965469e-03   -1.791025e-04   4.319312e-01 
1.352858e-01   -2.922286e-04   2.521531e-03   2.702085e-04   2.000198e-03   -1.851187e-04   4.592109e-01 
1.375208e-01   -3.174677e-04   2.533497e-03   2.915681e-04   2.031487e-03   -1.909609e-04   4.872331e-01 
1.396068e-01   -3.435373e-04   2.543603e-03   3.130921e-04   2.059653e-03   -1.966721e-04   5.159912e-01 
1.415580e-01   -3.704050e-04   2.552289e-03   3.347156e-04   2.085001e-03   -2.022956e-04   5.454788e-01 
1.433874e-01   -3.980758e-04   2.559859e-03   3.563820e-04   2.107755e-03   -2.078741e-04   5.756895e-01 
1.451067e-01   -4.265521e-04   2.566512e-03   3.780427e-04   2.128083e-03   -2.134437e-04   6.066170e-01 
1.467262e-01   -4.557900e-04   2.572396e-03   3.996572e-04   2.146142e-03   -2.190271e-04   6.382551e-01 
1.482554e-01   -4.857766e-04   2.577657e-03   4.211983e-04   2.162091e-03   -2.246545e-04   6.705979e-01 
1.497028e-01   -5.165601e-04   2.582467e-03   4.426509e-04   2.176094e-03   -2.303462e-04   7.036392e-01 
1.510758e-01   -5.481838e-04   2.587008e-03   4.640069e-04   2.188299e-03   -2.361396e-04   7.373731e-01 
1.523806e-01   -5.806270e-04   2.591442e-03   4.852624e-04   2.198861e-03   -2.420567e-04   7.717940e-01 
1.536227e-01   -6.138285e-04   2.595862e-03   5.064139e-04   2.207934e-03   -2.481080e-04   8.068960e-01 
1.548076e-01   -6.477312e-04   2.600327e-03   5.274631e-04   2.215659e-03   -2.542900e-04   8.426735e-01 
1.559405e-01   -6.822491e-04   2.604966e-03   5.484119e-04   2.222202e-03   -2.605908e-04   8.791210e-01 
1.570263e-01   -7.172908e-04   2.609917e-03   5.692535e-04   2.227685e-03   -2.670006e-04   9.162329e-01 
1.580694e-01   -7.528052e-04   2.615246e-03   5.899773e-04   2.232138e-03   -2.735177e-04   9.540039e-01 
1.590740e-01   -7.887522e-04   2.620981e-03   6.105835e-04   2.235614e-03   -2.801321e-04   9.924286e-01 
1.600438e-01   -8.251347e-04   2.627187e-03   6.310868e-04   2.238261e-03   -2.868311e-04   1.031502e+00 
1.609822e-01   -8.620129e-04   2.633935e-03   6.515009e-04   2.240262e-03   -2.936270e-04   1.071218e+00 
1.618917e-01   -8.994365e-04   2.641229e-03   6.718282e-04   2.241828e-03   -3.005393e-04   1.111573e+00 
1.627736e-01   -9.374259e-04   2.648986e-03   6.920839e-04   2.243154e-03   -3.075742e-04   1.152561e+00 
1.636299e-01   -9.759942e-04   2.657067e-03   7.123114e-04   2.244329e-03   -3.147271e-04   1.194178e+00 
1.644630e-01   -1.015222e-03   2.665417e-03   7.325500e-04   2.245342e-03   -3.220062e-04   1.236418e+00 
1.652754e-01   -1.055268e-03   2.674081e-03   7.528040e-04   2.246173e-03   -3.294277e-04   1.279276e+00 
1.660687e-01   -1.096403e-03   2.683095e-03   7.730646e-04   2.246902e-03   -3.370191e-04   1.322748e+00 
1.668437e-01   -1.138859e-03   2.692510e-03   7.933241e-04   2.247629e-03   -3.448052e-04   1.366830e+00 
1.676011e-01   -1.182628e-03   2.702433e-03   8.135605e-04   2.248403e-03   -3.527922e-04   1.411516e+00 
1.683420e-01   -1.227435e-03   2.712920e-03   8.337656e-04   2.249257e-03   -3.609494e-04   1.456801e+00 
1.690673e-01   -1.272874e-03   2.723880e-03   8.539472e-04   2.250200e-03   -3.692223e-04   1.502683e+00 
1.697778e-01   -1.318700e-03   2.735190e-03   8.740751e-04   2.251216e-03   -3.775762e-04   1.549156e+00 
1.704738e-01   -1.364781e-03   2.746698e-03   8.941057e-04   2.252111e-03   -3.859916e-04   1.596215e+00 
1.711559e-01   -1.411238e-03   2.758273e-03   9.140430e-04   2.252720e-03   -3.944707e-04   1.643857e+00 
1.718258e-01   -1.458263e-03   2.769884e-03   9.339135e-04   2.253127e-03   -4.030675e-04   1.692076e+00 
1.724857e-01   -1.505826e-03   2.781628e-03   9.537363e-04   2.253530e-03   -4.118092e-04   1.740870e+00 
1.731380e-01   -1.554168e-03   2.793668e-03   9.735203e-04   2.254079e-03   -4.207257e-04   1.790234e+00 
1.737845e-01   -1.603637e-03   2.806051e-03   9.932833e-04   2.254767e-03   -4.298308e-04   1.840163e+00 
1.744262e-01   -1.654102e-03   2.818702e-03   1.013040e-03   2.255590e-03   -4.390961e-04   1.890654e+00 
1.750618e-01   -1.705468e-03   2.831554e-03   1.032788e-03   2.256592e-03   -4.485013e-04   1.941702e+00 
1.756885e-01   -1.757685e-03   2.844593e-03   1.052493e-03   2.257781e-03   -4.580220e-04   1.993305e+00 
1.763063e-01   -1.810456e-03   2.857825e-03   1.072121e-03   2.259097e-03   -4.675958e-04   2.045457e+00 
1.769168e-01   -1.863269e-03   2.871184e-03   1.091666e-03   2.260545e-03   -4.771320e-04   2.098155e+00 
1.775214e-01   -1.915982e-03   2.884694e-03   1.111135e-03   2.262150e-03   -4.865942e-04   2.151396e+00 
1.781220e-01   -1.968809e-03   2.898453e-03   1.130556e-03   2.264011e-03   -4.960154e-04   2.205175e+00 
1.787195e-01   -2.021970e-03   2.912390e-03   1.149939e-03   2.266176e-03   -5.054660e-04   2.259489e+00 
1.793139e-01   -2.075583e-03   2.926435e-03   1.169261e-03   2.268565e-03   -5.149862e-04   2.314335e+00 
1.799051e-01   -2.129640e-03   2.940748e-03   1.188490e-03   2.271158e-03   -5.245771e-04   2.369707e+00 
1.804928e-01   -2.184131e-03   2.955230e-03   1.207612e-03   2.273869e-03   -5.342256e-04   2.425604e+00 
1.810780e-01   -2.238907e-03   2.969933e-03   1.226624e-03   2.276733e-03   -5.439180e-04   2.482022e+00 
1.816626e-01   -2.294001e-03   2.985146e-03   1.245541e-03   2.280016e-03   -5.536822e-04   2.538956e+00 
1.822486e-01   -2.349796e-03   3.000973e-03   1.264405e-03   2.283715e-03   -5.635581e-04   2.596404e+00 
1.828373e-01   -2.406481e-03   3.017429e-03   1.283269e-03   2.287597e-03   -5.736024e-04   2.654363e+00 
1.834299e-01   -2.463979e-03   3.034538e-03   1.302180e-03   2.291610e-03   -5.838140e-04   2.712828e+00 
1.840282e-01   -2.522185e-03   3.052232e-03   1.321159e-03   2.295793e-03   -5.941884e-04   2.771797e+00 
1.846316e-01   -2.581061e-03   3.070506e-03   1.340133e-03   2.300478e-03   -6.047561e-04   2.831267e+00 
1.852390e-01   -2.640550e-03   3.089360e-03   1.359046e-03   2.305828e-03   -6.155135e-04   2.891233e+00 
1.858508e-01   -2.700815e-03   3.108771e-03   1.377895e-03   2.311886e-03   -6.265182e-04   2.951694e+00 
1.864682e-01   -2.762005e-03   3.128825e-03   1.396738e-03   2.318780e-03   -6.378522e-04   3.012645e+00 
1.870916e-01   -2.824083e-03   3.149680e-03   1.415627e-03   2.326608e-03   -6.494677e-04   3.074084e+00 
1.877213e-01   -2.887242e-03   3.171296e-03   1.434592e-03   2.335238e-03   -6.613015e-04   3.136008e+00 
1.883579e-01   -2.951340e-03   3.193559e-03   1.453636e-03   2.344130e-03   -6.732858e-04   3.198414e+00 
1.890026e-01   -3.016225e-03   3.216568e-03   1.472741e-03   2.353091e-03   -6.854547e-04   3.261298e+00 
1.896566e-01   -3.081958e-03   3.240280e-03   1.491844e-03   2.362365e-03   -6.978278e-04   3.324657e+00 
1.903179e-01   -3.148050e-03   3.264041e-03   1.510890e-03   2.372045e-03   -7.102397e-04   3.388490e+00 
1.909842e-01   -3.213807e-03   3.287306e-03   1.529886e-03   2.382200e-03   -7.225117e-04   3.452792e+00 
1.916556e-01   -3.279167e-03   3.310366e-03   1.548858e-03   2.392829e-03   -7.346271e-04   3.517561e+00 
1.923305e-01   -3.344518e-03   3.334114e-03   1.567799e-03   2.403906e-03   -7.467457e-04   3.582794e+00 
1.930052e-01   -3.409990e-03   3.359115e-03   1.586697e-03   2.415407e-03   -7.589050e-04   3.648489e+00 
1.936754e-01   -3.475823e-03   3.385013e-03   1.605560e-03   2.427236e-03   -7.710685e-04   3.714642e+00 
1.943430e-01   -3.542195e-03   3.411160e-03   1.624411e-03   2.439534e-03   -7.832195e-04   3.781251e+00 
1.950144e-01   -3.608798e-03   3.437615e-03   1.643214e-03   2.452490e-03   -7.953670e-04   3.848313e+00 
1.956929e-01   -3.676123e-03   3.464459e-03   1.661945e-03   2.465460e-03   -8.077343e-04   3.915826e+00 
1.963781e-01   -3.744548e-03   3.491710e-03   1.680646e-03   2.478171e-03   -8.204576e-04   3.983786e+00 
1.970692e-01   -3.813748e-03   3.519067e-03   1.699463e-03   2.491014e-03   -8.333780e-04   4.052192e+00 
1.977688e-01   -3.883495e-03   3.546177e-03   1.718481e-03   2.504011e-03   -8.464419e-04   4.121039e+00 
1.984808e-01   -3.953861e-03   3.573134e-03   1.737747e-03   2.517068e-03   -8.597382e-04   4.190328e+00 
1.992061e-01   -4.024696e-03   3.599822e-03   1.757196e-03   2.530421e-03   -8.731924e-04   4.260053e+00 
1.999433e-01   -4.095678e-03   3.626117e-03   1.776663e-03   2.544275e-03   -8.866693e-04   4.330214e+00 
2.006931e-01   -4.166722e-03   3.652403e-03   1.796016e-03   2.558994e-03   -9.001603e-04   4.400807e+00 
2.014537e-01   -4.237769e-03   3.678952e-03   1.815103e-03   2.574480e-03   -9.136754e-04   4.471830e+00 
2.022216e-01   -4.308729e-03   3.706181e-03   1.833755e-03   2.590281e-03   -9.272119e-04   4.543280e+00 
2.029942e-01   -4.379533e-03   3.734796e-03   1.852015e-03   2.606454e-03   -9.408464e-04   4.615156e+00 
2.037679e-01   -4.450160e-03   3.764725e-03   1.870006e-03   2.622960e-03   -9.545279e-04   4.687455e+00 
2.045388e-01   -4.520719e-03   3.795291e-03   1.887783e-03   2.639334e-03   -9.682042e-04   4.760174e+00 
2.053077e-01   -4.591210e-03   3.826556e-03   1.905473e-03   2.655065e-03   -9.819156e-04   4.833312e+00 
2.060814e-01   -4.661751e-03   3.858777e-03   1.923155e-03   2.670556e-03   -9.955881e-04   4.906865e+00 
2.068644e-01   -4.732804e-03   3.891497e-03   1.940903e-03   2.685916e-03   -1.009237e-03   4.980832e+00 
2.076553e-01   -4.804522e-03   3.924409e-03   1.958688e-03   2.700702e-03   -1.022877e-03   5.055210e+00 
2.084546e-01   -4.876480e-03   3.957164e-03   1.976473e-03   2.715408e-03   -1.036473e-03   5.129997e+00 
2.092659e-01   -4.948500e-03   3.989963e-03   1.994353e-03   2.730250e-03   -1.050065e-03   5.205191e+00 
2.100887e-01   -5.020511e-03   4.023007e-03   2.012447e-03   2.745102e-03   -1.063719e-03   5.280790e+00 
2.109192e-01   -5.092622e-03   4.056323e-03   2.030631e-03   2.759853e-03   -1.077406e-03   5.356792e+00 
2.117580e-01   -5.165713e-03   4.089660e-03   2.048849e-03   2.774923e-03   -1.091164e-03   5.433193e+00 
2.126043e-01   -5.240846e-03   4.122282e-03   2.067136e-03   2.790825e-03   -1.105108e-03   5.509994e+00 
2.134558e-01   -5.317926e-03   4.154550e-03   2.085469e-03   2.807114e-03   -1.119246e-03   5.587190e+00 
2.143110e-01   -5.396222e-03   4.187191e-03   2.103886e-03   2.823160e-03   -1.133726e-03   5.664780e+00 
2.151742e-01   -5.475638e-03   4.220171e-03   2.122500e-03   2.839057e-03   -1.148572e-03   5.742763e+00 
2.160521e-01   -5.556438e-03   4.253106e-03   2.141311e-03   2.854800e-03   -1.163604e-03   5.821135e+00 
2.169473e-01   -5.637588e-03   4.285632e-03   2.160285e-03   2.870483e-03   -1.178476e-03   5.899895e+00 
2.178558e-01   -5.717436e-03   4.317476e-03   2.179218e-03   2.885852e-03   -1.192821e-03   5.979042e+00 
2.187714e-01   -5.796987e-03   4.348676e-03   2.198052e-03   2.900590e-03   -1.206796e-03   6.058572e+00 
2.196955e-01   -5.876414e-03   4.379368e-03   2.216794e-03   2.915271e-03   -1.220651e-03   6.138485e+00 
2.206301e-01   -5.955725e-03   4.409889e-03   2.235349e-03   2.930110e-03   -1.234431e-03   6.218778e+00 
2.215746e-01   -6.036330e-03   4.440217e-03   2.253673e-03   2.944778e-03   -1.248123e-03   6.299449e+00 
2.225293e-01   -6.118153e-03   4.470478e-03   2.271896e-03   2.959762e-03   -1.261859e-03   6.380496e+00 
2.234897e-01   -6.200096e-03   4.500528e-03   2.289953e-03   2.975457e-03   -1.275533e-03   6.461918e+00 
2.244513e-01   -6.282403e-03   4.530272e-03   2.307730e-03   2.991952e-03   -1.289184e-03   6.543712e+00 
2.254201e-01   -6.366372e-03   4.560978e-03   2.325434e-03   3.008628e-03   -1.303210e-03   6.625877e+00 
2.264015e-01   -6.452379e-03   4.592893e-03   2.343295e-03   3.024728e-03   -1.317672e-03   6.708411e+00 
2.273951e-01   -6.540395e-03   4.625021e-03   2.361406e-03   3.040248e-03   -1.332465e-03   6.791312e+00 
2.284017e-01   -6.627814e-03   4.656672e-03   2.379624e-03   3.056046e-03   -1.347092e-03   6.874579e+00 
2.294200e-01   -6.713844e-03   4.688127e-03   2.397761e-03   3.073110e-03   -1.361375e-03   6.958208e+00 
2.304524e-01   -6.798814e-03   4.719608e-03   2.415754e-03   3.091398e-03   -1.375243e-03   7.042200e+00 
2.315061e-01   -6.882039e-03   4.750603e-03   2.433615e-03   3.110186e-03   -1.388684e-03   7.126552e+00 
2.325823e-01   -6.965379e-03   4.780891e-03   2.451619e-03   3.128714e-03   -1.402212e-03   7.211262e+00 
2.336730e-01   -7.048959e-03   4.811880e-03   2.469535e-03   3.147406e-03   -1.415836e-03   7.296328e+00 
2.347769e-01   -7.133629e-03   4.843946e-03   2.487203e-03   3.166430e-03   -1.429470e-03   7.381750e+00 
2.358973e-01   -7.221579e-03   4.877303e-03   2.504831e-03   3.185620e-03   -1.443670e-03   7.467524e+00 
2.370339e-01   -7.311791e-03   4.912232e-03   2.522195e-03   3.205964e-03   -1.458411e-03   7.553650e+00 
2.381844e-01   -7.402658e-03   4.948193e-03   2.539116e-03   3.228058e-03   -1.473232e-03   7.640126e+00 
2.393437e-01   -7.492581e-03   4.984139e-03   2.555724e-03   3.250801e-03   -1.487859e-03   7.726950e+00 
2.405122e-01   -7.581354e-03   5.019580e-03   2.572325e-03   3.273303e-03   -1.502282e-03   7.814121e+00 
2.416912e-01   -7.669851e-03   5.054698e-03   2.589037e-03   3.295307e-03   -1.516580e-03   7.901637e+00 
2.428772e-01   -7.757599e-03   5.089119e-03   2.605589e-03   3.317170e-03   -1.530455e-03   7.989497e+00 
2.440705e-01   -7.845230e-03   5.123703e-03   2.621721e-03   3.339514e-03   -1.544228e-03   8.077698e+00 
2.452669e-01   -7.933027e-03   5.158191e-03   2.637582e-03   3.362415e-03   -1.558207e-03   8.166239e+00 
2.464650e-01   -8.020911e-03   5.191929e-03   2.653340e-03   3.385407e-03   -1.572019e-03   8.255120e+00 
2.476684e-01   -8.108574e-03   5.224919e-03   2.669289e-03   3.407733e-03   -1.585397e-03   8.344337e+00 
2.488753e-01   -8.196234e-03   5.257291e-03   2.685337e-03   3.429197e-03   -1.598556e-03   8.433891e+00 
2.500932e-01   -8.284634e-03   5.288928e-03   2.701424e-03   3.449730e-03   -1.611845e-03   8.523778e+00 
2.513290e-01   -8.373525e-03   5.319902e-03   2.717683e-03   3.468454e-03   -1.625284e-03   8.613998e+00 
2.525777e-01   -8.462633e-03   5.351563e-03   2.733706e-03   3.485855e-03   -1.638733e-03   8.704549e+00 
2.538419e-01   -8.551180e-03   5.383023e-03   2.749584e-03   3.504008e-03   -1.652138e-03   8.795430e+00 
2.551217e-01   -8.638946e-03   5.412883e-03   2.765747e-03   3.523428e-03   -1.665558e-03   8.886640e+00 
2.564087e-01   -8.725493e-03   5.441454e-03   2.782423e-03   3.544418e-03   -1.678860e-03   8.978176e+00 
2.576968e-01   -8.811298e-03   5.469727e-03   2.799175e-03   3.567077e-03   -1.691771e-03   9.070038e+00 
2.589945e-01   -8.897280e-03   5.498383e-03   2.815661e-03   3.589918e-03   -1.704306e-03   9.162223e+00 
2.603070e-01   -8.982718e-03   5.527026e-03   2.831502e-03   3.613490e-03   -1.716327e-03   9.254732e+00 
2.616298e-01   -9.067449e-03   5.555850e-03   2.846232e-03   3.637093e-03   -1.727726e-03   9.347561e+00 
2.629631e-01   -9.152920e-03   5.583668e-03   2.860067e-03   3.658895e-03   -1.738959e-03   9.440710e+00 
2.643052e-01   -9.239096e-03   5.609752e-03   2.873355e-03   3.680299e-03   -1.750089e-03   9.534178e+00 
2.656539e-01   -9.325903e-03   5.636426e-03   2.886420e-03   3.701639e-03   -1.761319e-03   9.627963e+00 
2.670076e-01   -9.414003e-03   5.662875e-03   2.899328e-03   3.721902e-03   -1.772863e-03   9.722064e+00 
2.683720e-01   -9.503902e-03   5.688914e-03   2.911826e-03   3.741220e-03   -1.784762e-03   9.816478e+00 
2.697478e-01   -9.594903e-03   5.714814e-03   2.923918e-03   3.760939e-03   -1.796877e-03   9.911206e+00 
2.711323e-01   -9.685632e-03   5.740102e-03   2.935582e-03   3.782343e-03   -1.808647e-03   1.000625e+01 
2.725319e-01   -9.776009e-03   5.764380e-03   2.947444e-03   3.803692e-03   -1.820066e-03   1.010160e+01 
2.739521e-01   -9.868135e-03   5.788729e-03   2.959767e-03   3.824355e-03   -1.831681e-03   1.019726e+01 
2.753850e-01   -9.962653e-03   5.813936e-03   2.971747e-03   3.845857e-03   -1.843947e-03   1.029322e+01 
2.768218e-01   -1.005714e-02   5.840169e-03   2.982979e-03   3.868163e-03   -1.856528e-03   1.038950e+01 
2.782768e-01   -1.014984e-02   5.866343e-03   2.994235e-03   3.890958e-03   -1.868661e-03   1.048608e+01 
2.797547e-01   -1.024118e-02   5.891419e-03   3.005685e-03   3.913299e-03   -1.880103e-03   1.058296e+01 
2.812618e-01   -1.033252e-02   5.915336e-03   3.017709e-03   3.935058e-03   -1.891357e-03   1.068015e+01 
2.828088e-01   -1.042424e-02   5.939087e-03   3.030493e-03   3.957334e-03   -1.902726e-03   1.077763e+01 
2.843837e-01   -1.051601e-02   5.962341e-03   3.043283e-03   3.980312e-03   -1.913974e-03   1.087542e+01 
2.859736e-01   -1.060762e-02   5.985826e-03   3.055784e-03   4.003696e-03   -1.924973e-03   1.097351e+01 
2.875732e-01   -1.069888e-02   6.010350e-03   3.068385e-03   4.027036e-03   -1.935593e-03   1.107190e+01 
2.891792e-01   -1.078950e-02   6.035649e-03   3.081195e-03   4.048838e-03   -1.946278e-03   1.117058e+01 
2.907854e-01   -1.087896e-02   6.060248e-03   3.093670e-03   4.069796e-03   -1.956779e-03   1.126955e+01 
2.923831e-01   -1.096806e-02   6.084643e-03   3.105225e-03   4.091312e-03   -1.966898e-03   1.136883e+01 
2.939771e-01   -1.105716e-02   6.109222e-03   3.115896e-03   4.113150e-03   -1.976868e-03   1.146839e+01 
2.955720e-01   -1.114515e-02   6.132833e-03   3.125532e-03   4.133640e-03   -1.986603e-03   1.156825e+01 
2.971729e-01   -1.123192e-02   6.155744e-03   3.134455e-03   4.153453e-03   -1.995846e-03   1.166840e+01 
2.987887e-01   -1.131729e-02   6.179809e-03   3.142825e-03   4.173416e-03   -2.004844e-03   1.176884e+01 
3.004093e-01   -1.140240e-02   6.204963e-03   3.150196e-03   4.192996e-03   -2.013760e-03   1.186957e+01 
3.020358e-01   -1.148696e-02   6.229861e-03   3.157494e-03   4.212411e-03   -2.022530e-03   1.197058e+01 
3.036791e-01   -1.157109e-02   6.254197e-03   3.165003e-03   4.231214e-03   -2.030944e-03   1.207188e+01 
3.053384e-01   -1.165550e-02   6.276718e-03   3.172789e-03   4.249076e-03   -2.039300e-03   1.217347e+01 
3.070148e-01   -1.174105e-02   6.298150e-03   3.180583e-03   4.265531e-03   -2.047919e-03   1.227534e+01 
3.087024e-01   -1.182728e-02   6.319733e-03   3.188002e-03   4.279943e-03   -2.056415e-03   1.237750e+01 
3.104015e-01   -1.191265e-02   6.340661e-03   3.195204e-03   4.293867e-03   -2.064511e-03   1.247993e+01 
3.121124e-01   -1.199613e-02   6.360040e-03   3.202113e-03   4.306588e-03   -2.072131e-03   1.258265e+01 
3.138266e-01   -1.207833e-02   6.378752e-03   3.208489e-03   4.319294e-03   -2.079282e-03   1.268565e+01 
3.155460e-01   -1.215901e-02   6.396672e-03   3.214696e-03   4.333632e-03   -2.085842e-03   1.278892e+01 
3.172698e-01   -1.223580e-02   6.412846e-03   3.220627e-03   4.347811e-03   -2.091498e-03   1.289248e+01 
3.189953e-01   -1.230950e-02   6.427653e-03   3.225848e-03   4.362409e-03   -2.096398e-03   1.299631e+01 
3.207341e-01   -1.238513e-02   6.442793e-03   3.231004e-03   4.376253e-03   -2.101738e-03   1.310042e+01 
3.224789e-01   -1.246182e-02   6.458303e-03   3.235688e-03   4.386963e-03   -2.107013e-03   1.320480e+01 
3.242217e-01   -1.253921e-02   6.474174e-03   3.240009e-03   4.395548e-03   -2.111983e-03   1.330946e+01 
3.259828e-01   -1.261828e-02   6.492749e-03   3.244434e-03   4.404252e-03   -2.117289e-03   1.341438e+01 
3.277611e-01   -1.269860e-02   6.512376e-03   3.248927e-03   4.414534e-03   -2.122862e-03   1.351959e+01 
3.295405e-01   -1.277899e-02   6.529977e-03   3.253545e-03   4.424931e-03   -2.128430e-03   1.362506e+01 
3.313232e-01   -1.285742e-02   6.545502e-03   3.258412e-03   4.433316e-03   -2.133571e-03   1.373080e+01 
3.330996e-01   -1.293466e-02   6.559894e-03   3.262618e-03   4.440806e-03   -2.138601e-03   1.383681e+01 
3.348706e-01   -1.301255e-02   6.575216e-03   3.265802e-03   4.449321e-03   -2.143806e-03   1.394309e+01 
3.366589e-01   -1.309173e-02   6.590581e-03   3.268661e-03   4.458277e-03   -2.148834e-03   1.404963e+01 
3.384549e-01   -1.317200e-02   6.605863e-03   3.271165e-03   4.464544e-03   -2.154102e-03   1.415644e+01 
3.402501e-01   -1.325155e-02   6.621505e-03   3.273328e-03   4.466540e-03   -2.159098e-03   1.426352e+01 
3.420610e-01   -1.333077e-02   6.638614e-03   3.275049e-03   4.466400e-03   -2.163818e-03   1.437086e+01 
3.438906e-01   -1.341035e-02   6.655337e-03   3.276322e-03   4.465117e-03   -2.168245e-03   1.447846e+01 
3.457179e-01   -1.349047e-02   6.670558e-03   3.276953e-03   4.463482e-03   -2.172426e-03   1.458633e+01 
3.475458e-01   -1.357050e-02   6.685829e-03   3.277178e-03   4.462000e-03   -2.176734e-03   1.469445e+01 
3.493845e-01   -1.365099e-02   6.700850e-03   3.276971e-03   4.459036e-03   -2.181213e-03   1.480284e+01 
3.512238e-01   -1.373099e-02   6.715127e-03   3.276595e-03   4.452882e-03   -2.185527e-03   1.491149e+01 
3.530637e-01   -1.380809e-02   6.728240e-03   3.276295e-03   4.445349e-03   -2.189161e-03   1.502039e+01 
3.549049e-01   -1.388436e-02   6.742128e-03   3.276023e-03   4.437849e-03   -2.192507e-03   1.512956e+01 
3.567565e-01   -1.396185e-02   6.756452e-03   3.275529e-03   4.430303e-03   -2.195961e-03   1.523898e+01 
3.586275e-01   -1.403963e-02   6.767139e-03   3.274599e-03   4.422715e-03   -2.199062e-03   1.534865e+01 
3.605226e-01   -1.411697e-02   6.775274e-03   3.272994e-03   4.415154e-03   -2.201776e-03   1.545858e+01 
3.624436e-01   -1.419414e-02   6.782283e-03   3.270602e-03   4.408928e-03   -2.204072e-03   1.556877e+01 
3.643643e-01   -1.426985e-02   6.786462e-03   3.266862e-03   4.402791e-03   -2.205310e-03   1.567921e+01 
3.662774e-01   -1.434455e-02   6.788229e-03   3.262819e-03   4.396927e-03   -2.205932e-03   1.578990e+01 
3.682002e-01   -1.441938e-02   6.788861e-03   3.259364e-03   4.392376e-03   -2.206739e-03   1.590084e+01 
3.701292e-01   -1.449345e-02   6.789336e-03   3.255848e-03   4.386777e-03   -2.207494e-03   1.601203e+01 
3.720601e-01   -1.456669e-02   6.791372e-03   3.251853e-03   4.381022e-03   -2.207949e-03   1.612348e+01 
3.739917e-01   -1.463981e-02   6.792924e-03   3.247054e-03   4.375380e-03   -2.208231e-03   1.623517e+01 
3.759300e-01   -1.471450e-02   6.794239e-03   3.241639e-03   4.368350e-03   -2.208625e-03   1.634711e+01 
3.778824e-01   -1.479193e-02   6.795977e-03   3.235919e-03   4.362098e-03   -2.209790e-03   1.645930e+01 
3.798516e-01   -1.486882e-02   6.796658e-03   3.229681e-03   4.357132e-03   -2.210671e-03   1.657173e+01 
3.818408e-01   -1.494334e-02   6.795699e-03   3.223124e-03   4.352587e-03   -2.210665e-03   1.668441e+01 
3.838469e-01   -1.501530e-02   6.792804e-03   3.216494e-03   4.348959e-03   -2.209802e-03   1.679734e+01 
3.858636e-01   -1.508484e-02   6.786902e-03   3.210340e-03   4.345542e-03   -2.207853e-03   1.691051e+01 
3.878808e-01   -1.515498e-02   6.781078e-03   3.204876e-03   4.340971e-03   -2.205916e-03   1.702392e+01 
3.898964e-01   -1.522595e-02   6.777817e-03   3.199008e-03   4.335010e-03   -2.204137e-03   1.713757e+01 
3.919183e-01   -1.529664e-02   6.774255e-03   3.192831e-03   4.327386e-03   -2.202081e-03   1.725147e+01 
3.939526e-01   -1.536716e-02   6.768649e-03   3.186469e-03   4.318215e-03   -2.199903e-03   1.736561e+01 
3.959864e-01   -1.543688e-02   6.760286e-03   3.179609e-03   4.309457e-03   -2.197505e-03   1.747999e+01 
3.980153e-01   -1.550641e-02   6.752751e-03   3.172249e-03   4.301942e-03   -2.194936e-03   1.759461e+01 
4.000464e-01   -1.557593e-02   6.747672e-03   3.164269e-03   4.293166e-03   -2.192110e-03   1.770946e+01 
4.020764e-01   -1.564431e-02   6.742507e-03   3.155852e-03   4.280496e-03   -2.188968e-03   1.782456e+01 
4.041040e-01   -1.571225e-02   6.736880e-03   3.147631e-03   4.265097e-03   -2.185727e-03   1.793989e+01 
4.061438e-01   -1.578082e-02   6.729410e-03   3.139716e-03   4.249723e-03   -2.182651e-03   1.805546e+01 
4.082083e-01   -1.585001e-02   6.719375e-03   3.131731e-03   4.233969e-03   -2.179689e-03   1.817126e+01 
4.102938e-01   -1.591729e-02   6.704994e-03   3.123536e-03   4.217366e-03   -2.175918e-03   1.828730e+01 
4.123922e-01   -1.598361e-02   6.687937e-03   3.114905e-03   4.201824e-03   -2.171231e-03   1.840357e+01 
4.145001e-01   -1.604962e-02   6.669871e-03   3.106020e-03   4.187443e-03   -2.166125e-03   1.852008e+01 
4.166228e-01   -1.611189e-02   6.648336e-03   3.097097e-03   4.172721e-03   -2.159831e-03   1.863682e+01 
4.187528e-01   -1.617288e-02   6.626487e-03   3.087004e-03   4.157618e-03   -2.152736e-03   1.875379e+01 
4.208925e-01   -1.623516e-02   6.604992e-03   3.076047e-03   4.141036e-03   -2.146002e-03   1.887100e+01 
4.230357e-01   -1.629714e-02   6.583868e-03   3.064470e-03   4.121612e-03   -2.138919e-03   1.898843e+01 
4.251641e-01   -1.635592e-02   6.563405e-03   3.052850e-03   4.101222e-03   -2.131085e-03   1.910610e+01 
4.272886e-01   -1.641179e-02   6.542628e-03   3.041696e-03   4.079967e-03   -2.122495e-03   1.922399e+01 
4.294130e-01   -1.646730e-02   6.519316e-03   3.029901e-03   4.059600e-03   -2.113359e-03   1.934211e+01 
4.315508e-01   -1.652146e-02   6.493007e-03   3.017992e-03   4.039252e-03   -2.103537e-03   1.946046e+01 
4.337014e-01   -1.657522e-02   6.467355e-03   3.006402e-03   4.018001e-03   -2.093583e-03   1.957903e+01 
4.358573e-01   -1.662841e-02   6.440310e-03   2.994575e-03   3.997825e-03   -2.083521e-03   1.969784e+01 
4.380276e-01   -1.668264e-02   6.414035e-03   2.982348e-03   3.978778e-03   -2.073456e-03   1.981687e+01 
4.401934e-01   -1.673780e-02   6.389390e-03   2.969243e-03   3.959208e-03   -2.063636e-03   1.993612e+01 
4.423667e-01   -1.679220e-02   6.364519e-03   2.955454e-03   3.939735e-03   -2.053219e-03   2.005560e+01 
4.445407e-01   -1.684649e-02   6.338631e-03   2.941488e-03   3.919107e-03   -2.042818e-03   2.017530e+01 
4.467112e-01   -1.690034e-02   6.310295e-03   2.927089e-03   3.896315e-03   -2.032336e-03   2.029523e+01 
4.488894e-01   -1.695218e-02   6.279203e-03   2.912712e-03   3.874284e-03   -2.021386e-03   2.041537e+01 
4.510657e-01   -1.700614e-02   6.245111e-03   2.897605e-03   3.852728e-03   -2.010931e-03   2.053574e+01 
4.532556e-01   -1.706201e-02   6.208137e-03   2.882271e-03   3.829415e-03   -2.000592e-03   2.065633e+01 
4.554565e-01   -1.711780e-02   6.169943e-03   2.867131e-03   3.805862e-03   -1.990006e-03   2.077714e+01 
4.576606e-01   -1.717246e-02   6.130057e-03   2.851818e-03   3.780835e-03   -1.978633e-03   2.089818e+01 
4.598697e-01   -1.722665e-02   6.090521e-03   2.836761e-03   3.754196e-03   -1.966997e-03   2.101942e+01 
4.620804e-01   -1.728050e-02   6.051683e-03   2.821691e-03   3.727230e-03   -1.955381e-03   2.114089e+01 
4.642965e-01   -1.733354e-02   6.012824e-03   2.805819e-03   3.699599e-03   -1.943170e-03   2.126258e+01 
4.665177e-01   -1.738555e-02   5.974068e-03   2.788555e-03   3.673103e-03   -1.930516e-03   2.138448e+01 
4.687331e-01   -1.743719e-02   5.933706e-03   2.770664e-03   3.646586e-03   -1.917472e-03   2.150660e+01 
4.709482e-01   -1.748855e-02   5.892538e-03   2.752061e-03   3.618628e-03   -1.904031e-03   2.162894e+01 
4.731752e-01   -1.753857e-02   5.850766e-03   2.733120e-03   3.588697e-03   -1.890224e-03   2.175149e+01 
4.754094e-01   -1.758724e-02   5.809864e-03   2.713854e-03   3.558140e-03   -1.875781e-03   2.187426e+01 
4.776386e-01   -1.763573e-02   5.768898e-03   2.694395e-03   3.526573e-03   -1.861166e-03   2.199724e+01 
4.798621e-01   -1.768249e-02   5.724451e-03   2.675335e-03   3.491701e-03   -1.846318e-03   2.212044e+01 
4.820855e-01   -1.772763e-02   5.677974e-03   2.656198e-03   3.456519e-03   -1.830853e-03   2.224384e+01 
4.843134e-01   -1.777194e-02   5.631016e-03   2.636890e-03   3.420408e-03   -1.814546e-03   2.236746e+01 
4.865485e-01   -1.781606e-02   5.581658e-03   2.617303e-03   3.380535e-03   -1.797666e-03   2.249130e+01 
4.887917e-01   -1.786001e-02   5.530622e-03   2.597249e-03   3.339517e-03   -1.780476e-03   2.261534e+01 
4.910312e-01   -1.790405e-02   5.478890e-03   2.576687e-03   3.301015e-03   -1.763486e-03   2.273959e+01 
4.932610e-01   -1.794840e-02   5.427236e-03   2.555579e-03   3.264027e-03   -1.746447e-03   2.286406e+01 
4.954886e-01   -1.799183e-02   5.375550e-03   2.534106e-03   3.226810e-03   -1.728888e-03   2.298873e+01 
4.977146e-01   -1.803559e-02   5.324657e-03   2.512132e-03   3.188070e-03   -1.711441e-03   2.311361e+01 
4.999410e-01   -1.807818e-02   5.273001e-03   2.489510e-03   3.146754e-03   -1.693131e-03   2.323870e+01 
5.021755e-01   -1.812067e-02   5.220218e-03   2.466677e-03   3.105297e-03   -1.674444e-03   2.336400e+01 
5.044124e-01   -1.816404e-02   5.167736e-03   2.443757e-03   3.063595e-03   -1.656211e-03   2.348951e+01 
5.066464e-01   -1.820518e-02   5.115059e-03   2.420722e-03   3.021470e-03   -1.637700e-03   2.361522e+01 
5.088820e-01   -1.824512e-02   5.061440e-03   2.397584e-03   2.978192e-03   -1.619075e-03   2.374114e+01 
5.111153e-01   -1.828538e-02   5.008662e-03   2.374069e-03   2.935495e-03   -1.600132e-03   2.386726e+01 
5.133492e-01   -1.832481e-02   4.955740e-03   2.350031e-03   2.892392e-03   -1.580520e-03   2.399359e+01 
5.155732e-01   -1.836240e-02   4.898601e-03   2.325472e-03   2.847621e-03   -1.560431e-03   2.412012e+01 
5.177859e-01   -1.839892e-02   4.838798e-03   2.300769e-03   2.801966e-03   -1.539873e-03   2.424686e+01 
5.200011e-01   -1.843520e-02   4.775125e-03   2.275800e-03   2.756486e-03   -1.519069e-03   2.437380e+01 
5.222122e-01   -1.847105e-02   4.708687e-03   2.250269e-03   2.711962e-03   -1.498209e-03   2.450094e+01 
5.244146e-01   -1.850608e-02   4.640930e-03   2.224275e-03   2.669101e-03   -1.476602e-03   2.462828e+01 
5.266125e-01   -1.854157e-02   4.572972e-03   2.198093e-03   2.627315e-03   -1.454987e-03   2.475583e+01 
5.288112e-01   -1.857661e-02   4.505970e-03   2.171938e-03   2.585190e-03   -1.433368e-03   2.488358e+01 
5.310005e-01   -1.861166e-02   4.439784e-03   2.145645e-03   2.542469e-03   -1.411797e-03   2.501153e+01 
5.331750e-01   -1.864609e-02   4.372517e-03   2.118849e-03   2.499251e-03   -1.389887e-03   2.513968e+01 
5.353375e-01   -1.867893e-02   4.305150e-03   2.092236e-03   2.454502e-03   -1.367718e-03   2.526803e+01 
5.374825e-01   -1.871122e-02   4.239115e-03   2.065634e-03   2.407599e-03   -1.345766e-03   2.539657e+01 
5.396243e-01   -1.874335e-02   4.172072e-03   2.038966e-03   2.360847e-03   -1.323655e-03   2.552532e+01 
5.417771e-01   -1.877440e-02   4.103410e-03   2.012135e-03   2.314841e-03   -1.300903e-03   2.565426e+01 
5.439255e-01   -1.880476e-02   4.031896e-03   1.985132e-03   2.268607e-03   -1.278095e-03   2.578340e+01 
5.460562e-01   -1.883515e-02   3.958975e-03   1.957840e-03   2.219931e-03   -1.255537e-03   2.591274e+01 
5.481560e-01   -1.886318e-02   3.885931e-03   1.930086e-03   2.170994e-03   -1.232508e-03   2.604228e+01 
5.502276e-01   -1.889048e-02   3.813798e-03   1.901827e-03   2.123464e-03   -1.209593e-03   2.617201e+01 
5.522860e-01   -1.891765e-02   3.740481e-03   1.873213e-03   2.075530e-03   -1.186565e-03   2.630193e+01 
5.543268e-01   -1.894438e-02   3.666784e-03   1.843759e-03   2.027718e-03   -1.163313e-03   2.643205e+01 
5.563468e-01   -1.897119e-02   3.595792e-03   1.814228e-03   1.980603e-03   -1.140026e-03   2.656237e+01 
5.583538e-01   -1.899750e-02   3.523496e-03   1.785177e-03   1.934544e-03   -1.116757e-03   2.669288e+01 
5.603480e-01   -1.902329e-02   3.450556e-03   1.756542e-03   1.888027e-03   -1.093631e-03   2.682358e+01 
5.623306e-01   -1.904845e-02   3.377853e-03   1.728175e-03   1.840762e-03   -1.070495e-03   2.695448e+01 
5.642981e-01   -1.907296e-02   3.303737e-03   1.699837e-03   1.794540e-03   -1.047124e-03   2.708556e+01 
5.662501e-01   -1.909609e-02   3.227098e-03   1.671499e-03   1.749353e-03   -1.023193e-03   2.721684e+01 
5.681961e-01   -1.911827e-02   3.149724e-03   1.643220e-03   1.705088e-03   -9.988078e-04   2.734832e+01 
5.701160e-01   -1.913911e-02   3.072638e-03   1.614914e-03   1.661751e-03   -9.742152e-04   2.747998e+01 
5.720079e-01   -1.915926e-02   2.994672e-03   1.586472e-03   1.619482e-03   -9.498020e-04   2.761184e+01 
5.738788e-01   -1.917878e-02   2.915921e-03   1.557964e-03   1.578485e-03   -9.255696e-04   2.774388e+01 
5.757283e-01   -1.919770e-02   2.836268e-03   1.529464e-03   1.537833e-03   -9.012348e-04   2.787611e+01 
5.775653e-01   -1.921616e-02   2.755473e-03   1.501196e-03   1.496566e-03   -8.766496e-04   2.800853e+01 
5.793829e-01   -1.923324e-02   2.673280e-03   1.473227e-03   1.455675e-03   -8.518882e-04   2.814114e+01 
5.811667e-01   -1.924955e-02   2.590795e-03   1.445492e-03   1.414494e-03   -8.273410e-04   2.827394e+01 
5.829145e-01   -1.926413e-02   2.509396e-03   1.418014e-03   1.373095e-03   -8.027700e-04   2.840693e+01 
5.846240e-01   -1.927784e-02   2.428350e-03   1.390364e-03   1.332075e-03   -7.784500e-04   2.854011e+01 
5.863096e-01   -1.929078e-02   2.346561e-03   1.362756e-03   1.291248e-03   -7.542650e-04   2.867347e+01 
5.879684e-01   -1.930218e-02   2.265490e-03   1.335019e-03   1.252056e-03   -7.298895e-04   2.880702e+01 
5.895842e-01   -1.931404e-02   2.186372e-03   1.307037e-03   1.213923e-03   -7.064697e-04   2.894075e+01 
5.911615e-01   -1.932595e-02   2.109001e-03   1.279009e-03   1.174643e-03   -6.836891e-04   2.907467e+01 
5.926978e-01   -1.933660e-02   2.033531e-03   1.251404e-03   1.134549e-03   -6.611025e-04   2.920877e+01 
5.942069e-01   -1.934642e-02   1.960286e-03   1.223950e-03   1.094424e-03   -6.383136e-04   2.934306e+01 
5.956790e-01   -1.935556e-02   1.888481e-03   1.196005e-03   1.054672e-03   -6.156893e-04   2.947754e+01 
5.971081e-01   -1.936432e-02   1.818180e-03   1.167933e-03   1.015707e-03   -5.935942e-04   2.961219e+01 
5.984985e-01   -1.937283e-02   1.748994e-03   1.140443e-03   9.772777e-04   -5.722081e-04   2.974703e+01 
5.998555e-01   -1.938082e-02   1.680855e-03   1.113111e-03   9.389980e-04   -5.509055e-04   2.988206e+01 
6.011835e-01   -1.938771e-02   1.613517e-03   1.085870e-03   9.016175e-04   -5.295838e-04   3.001726e+01 
6.024749e-01   -1.939372e-02   1.548231e-03   1.058972e-03   8.655823e-04   -5.086074e-04   3.015265e+01 
6.037328e-01   -1.939899e-02   1.484251e-03   1.032257e-03   8.304281e-04   -4.879455e-04   3.028822e+01 
6.049452e-01   -1.940409e-02   1.421119e-03   1.005997e-03   7.959157e-04   -4.679223e-04   3.042397e+01 
6.061119e-01   -1.940867e-02   1.359965e-03   9.801391e-04   7.623572e-04   -4.485689e-04   3.055990e+01 
6.072392e-01   -1.941239e-02   1.300364e-03   9.546858e-04   7.300796e-04   -4.295842e-04   3.069601e+01 
6.083284e-01   -1.941586e-02   1.241342e-03   9.296388e-04   6.991176e-04   -4.110547e-04   3.083231e+01 
6.093746e-01   -1.941904e-02   1.184205e-03   9.048796e-04   6.693580e-04   -3.929688e-04   3.096878e+01 
6.103854e-01   -1.942160e-02   1.128773e-03   8.805070e-04   6.399744e-04   -3.752091e-04   3.110543e+01 
6.113650e-01   -1.942366e-02   1.074059e-03   8.565654e-04   6.111883e-04   -3.579305e-04   3.124226e+01 
6.123031e-01   -1.942513e-02   1.021493e-03   8.328328e-04   5.828938e-04   -3.410479e-04   3.137926e+01 
6.132075e-01   -1.942625e-02   9.714960e-04   8.092910e-04   5.557894e-04   -3.246246e-04   3.151645e+01 
6.140800e-01   -1.942712e-02   9.239746e-04   7.862306e-04   5.304718e-04   -3.086313e-04   3.165381e+01 
6.149153e-01   -1.942776e-02   8.781795e-04   7.636500e-04   5.061422e-04   -2.932011e-04   3.179135e+01 
6.157143e-01   -1.942812e-02   8.336048e-04   7.413105e-04   4.825403e-04   -2.782571e-04   3.192907e+01 
6.164771e-01   -1.942786e-02   7.903109e-04   7.195013e-04   4.592842e-04   -2.636779e-04   3.206696e+01 
6.172044e-01   -1.942769e-02   7.498668e-04   6.981139e-04   4.366890e-04   -2.497487e-04   3.220503e+01 
6.178922e-01   -1.942742e-02   7.116307e-04   6.770100e-04   4.146312e-04   -2.364754e-04   3.234327e+01 
6.185492e-01   -1.942637e-02   6.741153e-04   6.563799e-04   3.939944e-04   -2.235608e-04   3.248169e+01 
6.191768e-01   -1.942482e-02   6.384958e-04   6.362303e-04   3.746879e-04   -2.109787e-04   3.262028e+01 
6.197704e-01   -1.942282e-02   6.051076e-04   6.165806e-04   3.562983e-04   -1.986864e-04   3.275905e+01 
6.203342e-01   -1.942064e-02   5.733308e-04   5.972977e-04   3.382164e-04   -1.868455e-04   3.289799e+01 
6.208697e-01   -1.941810e-02   5.427634e-04   5.785374e-04   3.204304e-04   -1.753850e-04   3.303710e+01 
6.213835e-01   -1.941520e-02   5.135008e-04   5.602258e-04   3.035790e-04   -1.640787e-04   3.317639e+01 
6.218739e-01   -1.941223e-02   4.855645e-04   5.423603e-04   2.872272e-04   -1.532639e-04   3.331585e+01 
6.223360e-01   -1.940913e-02   4.595093e-04   5.250187e-04   2.715159e-04   -1.429773e-04   3.345548e+01 
6.227721e-01   -1.940594e-02   4.353260e-04   5.082029e-04   2.562447e-04   -1.330753e-04   3.359529e+01 
6.231826e-01   -1.940271e-02   4.129717e-04   4.918795e-04   2.414951e-04   -1.236579e-04   3.373526e+01 
6.235661e-01   -1.939966e-02   3.923351e-04   4.759733e-04   2.276373e-04   -1.148699e-04   3.387541e+01 
6.239263e-01   -1.939709e-02   3.732716e-04   4.603960e-04   2.149419e-04   -1.067388e-04   3.401573e+01 
6.242609e-01   -1.939427e-02   3.553726e-04   4.451814e-04   2.031361e-04   -9.896424e-05   3.415622e+01 
6.245671e-01   -1.939141e-02   3.388426e-04   4.302075e-04   1.915178e-04   -9.160664e-05   3.429688e+01 
6.248476e-01   -1.938847e-02   3.232633e-04   4.156187e-04   1.804377e-04   -8.468768e-05   3.443771e+01 
6.251032e-01   -1.938522e-02   3.085493e-04   4.015452e-04   1.699625e-04   -7.815154e-05   3.457870e+01 
6.253351e-01   -1.938217e-02   2.947458e-04   3.878125e-04   1.597950e-04   -7.213922e-05   3.471987e+01 
6.255479e-01   -1.937935e-02   2.819751e-04   3.744950e-04   1.500872e-04   -6.661901e-05   3.486121e+01 
6.257438e-01   -1.937692e-02   2.704023e-04   3.615515e-04   1.409050e-04   -6.157565e-05   3.500271e+01 
6.259260e-01   -1.937457e-02   2.594543e-04   3.489768e-04   1.323875e-04   -5.682712e-05   3.514438e+01 
6.260931e-01   -1.937211e-02   2.493512e-04   3.368674e-04   1.244548e-04   -5.232272e-05   3.528622e+01 
6.262428e-01   -1.937000e-02   2.401063e-04   3.252150e-04   1.168284e-04   -4.825358e-05   3.542822e+01 
6.263795e-01   -1.936780e-02   2.312296e-04   3.141054e-04   1.098736e-04   -4.437653e-05   3.557040e+01 
6.265039e-01   -1.936554e-02   2.228115e-04   3.034884e-04   1.037334e-04   -4.067949e-05   3.571274e+01 
6.266141e-01   -1.936354e-02   2.151919e-04   2.931841e-04   9.803644e-05   -3.737275e-05   3.585524e+01 
6.267126e-01   -1.936181e-02   2.082234e-04   2.831380e-04   9.264980e-05   -3.436529e-05   3.599791e+01 
6.268014e-01   -1.936027e-02   2.018154e-04   2.734429e-04   8.754193e-05   -3.165514e-05   3.614075e+01 
6.268797e-01   -1.935887e-02   1.957352e-04   2.641368e-04   8.287317e-05   -2.917840e-05   3.628375e+01 
6.269476e-01   -1.935750e-02   1.898781e-04   2.552497e-04   7.856316e-05   -2.691751e-05   3.642692e+01 
6.270080e-01   -1.935611e-02   1.843736e-04   2.467561e-04   7.457695e-05   -2.475659e-05   3.657025e+01 
6.270609e-01   -1.935474e-02   1.792025e-04   2.386337e-04   7.073857e-05   -2.272003e-05   3.671374e+01 
6.271058e-01   -1.935360e-02   1.743560e-04   2.308231e-04   6.724845e-05   -2.092338e-05   3.685740e+01 
6.271459e-01   -1.935254e-02   1.696429e-04   2.233285e-04   6.417739e-05   -1.926295e-05   3.700122e+01 
6.271801e-01   -1.935157e-02   1.652311e-04   2.161789e-04   6.128378e-05   -1.775657e-05   3.714521e+01 
6.272093e-01   -1.935073e-02   1.610248e-04   2.093486e-04   5.845336e-05   -1.639011e-05   3.728935e+01 
6.272354e-01   -1.934982e-02   1.569647e-04   2.028476e-04   5.570426e-05   -1.499811e-05   3.743366e+01 
6.272570e-01   -1.934887e-02   1.530832e-04   1.966435e-04   5.311872e-05   -1.364310e-05   3.757814e+01 
6.272738e-01   -1.934800e-02   1.492811e-04   1.906701e-04   5.065582e-05   -1.239206e-05   3.772277e+01 
6.272857e-01   -1.934728e-02   1.456680e-04   1.848883e-04   4.834000e-05   -1.128970e-05   3.786756e+01 
6.272946e-01   -1.934668e-02   1.422107e-04   1.793210e-04   4.616987e-05   -1.029751e-05   3.801252e+01 
6.273012e-01   -1.934620e-02   1.389499e-04   1.739770e-04   4.413746e-05   -9.407408e-06   3.815763e+01 
6.273043e-01   -1.934587e-02   1.358429e-04   1.688079e-04   4.223768e-05   -8.648624e-06   3.830291e+01 
6.273049e-01   -1.934558e-02   1.327869e-04   1.638596e-04   4.040596e-05   -7.928943e-06   3.844835e+01 
6.273026e-01   -1.934525e-02   1.297761e-04   1.591611e-04   3.854452e-05   -7.237573e-06   3.859394e+01 
6.272980e-01   -1.934502e-02   1.268805e-04   1.546707e-04   3.677331e-05   -6.620958e-06   3.873970e+01 
6.272914e-01   -1.934482e-02   1.240646e-04   1.503890e-04   3.513169e-05   -6.046520e-06   3.888561e+01 
6.272819e-01   -1.934464e-02   1.213425e-04   1.462856e-04   3.353851e-05   -5.529484e-06   3.903169e+01 
6.272702e-01   -1.934459e-02   1.186987e-04   1.423518e-04   3.203943e-05   -5.087509e-06   3.917792e+01 
6.272575e-01   -1.934462e-02   1.160692e-04   1.385887e-04   3.059659e-05   -4.681601e-06   3.932431e+01 
6.272447e-01   -1.934465e-02   1.135006e-04   1.350128e-04   2.923802e-05   -4.255601e-06   3.947086e+01 
6.272319e-01   -1.934473e-02   1.110440e-04   1.315974e-04   2.799922e-05   -3.830529e-06   3.961756e+01 
6.272181e-01   -1.934487e-02   1.087287e-04   1.282955e-04   2.685860e-05   -3.438113e-06   3.976442e+01 
6.272031e-01   -1.934507e-02   1.065509e-04   1.250981e-04   2.580316e-05   -3.071947e-06   3.991144e+01 
6.271869e-01   -1.934544e-02   1.044789e-04   1.219662e-04   2.482086e-05   -2.793390e-06   4.005862e+01 
6.271698e-01   -1.934586e-02   1.023941e-04   1.189293e-04   2.384112e-05   -2.539936e-06   4.020595e+01 
6.271531e-01   -1.934622e-02   1.003984e-04   1.160295e-04   2.287993e-05   -2.228945e-06   4.035344e+01 
6.271365e-01   -1.934660e-02   9.852782e-05   1.132370e-04   2.199624e-05   -1.899413e-06   4.050108e+01 
6.271189e-01   -1.934707e-02   9.670671e-05   1.105428e-04   2.113820e-05   -1.598995e-06   4.064888e+01 
6.271008e-01   -1.934761e-02   9.491974e-05   1.079302e-04   2.029933e-05   -1.329998e-06   4.079683e+01 
6.270823e-01   -1.934824e-02   9.317713e-05   1.053914e-04   1.952316e-05   -1.096836e-06   4.094494e+01 
6.270633e-01   -1.934893e-02   9.148594e-05   1.029485e-04   1.878026e-05   -8.853639e-07   4.109321e+01 
6.270435e-01   -1.934964e-02   8.977136e-05   1.005911e-04   1.806370e-05   -6.800704e-07   4.124162e+01 
6.270229e-01   -1.935043e-02   8.805929e-05   9.830969e-05   1.738315e-05   -5.004387e-07   4.139019e+01 
6.270018e-01   -1.935127e-02   8.641209e-05   9.609060e-05   1.673360e-05   -3.337515e-07   4.153892e+01 
6.269802e-01   -1.935217e-02   8.483156e-05   9.392895e-05   1.612578e-05   -1.796518e-07   4.168780e+01 
6.269580e-01   -1.935317e-02   8.331197e-05   9.182511e-05   1.554939e-05   -6.373848e-08   4.183683e+01 
6.269356e-01   -1.935421e-02   8.187314e-05   8.978452e-05   1.499381e-05   4.596372e-08   4.198601e+01 
6.269128e-01   -1.935530e-02   8.050910e-05   8.780792e-05   1.447683e-05   1.437711e-07   4.213534e+01 
6.268897e-01   -1.935647e-02   7.918917e-05   8.590002e-05   1.399511e-05   2.180051e-07   4.228483e+01 
6.268660e-01   -1.935769e-02   7.786409e-05   8.406274e-05   1.353687e-05   2.764196e-07   4.243447e+01 
6.268417e-01   -1.935893e-02   7.656516e-05   8.229105e-05   1.310078e-05   3.408431e-07   4.258426e+01 
6.268172e-01   -1.936021e-02   7.531108e-05   8.057301e-05   1.268034e-05   4.033363e-07   4.273420e+01 
6.267921e-01   -1.936157e-02   7.407656e-05   7.890112e-05   1.228715e-05   4.383861e-07   4.288430e+01 
6.267664e-01   -1.936300e-02   7.284234e-05   7.727634e-05   1.192055e-05   4.518580e-07   4.303454e+01 
6.267403e-01   -1.936446e-02   7.161374e-05   7.570691e-05   1.155952e-05   4.646016e-07   4.318493e+01 
6.267141e-01   -1.936597e-02   7.042627e-05   7.419127e-05   1.120569e-05   4.778566e-07   4.333548e+01 
6.266878e-01   -1.936752e-02   6.928076e-05   7.272183e-05   1.086949e-05   4.905178e-07   4.348617e+01 
6.266614e-01   -1.936912e-02   6.817019e-05   7.129306e-05   1.055040e-05   5.039371e-07   4.363702e+01 
6.266348e-01   -1.937076e-02   6.708597e-05   6.990028e-05   1.024873e-05   5.137642e-07   4.378801e+01 
6.266079e-01   -1.937246e-02   6.601961e-05   6.854100e-05   9.958765e-06   5.169741e-07   4.393915e+01 
6.265810e-01   -1.937421e-02   6.497626e-05   6.721542e-05   9.678943e-06   5.178500e-07   4.409044e+01 
6.265540e-01   -1.937600e-02   6.395962e-05   6.592259e-05   9.410549e-06   5.225421e-07   4.424188e+01 
6.265270e-01   -1.937783e-02   6.296702e-05   6.466284e-05   9.152951e-06   5.317581e-07   4.439347e+01 
6.264999e-01   -1.937971e-02   6.200010e-05   6.343667e-05   8.902746e-06   5.428012e-07   4.454520e+01 
6.264727e-01   -1.938163e-02   6.105797e-05   6.224472e-05   8.658325e-06   5.533516e-07   4.469708e+01 
6.264452e-01   -1.938360e-02   6.013451e-05   6.108531e-05   8.422203e-06   5.622577e-07   4.484911e+01 
6.264176e-01   -1.938562e-02   5.923160e-05   5.995577e-05   8.196121e-06   5.711972e-07   4.500129e+01 
6.263900e-01   -1.938768e-02   5.834880e-05   5.885369e-05   7.978085e-06   5.786716e-07   4.515361e+01 
6.263622e-01   -1.938980e-02   5.748386e-05   5.777713e-05   7.765921e-06   5.836154e-07   4.530608e+01 
6.263343e-01   -1.939196e-02   5.663876e-05   5.672520e-05   7.560055e-06   5.875909e-07   4.545870e+01 
6.263063e-01   -1.939418e-02   5.581230e-05   5.569740e-05   7.361869e-06   5.911645e-07   4.561146e+01 
6.262781e-01   -1.939644e-02   5.500286e-05   5.469369e-05   7.170020e-06   5.944205e-07   4.576437e+01 
6.262499e-01   -1.939875e-02   5.421177e-05   5.371374e-05   6.983408e-06   5.974100e-07   4.591742e+01 
6.262216e-01   -1.940111e-02   5.343804e-05   5.275652e-05   6.802482e-06   6.012308e-07   4.607062e+01 
6.261931e-01   -1.940351e-02   5.268088e-05   5.182127e-05   6.627108e-06   6.053474e-07   4.622396e+01 
6.261646e-01   -1.940596e-02   5.193979e-05   5.090727e-05   6.457123e-06   6.090389e-07   4.637745e+01 
6.261359e-01   -1.940846e-02   5.121392e-05   5.001378e-05   6.292512e-06   6.124162e-07   4.653108e+01 
6.261071e-01   -1.941101e-02   5.050270e-05   4.914004e-05   6.132963e-06   6.156481e-07   4.668486e+01 
6.260782e-01   -1.941360e-02   4.980587e-05   4.828533e-05   5.978233e-06   6.188298e-07   4.683878e+01 
6.260491e-01   -1.941624e-02   4.912304e-05   4.744900e-05   5.828083e-06   6.219443e-07   4.699285e+01 
6.260199e-01   -1.941893e-02   4.845373e-05   4.663045e-05   5.682321e-06   6.249768e-07   4.714705e+01 
6.259906e-01   -1.942167e-02   4.779755e-05   4.582914e-05   5.540772e-06   6.279328e-07   4.730140e+01 
6.259611e-01   -1.942445e-02   4.715411e-05   4.504455e-05   5.403279e-06   6.308214e-07   4.745590e+01 
6.259314e-01   -1.942728e-02   4.652307e-05   4.427622e-05   5.269698e-06   6.336355e-07   4.761053e+01 
6.259016e-01   -1.943015e-02   4.590408e-05   4.352368e-05   5.139889e-06   6.363699e-07   4.776531e+01 
6.258717e-01   -1.943308e-02   4.529683e-05   4.278650e-05   5.013722e-06   6.390272e-07   4.792023e+01 
6.258416e-01   -1.943605e-02   4.470102e-05   4.206425e-05   4.891072e-06   6.415997e-07   4.807530e+01 
6.258113e-01   -1.943907e-02   4.411634e-05   4.135654e-05   4.771822e-06   6.440846e-07   4.823050e+01 
6.257808e-01   -1.944213e-02   4.354252e-05   4.066296e-05   4.655856e-06   6.464760e-07   4.838585e+01 
6.257502e-01   -1.944524e-02   4.297928e-05   3.998316e-05   4.543069e-06   6.487750e-07   4.854133e+01 
6.257194e-01   -1.944840e-02   4.242632e-05   3.931676e-05   4.433356e-06   6.509697e-07   4.869696e+01 
6.256885e-01   -1.945161e-02   4.188339e-05   3.866345e-05   4.326620e-06   6.530540e-07   4.885273e+01 
6.256574e-01   -1.945487e-02   4.135019e-05   3.802287e-05   4.222762e-06   6.550282e-07   4.900864e+01 
6.256261e-01   -1.945817e-02   4.082646e-05   3.739471e-05   4.121694e-06   6.568792e-07   4.916469e+01 
6.255947e-01   -1.946152e-02   4.031191e-05   3.677865e-05   4.023325e-06   6.586030e-07   4.932088e+01 
6.255631e-01   -1.946492e-02   3.980630e-05   3.617440e-05   3.927574e-06   6.601957e-07   4.947721e+01 
6.255314e-01   -1.946837e-02   3.930938e-05   3.558167e-05   3.834359e-06   6.616457e-07   4.963367e+01 
6.254996e-01   -1.947187e-02   3.882092e-05   3.500019e-05   3.743600e-06   6.629547e-07   4.979028e+01 
6.254676e-01   -1.947542e-02   3.834072e-05   3.442968e-05   3.655225e-06   6.641140e-07   4.994703e+01 
6.254356e-01   -1.947902e-02   3.786857e-05   3.386988e-05   3.569158e-06   6.651247e-07   5.010391e+01 
6.254034e-01   -1.948266e-02   3.740432e-05   3.332054e-05   3.485332e-06   6.659929e-07   5.026094e+01 
6.253711e-01   -1.948636e-02   3.694782e-05   3.278142e-05   3.403680e-06   6.667206e-07   5.041810e+01 
6.253386e-01   -1.949011e-02   3.649892e-05   3.225227e-05   3.324137e-06   6.673176e-07   5.057540e+01 
6.253061e-01   -1.949391e-02   3.605749e-05   3.173287e-05   3.246639e-06   6.677960e-07   5.073284e+01 
6.252735e-01   -1.949776e-02   3.562342e-05   3.122300e-05   3.171129e-06   6.681661e-07   5.089041e+01 
6.252408e-01   -1.950166e-02   3.519657e-05   3.072243e-05   3.097547e-06   6.684383e-07   5.104812e+01 
6.252080e-01   -1.950562e-02   3.477684e-05   3.023096e-05   3.025837e-06   6.686175e-07   5.120597e+01 
6.251751e-01   -1.950962e-02   3.436410e-05   2.974837e-05   2.955946e-06   6.687177e-07   5.136396e+01 
6.251420e-01   -1.951367e-02   3.395824e-05   2.927448e-05   2.887820e-06   6.687493e-07   5.152208e+01 
6.251089e-01   -1.951778e-02   3.355914e-05   2.880908e-05   2.821411e-06   6.687195e-07   5.168035e+01 
6.250758e-01   -1.952194e-02   3.316668e-05   2.835199e-05   2.756669e-06   6.686322e-07   5.183874e+01 
6.250425e-01   -1.952615e-02   3.278073e-05   2.790303e-05   2.693548e-06   6.684915e-07   5.199727e+01 
6.250091e-01   -1.953041e-02   3.240116e-05   2.746201e-05   2.632001e-06   6.683020e-07   5.215594e+01 
6.249756e-01   -1.953472e-02   3.202785e-05   2.702877e-05   2.571985e-06   6.680694e-07   5.231474e+01 
6.249420e-01   -1.953909e-02   3.166067e-05   2.660314e-05   2.513457e-06   6.677895e-07   5.247368e+01 
6.249084e-01   -1.954350e-02   3.129951e-05   2.618495e-05   2.456377e-06   6.674654e-07   5.263276e+01 
6.248746e-01   -1.954797e-02   3.094422e-05   2.577403e-05   2.400701e-06   6.670989e-07   5.279197e+01 
6.248407e-01   -1.955249e-02   3.059474e-05   2.537027e-05   2.346399e-06   6.666914e-07   5.295131e+01 
6.248068e-01   -1.955706e-02   3.025095e-05   2.497353e-05   2.293432e-06   6.662416e-07   5.311077e+01 
6.247727e-01   -1.956169e-02   2.991273e-05   2.458365e-05   2.241766e-06   6.657476e-07   5.327034e+01 
6.247386e-01   -1.956636e-02   2.957997e-05   2.420049e-05   2.191363e-06   6.652130e-07   5.343004e+01 
6.247043e-01   -1.957109e-02   2.925256e-05   2.382391e-05   2.142190e-06   6.646403e-07   5.358985e+01 
6.246700e-01   -1.957587e-02   2.893040e-05   2.345378e-05   2.094214e-06   6.640258e-07   5.374979e+01 
6.246355e-01   -1.958070e-02   2.861338e-05   2.308995e-05   2.047402e-06   6.633695e-07   5.390984e+01 
6.246010e-01   -1.958558e-02   2.830140e-05   2.273230e-05   2.001723e-06   6.626719e-07   5.407001e+01 
6.245663e-01   -1.959052e-02   2.799436e-05   2.238069e-05   1.957146e-06   6.619384e-07   5.423030e+01 
6.245316e-01   -1.959551e-02   2.769216e-05   2.203502e-05   1.913644e-06   6.611642e-07   5.439071e+01 
6.244967e-01   -1.960055e-02   2.739471e-05   2.169515e-05   1.871186e-06   6.603515e-07   5.455124e+01 
6.244618e-01   -1.960564e-02   2.710191e-05   2.136096e-05   1.829746e-06   6.595022e-07   5.471189e+01 
6.244267e-01   -1.961078e-02   2.681369e-05   2.103235e-05   1.789296e-06   6.586139e-07   5.487266e+01 
6.243916e-01   -1.961598e-02   2.652994e-05   2.070920e-05   1.749811e-06   6.576870e-07   5.503355e+01 
6.243563e-01   -1.962123e-02   2.625060e-05   2.039139e-05   1.711266e-06   6.567205e-07   5.519456e+01 
6.243210e-01   -1.962653e-02   2.597558e-05   2.007884e-05   1.673636e-06   6.557212e-07   5.535569e+01 
6.242856e-01   -1.963189e-02   2.570480e-05   1.977142e-05   1.636897e-06   6.546938e-07   5.551693e+01 
6.242500e-01   -1.963730e-02   2.543817e-05   1.946904e-05   1.601026e-06   6.536361e-07   5.567830e+01 
6.242144e-01   -1.964276e-02   2.517564e-05   1.917161e-05   1.566002e-06   6.525422e-07   5.583979e+01 
6.241786e-01   -1.964827e-02   2.491712e-05   1.887901e-05   1.531802e-06   6.514149e-07   5.600139e+01 
6.241428e-01   -1.965384e-02   2.466254e-05   1.859117e-05   1.498405e-06   6.502553e-07   5.616312e+01 
6.241068e-01   -1.965946e-02   2.441182e-05   1.830799e-05   1.465790e-06   6.490657e-07   5.632496e+01 
6.240707e-01   -1.966513e-02   2.416489e-05   1.802937e-05   1.433939e-06   6.478467e-07   5.648692e+01 
6.240346e-01   -1.967086e-02   2.392169e-05   1.775523e-05   1.402831e-06   6.465939e-07   5.664900e+01 
6.239983e-01   -1.967664e-02   2.368213e-05   1.748549e-05   1.372448e-06   6.453142e-07   5.681121e+01 
6.239620e-01   -1.968248e-02   2.344616e-05   1.722006e-05   1.342772e-06   6.440091e-07   5.697353e+01 
6.239255e-01   -1.968836e-02   2.321373e-05   1.695886e-05   1.313784e-06   6.426807e-07   5.713597e+01 
6.238890e-01   -1.969431e-02   2.298477e-05   1.670181e-05   1.285468e-06   6.413209e-07   5.729853e+01 
6.238523e-01   -1.970030e-02   2.275922e-05   1.644883e-05   1.257807e-06   6.399285e-07   5.746121e+01 
6.238155e-01   -1.970635e-02   2.253702e-05   1.619984e-05   1.230784e-06   6.385120e-07   5.762400e+01 
6.237787e-01   -1.971245e-02   2.231810e-05   1.595478e-05   1.204384e-06   6.370648e-07   5.778692e+01 
6.237417e-01   -1.971861e-02   2.210242e-05   1.571357e-05   1.178592e-06   6.355937e-07   5.794996e+01 
6.237046e-01   -1.972482e-02   2.188991e-05   1.547613e-05   1.153391e-06   6.340986e-07   5.811312e+01 
6.236674e-01   -1.973109e-02   2.168052e-05   1.524240e-05   1.128769e-06   6.325794e-07   5.827639e+01 
6.236302e-01   -1.973741e-02   2.147420e-05   1.501231e-05   1.104710e-06   6.310371e-07   5.843979e+01 
6.235928e-01   -1.974378e-02   2.127088e-05   1.478579e-05   1.081201e-06   6.294750e-07   5.860330e+01 
6.235553e-01   -1.975021e-02   2.107052e-05   1.456278e-05   1.058228e-06   6.278838e-07   5.876694e+01 
6.235177e-01   -1.975669e-02   2.087309e-05   1.434321e-05   1.035779e-06   6.262658e-07   5.893069e+01 
6.234800e-01   -1.976323e-02   2.067852e-05   1.412703e-05   1.013840e-06   6.246259e-07   5.909456e+01 
6.234422e-01   -1.976982e-02   2.048676e-05   1.391417e-05   9.924002e-07   6.229614e-07   5.925856e+01 
6.234044e-01   -1.977647e-02   2.029776e-05   1.370457e-05   9.714462e-07   6.212783e-07   5.942267e+01 
6.233664e-01   -1.978317e-02   2.011140e-05   1.349817e-05   9.509666e-07   6.195839e-07   5.958690e+01 
6.233283e-01   -1.978993e-02   1.992764e-05   1.329492e-05   9.309501e-07   6.178806e-07   5.975125e+01 
6.232901e-01   -1.979675e-02   1.974663e-05   1.309476e-05   9.113855e-07   6.161438e-07   5.991572e+01 
6.232517e-01   -1.980361e-02   1.956854e-05   1.289763e-05   8.922622e-07   6.143499e-07   6.008031e+01 
6.232133e-01   -1.981053e-02   1.939306e-05   1.270348e-05   8.735698e-07   6.125164e-07   6.024501e+01 
6.231748e-01   -1.981751e-02   1.921962e-05   1.251226e-05   8.552978e-07   6.107057e-07   6.040984e+01 
6.231362e-01   -1.982455e-02   1.904832e-05   1.232392e-05   8.374361e-07   6.089198e-07   6.057479e+01 
6.230975e-01   -1.983164e-02   1.887971e-05   1.213842e-05   8.199751e-07   6.070948e-07   6.073986e+01 
6.230587e-01   -1.983878e-02   1.871376e-05   1.195570e-05   8.029054e-07   6.052164e-07   6.090504e+01 
6.230198e-01   -1.984598e-02   1.854998e-05   1.177571e-05   7.862176e-07   6.033260e-07   6.107035e+01 
6.229807e-01   -1.985324e-02   1.838846e-05   1.159839e-05   7.699027e-07   6.014336e-07   6.123577e+01 
6.229416e-01   -1.986055e-02   1.822937e-05   1.142372e-05   7.539521e-07   5.995128e-07   6.140132e+01 
6.229024e-01   -1.986792e-02   1.807243e-05   1.125164e-05   7.383572e-07   5.975788e-07   6.156698e+01 
6.228630e-01   -1.987535e-02   1.791766e-05   1.108211e-05   7.231095e-07   5.956360e-07   6.173276e+01 
6.228236e-01   -1.988283e-02   1.776514e-05   1.091508e-05   7.082011e-07   5.936738e-07   6.189866e+01 
6.227841e-01   -1.989036e-02   1.761470e-05   1.075052e-05   6.936239e-07   5.917007e-07   6.206469e+01 
6.227445e-01   -1.989796e-02   1.746636e-05   1.058838e-05   6.793703e-07   5.897142e-07   6.223083e+01 
6.227047e-01   -1.990560e-02   1.732010e-05   1.042861e-05   6.654329e-07   5.877105e-07   6.239709e+01 
6.226649e-01   -1.991331e-02   1.717581e-05   1.027119e-05   6.518041e-07   5.856925e-07   6.256347e+01 
6.226249e-01   -1.992107e-02   1.703354e-05   1.011607e-05   6.384769e-07   5.836537e-07   6.272996e+01 
6.225849e-01   -1.992889e-02   1.689320e-05   9.963214e-06   6.254443e-07   5.815968e-07   6.289658e+01 
6.225447e-01   -1.993677e-02   1.675478e-05   9.812582e-06   6.126995e-07   5.795188e-07   6.306332e+01 
6.225045e-01   -1.994470e-02   1.661832e-05   9.664139e-06   6.002358e-07   5.774132e-07   6.323018e+01 
6.224641e-01   -1.995269e-02   1.648371e-05   9.517849e-06   5.880469e-07   5.752891e-07   6.339715e+01 
6.224236e-01   -1.996073e-02   1.635094e-05   9.373675e-06   5.761264e-07   5.731597e-07   6.356425e+01 
6.223830e-01   -1.996884e-02   1.621991e-05   9.231583e-06   5.644681e-07   5.710296e-07   6.373146e+01 
6.223424e-01   -1.997700e-02   1.609067e-05   9.091539e-06   5.530661e-07   5.688904e-07   6.389880e+01 
6.223016e-01   -1.998521e-02   1.596323e-05   8.953508e-06   5.419144e-07   5.667342e-07   6.406625e+01 
6.222607e-01   -1.999349e-02   1.583754e-05   8.817462e-06   5.310074e-07   5.645607e-07   6.423383e+01 
6.222197e-01   -2.000182e-02   1.571356e-05   8.683365e-06   5.203395e-07   5.623728e-07   6.440152e+01 
6.221787e-01   -2.001021e-02   1.559126e-05   8.551185e-06   5.099054e-07   5.601690e-07   6.456933e+01 
6.221375e-01   -2.001866e-02   1.547062e-05   8.420895e-06   4.996996e-07   5.579500e-07   6.473726e+01 
6.220962e-01   -2.002717e-02   1.535160e-05   8.292460e-06   4.897170e-07   5.557191e-07   6.490531e+01 
6.220548e-01   -2.003573e-02   1.523419e-05   8.165852e-06   4.799525e-07   5.534783e-07   6.507348e+01 
6.220133e-01   -2.004435e-02   1.511836e-05   8.041040e-06   4.704012e-07   5.512269e-07   6.524177e+01 
6.219717e-01   -2.005303e-02   1.500407e-05   7.917996e-06   4.610583e-07   5.489675e-07   6.541018e+01 
6.219300e-01   -2.006177e-02   1.489132e-05   7.796694e-06   4.519191e-07   5.466948e-07   6.557871e+01 
6.218882e-01   -2.007056e-02   1.478009e-05   7.677105e-06   4.429790e-07   5.444107e-07   6.574736e+01 
6.218463e-01   -2.007942e-02   1.467035e-05   7.559206e-06   4.342336e-07   5.421121e-07   6.591612e+01 
6.218043e-01   -2.008833e-02   1.456208e-05   7.442968e-06   4.256784e-07   5.397987e-07   6.608501e+01 
6.217622e-01   -2.009730e-02   1.445526e-05   7.328369e-06   4.173092e-07   5.374693e-07   6.625401e+01 
6.217200e-01   -2.010633e-02   1.434987e-05   7.215380e-06   4.091218e-07   5.351263e-07   6.642314e+01 
6.216776e-01   -2.011542e-02   1.424589e-05   7.103976e-06   4.011122e-07   5.327689e-07   6.659238e+01 
6.216352e-01   -2.012457e-02   1.414329e-05   6.994131e-06   3.932763e-07   5.303994e-07   6.676175e+01 
6.215927e-01   -2.013377e-02   1.404206e-05   6.885820e-06   3.856104e-07   5.280218e-07   6.693123e+01 
6.215501e-01   -2.014304e-02   1.394215e-05   6.779019e-06   3.781106e-07   5.256364e-07   6.710083e+01 
6.215074e-01   -2.015236e-02   1.384356e-05   6.673703e-06   3.707733e-07   5.232463e-07   6.727055e+01 
6.214645e-01   -2.016174e-02   1.374625e-05   6.569848e-06   3.635947e-07   5.208548e-07   6.744040e+01 
6.214216e-01   -2.017118e-02   1.365021e-05   6.467436e-06   3.565715e-07   5.184645e-07   6.761036e+01 
6.213786e-01   -2.018068e-02   1.355541e-05   6.366439e-06   3.497001e-07   5.160761e-07   6.778044e+01 
6.213354e-01   -2.019024e-02   1.346181e-05   6.266842e-06   3.429772e-07   5.136933e-07   6.795064e+01 
6.212922e-01   -2.019985e-02   1.336942e-05   6.168621e-06   3.363995e-07   5.113151e-07   6.812095e+01 
6.212488e-01   -2.020953e-02   1.327821e-05   6.071766e-06   3.299639e-07   5.089421e-07   6.829139e+01 
6.212054e-01   -2.021927e-02   1.318819e-05   5.976241e-06   3.236672e-07   5.065423e-07   6.846195e+01 
6.211618e-01   -2.022906e-02   1.309938e-05   5.882029e-06   3.175064e-07   5.041345e-07   6.863263e+01 
6.211182e-01   -2.023892e-02   1.301181e-05   5.789125e-06   3.114785e-07   5.016831e-07   6.880342e+01 
6.210744e-01   -2.024884e-02   1.292551e-05   5.697500e-06   3.055804e-07   4.991865e-07   6.897434e+01 
6.210306e-01   -2.025881e-02   1.284045e-05   5.607137e-06   2.998093e-07   4.966509e-07   6.914537e+01 
6.209867e-01   -2.026885e-02   1.275656e-05   5.518015e-06   2.941625e-07   4.940888e-07   6.931653e+01 
6.209426e-01   -2.027895e-02   1.267376e-05   5.430114e-06   2.886371e-07   4.915252e-07   6.948780e+01 
6.208985e-01   -2.028910e-02   1.259196e-05   5.343415e-06   2.832306e-07   4.889765e-07   6.965919e+01 
6.208542e-01   -2.029932e-02   1.251113e-05   5.257900e-06   2.779404e-07   4.864474e-07   6.983071e+01 
6.208099e-01   -2.030960e-02   1.243126e-05   5.173552e-06   2.727638e-07   4.839315e-07   7.000234e+01 
6.207654e-01   -2.031993e-02   1.235240e-05   5.090358e-06   2.676985e-07   4.814166e-07   7.017409e+01 
6.207208e-01   -2.033033e-02   1.227458e-05   5.008300e-06   2.627419e-07   4.788915e-07   7.034596e+01 
6.206762e-01   -2.034079e-02   1.219779e-05   4.927361e-06   2.578918e-07   4.763496e-07   7.051795e+01 
6.206314e-01   -2.035131e-02   1.212203e-05   4.847526e-06   2.531458e-07   4.737934e-07   7.069006e+01 
6.205865e-01   -2.036189e-02   1.204726e-05   4.768776e-06   2.485017e-07   4.712263e-07   7.086229e+01 
6.205416e-01   -2.037253e-02   1.197346e-05   4.691096e-06   2.439573e-07   4.686528e-07   7.103463e+01 
6.204965e-01   -2.038323e-02   1.190062e-05   4.614469e-06   2.395103e-07   4.660736e-07   7.120710e+01 
6.204513e-01   -2.039400e-02   1.182872e-05   4.538882e-06   2.351587e-07   4.634895e-07   7.137969e+01 
6.204061e-01   -2.040482e-02   1.175776e-05   4.464316e-06   2.309004e-07   4.608989e-07   7.155239e+01 
6.203607e-01   -2.041570e-02   1.168772e-05   4.390760e-06   2.267333e-07   4.583025e-07   7.172522e+01 
6.203152e-01   -2.042665e-02   1.161858e-05   4.318200e-06   2.226556e-07   4.557001e-07   7.189816e+01 
6.202697e-01   -2.043766e-02   1.155034e-05   4.246622e-06   2.186651e-07   4.530912e-07   7.207123e+01 
6.202240e-01   -2.044872e-02   1.148298e-05   4.176013e-06   2.147602e-07   4.504768e-07   7.224441e+01 
6.201782e-01   -2.045985e-02   1.141649e-05   4.106360e-06   2.109389e-07   4.478556e-07   7.241771e+01 
6.201323e-01   -2.047104e-02   1.135084e-05   4.037650e-06   2.071994e-07   4.452297e-07   7.259114e+01 
6.200864e-01   -2.048230e-02   1.128606e-05   3.969871e-06   2.035400e-07   4.425952e-07   7.276468e+01 
6.200403e-01   -2.049361e-02   1.122213e-05   3.903009e-06   1.999589e-07   4.399529e-07   7.293834e+01 
6.199941e-01   -2.050499e-02   1.115903e-05   3.837052e-06   1.964544e-07   4.373022e-07   7.311212e+01 
6.199478e-01   -2.051643e-02   1.109672e-05   3.771985e-06   1.930249e-07   4.346441e-07   7.328602e+01 
6.199015e-01   -2.052793e-02   1.103521e-05   3.707796e-06   1.896688e-07   4.319770e-07   7.346004e+01 
6.198550e-01   -2.053949e-02   1.097453e-05   3.644473e-06   1.863845e-07   4.293012e-07   7.363418e+01 
6.198084e-01   -2.055111e-02   1.091466e-05   3.582003e-06   1.831705e-07   4.266172e-07   7.380843e+01 
6.197618e-01   -2.056280e-02   1.085555e-05   3.520377e-06   1.800252e-07   4.239307e-07   7.398281e+01 
6.197150e-01   -2.057455e-02   1.079721e-05   3.459580e-06   1.769472e-07   4.212390e-07   7.415731e+01 
6.196681e-01   -2.058636e-02   1.073961e-05   3.399604e-06   1.739351e-07   4.185457e-07   7.433192e+01 
6.196211e-01   -2.059824e-02   1.068273e-05   3.340437e-06   1.709874e-07   4.158505e-07   7.450666e+01 
6.195741e-01   -2.061017e-02   1.062658e-05   3.282070e-06   1.681028e-07   4.131508e-07   7.468151e+01 
6.195269e-01   -2.062217e-02   1.057116e-05   3.224490e-06   1.652800e-07   4.104457e-07   7.485649e+01 
6.194796e-01   -2.063423e-02   1.051646e-05   3.167689e-06   1.625175e-07   4.077352e-07   7.503158e+01 
6.194323e-01   -2.064636e-02   1.046248e-05   3.111655e-06   1.598140e-07   4.050192e-07   7.520679e+01 
6.193848e-01   -2.065854e-02   1.040919e-05   3.056377e-06   1.571685e-07   4.022965e-07   7.538212e+01 
6.193372e-01   -2.067079e-02   1.035660e-05   3.001847e-06   1.545800e-07   3.995674e-07   7.555757e+01 
6.192896e-01   -2.068311e-02   1.030472e-05   2.948053e-06   1.520468e-07   3.968326e-07   7.573315e+01 
6.192418e-01   -2.069548e-02   1.025352e-05   2.894986e-06   1.495668e-07   3.940929e-07   7.590884e+01 
6.191939e-01   -2.070792e-02   1.020296e-05   2.842638e-06   1.471406e-07   3.913503e-07   7.608465e+01 
6.191460e-01   -2.072043e-02   1.015303e-05   2.790999e-06   1.447673e-07   3.886033e-07   7.626057e+01 
6.190979e-01   -2.073299e-02   1.010376e-05   2.740060e-06   1.424432e-07   3.858495e-07   7.643662e+01 
6.190498e-01   -2.074562e-02   1.005516e-05   2.689813e-06   1.401691e-07   3.830903e-07   7.661279e+01 
6.190015e-01   -2.075832e-02   1.000719e-05   2.640248e-06   1.379442e-07   3.803255e-07   7.678908e+01 
6.189532e-01   -2.077107e-02   9.959840e-06   2.591357e-06   1.357669e-07   3.775564e-07   7.696548e+01 
6.189047e-01   -2.078389e-02   9.913119e-06   2.543130e-06   1.336363e-07   3.747820e-07   7.714201e+01 
6.188562e-01   -2.079678e-02   9.867011e-06   2.495560e-06   1.315513e-07   3.720037e-07   7.731865e+01 
6.188075e-01   -2.080973e-02   9.821501e-06   2.448638e-06   1.295111e-07   3.692213e-07   7.749542e+01 
6.187588e-01   -2.082274e-02   9.776586e-06   2.402356e-06   1.275147e-07   3.664352e-07   7.767230e+01 
6.187100e-01   -2.083582e-02   9.732262e-06   2.356705e-06   1.255611e-07   3.636453e-07   7.784930e+01 
6.186610e-01   -2.084896e-02   9.688534e-06   2.311678e-06   1.236495e-07   3.608503e-07   7.802643e+01 
6.186120e-01   -2.086216e-02   9.645397e-06   2.267269e-06   1.217790e-07   3.580500e-07   7.820367e+01 
6.185628e-01   -2.087543e-02   9.602830e-06   2.223468e-06   1.199487e-07   3.552445e-07   7.838103e+01 
6.185136e-01   -2.088876e-02   9.560810e-06   2.180269e-06   1.181577e-07   3.524363e-07   7.855851e+01 
6.184643e-01   -2.090216e-02   9.519331e-06   2.137664e-06   1.164053e-07   3.496238e-07   7.873611e+01 
6.184149e-01   -2.091562e-02   9.478410e-06   2.095647e-06   1.146906e-07   3.468089e-07   7.891383e+01 
6.183654e-01   -2.092915e-02   9.438051e-06   2.054209e-06   1.130128e-07   3.439893e-07   7.909167e+01 
6.183158e-01   -2.094274e-02   9.398234e-06   2.013344e-06   1.113712e-07   3.411655e-07   7.926963e+01 
6.182661e-01   -2.095640e-02   9.358941e-06   1.973045e-06   1.097650e-07   3.383382e-07   7.944770e+01 
6.182162e-01   -2.097012e-02   9.320177e-06   1.933306e-06   1.081934e-07   3.355047e-07   7.962590e+01 
6.181664e-01   -2.098390e-02   9.281935e-06   1.894120e-06   1.066558e-07   3.326687e-07   7.980422e+01 
6.181164e-01   -2.099775e-02   9.244208e-06   1.855481e-06   1.051515e-07   3.298296e-07   7.998265e+01 
6.180663e-01   -2.101167e-02   9.206994e-06   1.817381e-06   1.036797e-07   3.269857e-07   8.016121e+01 
6.180161e-01   -2.102565e-02   9.170284e-06   1.779815e-06   1.022397e-07   3.241386e-07   8.033988e+01 
6.179658e-01   -2.103969e-02   9.134075e-06   1.742776e-06   1.008310e-07   3.212882e-07   8.051868e+01 
6.179154e-01   -2.105380e-02   9.098359e-06   1.706259e-06   9.945276e-08   3.184326e-07   8.069759e+01 
6.178650e-01   -2.106798e-02   9.063131e-06   1.670257e-06   9.810449e-08   3.155723e-07   8.087662e+01 
6.178144e-01   -2.108222e-02   9.028391e-06   1.634765e-06   9.678552e-08   3.127082e-07   8.105577e+01 
6.177637e-01   -2.109653e-02   8.994129e-06   1.599779e-06   9.549526e-08   3.098386e-07   8.123504e+01 
6.177130e-01   -2.111090e-02   8.960337e-06   1.565289e-06   9.423321e-08   3.069656e-07   8.141443e+01 
6.176621e-01   -2.112534e-02   8.927017e-06   1.531293e-06   9.299878e-08   3.040895e-07   8.159394e+01 
6.176112e-01   -2.113985e-02   8.894160e-06   1.497784e-06   9.179093e-08   3.012112e-07   8.177357e+01 
6.175602e-01   -2.115442e-02   8.861759e-06   1.464756e-06   9.060958e-08   2.983306e-07   8.195332e+01 
6.175090e-01   -2.116905e-02   8.829811e-06   1.432205e-06   8.945419e-08   2.954485e-07   8.213319e+01 
6.174578e-01   -2.118375e-02   8.798317e-06   1.400125e-06   8.832483e-08   2.925645e-07   8.231318e+01 
6.174065e-01   -2.119852e-02   8.767271e-06   1.368512e-06   8.722022e-08   2.896775e-07   8.249328e+01 
6.173551e-01   -2.121336e-02   8.736650e-06   1.337361e-06   8.613817e-08   2.867859e-07   8.267351e+01 
6.173036e-01   -2.122826e-02   8.706475e-06   1.306666e-06   8.508074e-08   2.838898e-07   8.285385e+01 
6.172520e-01   -2.124322e-02   8.676732e-06   1.276422e-06   8.404691e-08   2.809896e-07   8.303432e+01 
6.172003e-01   -2.125825e-02   8.647419e-06   1.246625e-06   8.303585e-08   2.780854e-07   8.321490e+01 
6.171485e-01   -2.127335e-02   8.618527e-06   1.217270e-06   8.204724e-08   2.751782e-07   8.339561e+01 
6.170967e-01   -2.128852e-02   8.590055e-06   1.188354e-06   8.108057e-08   2.722670e-07   8.357643e+01 
6.170447e-01   -2.130375e-02   8.562001e-06   1.159870e-06   8.013539e-08   2.693544e-07   8.375737e+01 
6.169926e-01   -2.131905e-02   8.534358e-06   1.131815e-06   7.921126e-08   2.664377e-07   8.393843e+01 
6.169405e-01   -2.133442e-02   8.507123e-06   1.104185e-06   7.830775e-08   2.635186e-07   8.411961e+01 
6.168883e-01   -2.134985e-02   8.480291e-06   1.076975e-06   7.742445e-08   2.605962e-07   8.430091e+01 
6.168359e-01   -2.136535e-02   8.453859e-06   1.050181e-06   7.656094e-08   2.576705e-07   8.448233e+01 
6.167835e-01   -2.138091e-02   8.427821e-06   1.023798e-06   7.571684e-08   2.547420e-07   8.466387e+01 
6.167310e-01   -2.139655e-02   8.402180e-06   9.978241e-07   7.489175e-08   2.518105e-07   8.484553e+01 
6.166784e-01   -2.141225e-02   8.376930e-06   9.722538e-07   7.408529e-08   2.488764e-07   8.502731e+01 
6.166257e-01   -2.142801e-02   8.352067e-06   9.470832e-07   7.329708e-08   2.459387e-07   8.520921e+01 
6.165729e-01   -2.144385e-02   8.327589e-06   9.223089e-07   7.252677e-08   2.429988e-07   8.539122e+01 
6.165201e-01   -2.145975e-02   8.303493e-06   8.979273e-07   7.177401e-08   2.400552e-07   8.557336e+01 
6.164671e-01   -2.147572e-02   8.279774e-06   8.739342e-07   7.103844e-08   2.371092e-07   8.575561e+01 
6.164140e-01   -2.149176e-02   8.256426e-06   8.503272e-07   7.031973e-08   2.341598e-07   8.593799e+01 
6.163609e-01   -2.150786e-02   8.233446e-06   8.271017e-07   6.961756e-08   2.312075e-07   8.612048e+01 
6.163077e-01   -2.152403e-02   8.210829e-06   8.042549e-07   6.893160e-08   2.282531e-07   8.630310e+01 
6.162544e-01   -2.154027e-02   8.188572e-06   7.817828e-07   6.826153e-08   2.252960e-07   8.648583e+01 
6.162010e-01   -2.155658e-02   8.166676e-06   7.596830e-07   6.760704e-08   2.223353e-07   8.666868e+01 
6.161475e-01   -2.157295e-02   8.145144e-06   7.379513e-07   6.696783e-08   2.193734e-07   8.685165e+01 
6.160939e-01   -2.158940e-02   8.123971e-06   7.165847e-07   6.634361e-08   2.164082e-07   8.703474e+01 
6.160402e-01   -2.160591e-02   8.103154e-06   6.955794e-07   6.573408e-08   2.134400e-07   8.721795e+01 
6.159864e-01   -2.162249e-02   8.082695e-06   6.749334e-07   6.513897e-08   2.104698e-07   8.740128e+01 
6.159326e-01   -2.163913e-02   8.062587e-06   6.546432e-07   6.455801e-08   2.074961e-07   8.758473e+01 
6.158787e-01   -2.165585e-02   8.042827e-06   6.347063e-07   6.399094e-08   2.045208e-07   8.776830e+01 
6.158247e-01   -2.167263e-02   8.023412e-06   6.151196e-07   6.343751e-08   2.015426e-07   8.795199e+01 
6.157705e-01   -2.168948e-02   8.004338e-06   5.958808e-07   6.289746e-08   1.985628e-07   8.813579e+01 
6.157164e-01   -2.170640e-02   7.985606e-06   5.769877e-07   6.237054e-08   1.955811e-07   8.831972e+01 
6.156621e-01   -2.172339e-02   7.967216e-06   5.584367e-07   6.185653e-08   1.925969e-07   8.850377e+01 
6.156077e-01   -2.174045e-02   7.949171e-06   5.402260e-07   6.135516e-08   1.896117e-07   8.868793e+01 
6.155533e-01   -2.175757e-02   7.931472e-06   5.223524e-07   6.086621e-08   1.866226e-07   8.887222e+01 
6.154987e-01   -2.177477e-02   7.914109e-06   5.048137e-07   6.038943e-08   1.836335e-07   8.905662e+01 
6.154441e-01   -2.179203e-02   7.897081e-06   4.876071e-07   5.992460e-08   1.806405e-07   8.924114e+01 
6.153894e-01   -2.180936e-02   7.880374e-06   4.707297e-07   5.947149e-08   1.776452e-07   8.942579e+01 
6.153346e-01   -2.182676e-02   7.863974e-06   4.541790e-07   5.902988e-08   1.746470e-07   8.961055e+01 
6.152798e-01   -2.184423e-02   7.847869e-06   4.379520e-07   5.859959e-08   1.716454e-07   8.979543e+01 
6.152248e-01   -2.186177e-02   7.832034e-06   4.220463e-07   5.818043e-08   1.686400e-07   8.998043e+01 
6.151698e-01   -2.187937e-02   7.816458e-06   4.064593e-07   5.777224e-08   1.656293e-07   9.016555e+01 
6.151146e-01   -2.189705e-02   7.801128e-06   3.911889e-07   5.737485e-08   1.626120e-07   9.035079e+01 
6.150593e-01   -2.191479e-02   7.786033e-06   3.762341e-07   5.698811e-08   1.595892e-07   9.053615e+01 
6.150040e-01   -2.193260e-02   7.771172e-06   3.615932e-07   5.661183e-08   1.565568e-07   9.072163e+01 
6.149486e-01   -2.195048e-02   7.756549e-06   3.472661e-07   5.624583e-08   1.535172e-07   9.090722e+01 
6.148930e-01   -2.196843e-02   7.742179e-06   3.332512e-07   5.588988e-08   1.504703e-07   9.109294e+01 
6.148374e-01   -2.198645e-02   7.728095e-06   3.195480e-07   5.554375e-08   1.474189e-07   9.127878e+01 
6.147817e-01   -2.200454e-02   7.714336e-06   3.061535e-07   5.520719e-08   1.443667e-07   9.146473e+01 
6.147259e-01   -2.202269e-02   7.700956e-06   2.930658e-07   5.487997e-08   1.413193e-07   9.165081e+01 
6.146701e-01   -2.204092e-02   7.688012e-06   2.802811e-07   5.456190e-08   1.382814e-07   9.183700e+01 
6.146142e-01   -2.205922e-02   7.675557e-06   2.677963e-07   5.425282e-08   1.352555e-07   9.202332e+01 
6.145583e-01   -2.207759e-02   7.663622e-06   2.556081e-07   5.395264e-08   1.322426e-07   9.220975e+01 
6.145024e-01   -2.209603e-02   7.652198e-06   2.437137e-07   5.366131e-08   1.292389e-07   9.239630e+01 
6.144463e-01   -2.211454e-02   7.641222e-06   2.321117e-07   5.337879e-08   1.262397e-07   9.258297e+01 
6.143902e-01   -2.213313e-02   7.630577e-06   2.208020e-07   5.310508e-08   1.232350e-07   9.276976e+01 
6.143340e-01   -2.215178e-02   7.620130e-06   2.097844e-07   5.284012e-08   1.202170e-07   9.295667e+01 
6.142777e-01   -2.217050e-02   7.609759e-06   1.990592e-07   5.258385e-08   1.171808e-07   9.314370e+01 
6.142213e-01   -2.218929e-02   7.599411e-06   1.886260e-07   5.233611e-08   1.141256e-07   9.333085e+01 
6.141647e-01   -2.220815e-02   7.589117e-06   1.784843e-07   5.209674e-08   1.110563e-07   9.351812e+01 
6.141081e-01   -2.222708e-02   7.578970e-06   1.686329e-07   5.186552e-08   1.079787e-07   9.370551e+01 
6.140513e-01   -2.224608e-02   7.569094e-06   1.590707e-07   5.164223e-08   1.048978e-07   9.389302e+01 
6.139946e-01   -2.226514e-02   7.559581e-06   1.497962e-07   5.142667e-08   1.018188e-07   9.408064e+01 
6.139377e-01   -2.228428e-02   7.550472e-06   1.408082e-07   5.121870e-08   9.874252e-08   9.426839e+01 
6.138808e-01   -2.230350e-02   7.541750e-06   1.321051e-07   5.101824e-08   9.566982e-08   9.445626e+01 
6.138238e-01   -2.232278e-02   7.533365e-06   1.236856e-07   5.082523e-08   9.260064e-08   9.464424e+01 
6.137667e-01   -2.234213e-02   7.525272e-06   1.155485e-07   5.063965e-08   8.953012e-08   9.483234e+01 
6.137096e-01   -2.236155e-02   7.517450e-06   1.076924e-07   5.046146e-08   8.645722e-08   9.502057e+01 
6.136524e-01   -2.238104e-02   7.509894e-06   1.001177e-07   5.029064e-08   8.337951e-08   9.520891e+01 
6.135951e-01   -2.240060e-02   7.502595e-06   9.282438e-08   5.012713e-08   8.029890e-08   9.539737e+01 
6.135377e-01   -2.242024e-02   7.495544e-06   8.581130e-08   4.997086e-08   7.721608e-08   9.558596e+01 
6.134802e-01   -2.243994e-02   7.488755e-06   7.907593e-08   4.982174e-08   7.413388e-08   9.577466e+01 
6.134227e-01   -2.245971e-02   7.482264e-06   7.261685e-08   4.967968e-08   7.105072e-08   9.596348e+01 
6.133651e-01   -2.247956e-02   7.476078e-06   6.643490e-08   4.954459e-08   6.796590e-08   9.615242e+01 
6.133074e-01   -2.249947e-02   7.470163e-06   6.053036e-08   4.941636e-08   6.487647e-08   9.634148e+01 
6.132496e-01   -2.251946e-02   7.464503e-06   5.490405e-08   4.929497e-08   6.178546e-08   9.653065e+01 
6.131918e-01   -2.253951e-02   7.459119e-06   4.954670e-08   4.918038e-08   5.869403e-08   9.671995e+01 
6.131339e-01   -2.255964e-02   7.454032e-06   4.446292e-08   4.907253e-08   5.559727e-08   9.690937e+01 
6.130759e-01   -2.257984e-02   7.449236e-06   3.966031e-08   4.897143e-08   5.249674e-08   9.709891e+01 
6.130179e-01   -2.260011e-02   7.444719e-06   3.513831e-08   4.887703e-08   4.939251e-08   9.728856e+01 
6.129596e-01   -2.262044e-02   7.440515e-06   3.089032e-08   4.878929e-08   4.629021e-08   9.747834e+01 
6.129008e-01   -2.264082e-02   7.436637e-06   2.691496e-08   4.870814e-08   4.318308e-08   9.766823e+01 
6.128421e-01   -2.266127e-02   7.432570e-06   2.320880e-08   4.863366e-08   4.007300e-08   9.785825e+01 
6.127869e-01   -2.268193e-02   7.427234e-06   1.977939e-08   4.856603e-08   3.697133e-08   9.804838e+01 
6.127422e-01   -2.270307e-02   7.420068e-06   1.662436e-08   4.850504e-08   3.389220e-08   9.823863e+01 
6.127158e-01   -2.272498e-02   7.411948e-06   1.374713e-08   4.844936e-08   3.084099e-08   9.842900e+01 
6.127101e-01   -2.274776e-02   7.404913e-06   1.114124e-08   4.839702e-08   2.780197e-08   9.861950e+01 
6.127199e-01   -2.277116e-02   7.400512e-06   8.807190e-09   4.834735e-08   2.474976e-08   9.881011e+01 
6.127359e-01   -2.279483e-02   7.398453e-06   6.746345e-09   4.830173e-08   2.167740e-08   9.900084e+01 
6.127514e-01   -2.281852e-02   7.397494e-06   4.960519e-09   4.826200e-08   1.859279e-08   9.919169e+01 
6.127642e-01   -2.284216e-02   7.396857e-06   3.445696e-09   4.822887e-08   1.550385e-08   9.938266e+01 
6.127741e-01   -2.286575e-02   7.396353e-06   2.208882e-09   4.820211e-08   1.240997e-08   9.957374e+01 
6.127812e-01   -2.288928e-02   7.395970e-06   1.243966e-09   4.818148e-08   9.311881e-09   9.976495e+01 
6.127861e-01   -2.291277e-02   7.395677e-06   5.710984e-10   4.816700e-08   6.209362e-09   9.995628e+01 
6.127889e-01   -2.293622e-02   7.395545e-06   1.422745e-10   4.815864e-08   3.103645e-09   1.001477e+02 
6.127901e-01   -2.295963e-02   7.395621e-06   -8.023096e-18   4.815636e-08   6.938894e-17   1.003393e+02 
