% The data presented here were obtained from a direct numerical simulation of a turbulent 
% boundary layer developing under a pressure gradient. All the data shown here are 
% not normalized. Please refer to the references below for rmore detailed information.
 
 
% We compute the boundary layer thickness using the method of Griffin et al. (2021). 
% The pressure-gradient parameters of beta_{ZS} and beta_i are computed as follows. 
% beta_{ZS}=(delta)/(rho U_{ZS}^2)(dp_e/dx) and beta_i = (nu/rho u_tau^3)(d p_w/dx) 
% where $delta$ is the boundary layer thickness, $U_{ZS}$ is the Zagorola-Smits velocity, 
% $p_e$ and $p_w$ are the pressure at the edge of boundary layer and wall, respectively. 
 
  
% Please check this report for rmore detailed information about the data: 
% Gungor, T. R., Gungor, A. G.., Maciel, Y. (2024). Datasets of  
% three non-equilibrium pressure gradient turbulent boundary layers.  
  
  
% Please cite this paper when referencing the data: 
% Gungor, T. R., Gungor, A. G. & Maciel, Y. (2024).  
% Turbulent boundary layer response to uniform changes of the pressure force contribution
% arXiv preprint arXiv:2402.13067 
 
  
% ========================================================================================= 
%  	 	 	************ Position 4 of DNS23 ************ 
% ========================================================================================= 

% 	 Re_tau = 7.139364e+02 
% 	 Re_theta=9.592635e+03 
% 	 utau=8.113940e-03 
% 	 U_e=6.654810e-01 
% 	 theta=4.118454e+00 
% 	 delta_star=1.091843e+01 
% 	 delta=2.513968e+01 
%  	 x_pos=4.248717e+02 
% 	 H=2.651099e+00 
% 	 C_f=2.935421e-04 
% 	 nu=2.857143e-04 
% 	 beta_RC=3.315438e+01 
% 	 beta_i=1.574703e-01 
% 	 beta_ZS=9.040579e-02 
 
% ========================================================================================================== 
% 	 U   	   V   	   u2   	   v2   	   w2   	   uv   	   y        
% ========================================================================================================= 
7.689368e-04   9.268674e-09   1.803619e-06   1.133504e-10   1.864516e-06   -1.167891e-09   3.320224e-03 
1.778676e-03   5.087227e-08   9.194430e-06   2.981201e-09   9.429643e-06   -1.514566e-08   7.619924e-03 
3.040974e-03   1.546263e-07   2.518650e-05   2.243236e-08   2.550847e-05   -7.787973e-08   1.288845e-02 
4.567287e-03   3.642838e-07   5.269674e-05   9.774073e-08   5.244752e-05   -2.662638e-07   1.911534e-02 
6.367855e-03   7.397863e-07   9.435800e-05   3.096422e-07   9.180674e-05   -7.125097e-07   2.629033e-02 
8.449279e-03   1.357681e-06   1.523039e-04   7.920638e-07   1.441031e-04   -1.606910e-06   3.440335e-02 
1.081042e-02   2.308051e-06   2.279374e-04   1.734044e-06   2.087509e-04   -3.178725e-06   4.344451e-02 
1.343905e-02   3.687636e-06   3.216337e-04   3.369491e-06   2.841529e-04   -5.655853e-06   5.340409e-02 
1.630977e-02   5.590208e-06   4.325003e-04   5.956609e-06   3.679655e-04   -9.214800e-06   6.427258e-02 
1.938441e-02   8.096214e-06   5.583133e-04   9.752118e-06   4.574491e-04   -1.394117e-05   7.604062e-02 
2.261484e-02   1.126458e-05   6.957137e-04   1.498627e-05   5.498237e-04   -1.981465e-05   8.869899e-02 
2.594741e-02   1.513000e-05   8.406197e-04   2.184338e-05   6.425527e-04   -2.672065e-05   1.022387e-01 
2.932790e-02   1.970725e-05   9.887302e-04   3.045012e-05   7.335163e-04   -3.447953e-05   1.166508e-01 
3.270578e-02   2.500133e-05   1.135985e-03   4.087206e-05   8.210801e-04   -4.288092e-05   1.319265e-01 
3.603741e-02   3.101927e-05   1.278900e-03   5.311666e-05   9.040889e-04   -5.171413e-05   1.480574e-01 
3.928770e-02   3.777637e-05   1.414760e-03   6.714046e-05   9.818157e-04   -6.079026e-05   1.650351e-01 
4.243058e-02   4.529093e-05   1.541677e-03   8.285776e-05   1.053890e-03   -6.995524e-05   1.828511e-01 
4.544842e-02   5.357135e-05   1.658551e-03   1.001496e-04   1.120220e-03   -7.909529e-05   2.014975e-01 
4.833086e-02   6.261108e-05   1.764955e-03   1.188725e-04   1.180928e-03   -8.813505e-05   2.209661e-01 
5.107336e-02   7.240132e-05   1.860982e-03   1.388676e-04   1.236276e-03   -9.703031e-05   2.412492e-01 
5.367583e-02   8.294693e-05   1.947091e-03   1.599695e-04   1.286603e-03   -1.057593e-04   2.623390e-01 
5.614137e-02   9.426919e-05   2.023980e-03   1.820144e-04   1.332260e-03   -1.143153e-04   2.842279e-01 
5.847527e-02   1.063933e-04   2.092485e-03   2.048447e-04   1.373580e-03   -1.227041e-04   3.069083e-01 
6.068421e-02   1.193435e-04   2.153514e-03   2.283105e-04   1.410890e-03   -1.309458e-04   3.303730e-01 
6.277554e-02   1.331513e-04   2.207978e-03   2.522693e-04   1.444517e-03   -1.390701e-04   3.546147e-01 
6.475687e-02   1.478755e-04   2.256720e-03   2.765895e-04   1.474779e-03   -1.471064e-04   3.796264e-01 
6.663577e-02   1.636426e-04   2.300474e-03   3.011540e-04   1.501987e-03   -1.550792e-04   4.054008e-01 
6.841976e-02   1.806504e-04   2.339884e-03   3.258607e-04   1.526443e-03   -1.630077e-04   4.319312e-01 
7.011632e-02   1.991107e-04   2.375573e-03   3.506220e-04   1.548448e-03   -1.709045e-04   4.592109e-01 
7.173282e-02   2.191715e-04   2.408130e-03   3.753646e-04   1.568283e-03   -1.787809e-04   4.872331e-01 
7.327637e-02   2.408589e-04   2.438038e-03   4.000270e-04   1.586186e-03   -1.866565e-04   5.159912e-01 
7.475357e-02   2.640661e-04   2.465647e-03   4.245552e-04   1.602367e-03   -1.945548e-04   5.454788e-01 
7.617050e-02   2.886089e-04   2.491244e-03   4.489017e-04   1.617014e-03   -2.024951e-04   5.756895e-01 
7.753284e-02   3.142666e-04   2.515071e-03   4.730246e-04   1.630279e-03   -2.105014e-04   6.066170e-01 
7.884618e-02   3.408724e-04   2.537332e-03   4.968850e-04   1.642321e-03   -2.185959e-04   6.382551e-01 
8.011606e-02   3.683015e-04   2.558291e-03   5.204603e-04   1.653338e-03   -2.267981e-04   6.705979e-01 
8.134740e-02   3.963914e-04   2.578274e-03   5.437394e-04   1.663516e-03   -2.351289e-04   7.036392e-01 
8.254395e-02   4.249797e-04   2.597599e-03   5.667161e-04   1.672956e-03   -2.436027e-04   7.373731e-01 
8.370830e-02   4.538760e-04   2.616523e-03   5.893982e-04   1.681685e-03   -2.522383e-04   7.717940e-01 
8.484229e-02   4.829403e-04   2.635192e-03   6.117986e-04   1.689806e-03   -2.610561e-04   8.068960e-01 
8.594766e-02   5.121378e-04   2.653747e-03   6.339297e-04   1.697482e-03   -2.700719e-04   8.426735e-01 
8.702645e-02   5.415047e-04   2.672417e-03   6.557955e-04   1.704922e-03   -2.793016e-04   8.791210e-01 
8.808129e-02   5.711153e-04   2.691361e-03   6.774015e-04   1.712411e-03   -2.887361e-04   9.162329e-01 
8.911562e-02   6.008981e-04   2.710571e-03   6.987699e-04   1.720120e-03   -2.983580e-04   9.540039e-01 
9.013270e-02   6.307724e-04   2.730024e-03   7.199357e-04   1.728050e-03   -3.081652e-04   9.924286e-01 
9.113474e-02   6.609022e-04   2.749848e-03   7.409191e-04   1.736145e-03   -3.181262e-04   1.031502e+00 
9.212371e-02   6.916485e-04   2.770287e-03   7.617451e-04   1.744328e-03   -3.281928e-04   1.071218e+00 
9.310198e-02   7.235049e-04   2.791469e-03   7.824474e-04   1.752539e-03   -3.383228e-04   1.111573e+00 
9.407140e-02   7.567600e-04   2.813324e-03   8.030177e-04   1.760760e-03   -3.484651e-04   1.152561e+00 
9.503285e-02   7.913281e-04   2.835670e-03   8.234268e-04   1.769063e-03   -3.585875e-04   1.194178e+00 
9.598625e-02   8.268483e-04   2.858264e-03   8.436429e-04   1.777575e-03   -3.686939e-04   1.236418e+00 
9.693195e-02   8.628461e-04   2.880935e-03   8.636574e-04   1.786349e-03   -3.787805e-04   1.279276e+00 
9.787179e-02   8.988798e-04   2.903576e-03   8.834944e-04   1.795324e-03   -3.888383e-04   1.322748e+00 
9.880848e-02   9.345859e-04   2.926145e-03   9.031794e-04   1.804436e-03   -3.988886e-04   1.366830e+00 
9.974462e-02   9.698792e-04   2.948794e-03   9.227184e-04   1.813864e-03   -4.089995e-04   1.411516e+00 
1.006813e-01   1.004774e-03   2.971700e-03   9.420795e-04   1.823728e-03   -4.192139e-04   1.456801e+00 
1.016178e-01   1.039262e-03   2.995115e-03   9.612535e-04   1.833856e-03   -4.295458e-04   1.502683e+00 
1.025535e-01   1.073441e-03   3.019290e-03   9.802722e-04   1.844121e-03   -4.399846e-04   1.549156e+00 
1.034891e-01   1.107764e-03   3.044227e-03   9.991682e-04   1.854447e-03   -4.504649e-04   1.596215e+00 
1.044264e-01   1.142507e-03   3.069872e-03   1.017959e-03   1.864555e-03   -4.609229e-04   1.643857e+00 
1.053671e-01   1.177385e-03   3.096194e-03   1.036673e-03   1.874305e-03   -4.713983e-04   1.692076e+00 
1.063124e-01   1.212182e-03   3.123093e-03   1.055337e-03   1.884046e-03   -4.819778e-04   1.740870e+00 
1.072653e-01   1.247305e-03   3.150397e-03   1.073978e-03   1.894439e-03   -4.926838e-04   1.790234e+00 
1.082277e-01   1.283257e-03   3.177976e-03   1.092575e-03   1.905928e-03   -5.034638e-04   1.840163e+00 
1.091997e-01   1.320469e-03   3.205957e-03   1.111072e-03   1.918525e-03   -5.142285e-04   1.890654e+00 
1.101811e-01   1.358876e-03   3.234767e-03   1.129460e-03   1.931693e-03   -5.250105e-04   1.941702e+00 
1.111726e-01   1.398662e-03   3.264700e-03   1.147759e-03   1.944794e-03   -5.358279e-04   1.993305e+00 
1.121748e-01   1.440490e-03   3.295753e-03   1.165947e-03   1.957694e-03   -5.466316e-04   2.045457e+00 
1.131866e-01   1.484732e-03   3.327638e-03   1.183984e-03   1.970525e-03   -5.574110e-04   2.098155e+00 
1.142058e-01   1.531465e-03   3.360083e-03   1.201858e-03   1.983303e-03   -5.680606e-04   2.151396e+00 
1.152327e-01   1.580996e-03   3.393112e-03   1.219587e-03   1.995993e-03   -5.785224e-04   2.205175e+00 
1.162693e-01   1.633483e-03   3.426489e-03   1.237157e-03   2.008806e-03   -5.889005e-04   2.259489e+00 
1.173149e-01   1.688308e-03   3.459777e-03   1.254503e-03   2.021897e-03   -5.993122e-04   2.314335e+00 
1.183666e-01   1.744694e-03   3.492704e-03   1.271656e-03   2.035416e-03   -6.097934e-04   2.369707e+00 
1.194240e-01   1.802133e-03   3.525116e-03   1.288720e-03   2.049490e-03   -6.202748e-04   2.425604e+00 
1.204889e-01   1.859986e-03   3.557678e-03   1.305788e-03   2.063915e-03   -6.307889e-04   2.482022e+00 
1.215613e-01   1.918286e-03   3.591322e-03   1.322926e-03   2.078768e-03   -6.414377e-04   2.538956e+00 
1.226424e-01   1.977640e-03   3.625985e-03   1.340115e-03   2.094097e-03   -6.521108e-04   2.596404e+00 
1.237349e-01   2.037466e-03   3.661636e-03   1.357358e-03   2.109900e-03   -6.628139e-04   2.654363e+00 
1.248414e-01   2.096694e-03   3.697755e-03   1.374653e-03   2.126047e-03   -6.736313e-04   2.712828e+00 
1.259647e-01   2.155875e-03   3.733391e-03   1.392007e-03   2.142077e-03   -6.845517e-04   2.771797e+00 
1.271051e-01   2.216376e-03   3.768415e-03   1.409473e-03   2.157834e-03   -6.956210e-04   2.831267e+00 
1.282585e-01   2.278975e-03   3.803015e-03   1.427050e-03   2.173657e-03   -7.067849e-04   2.891233e+00 
1.294201e-01   2.343608e-03   3.836918e-03   1.444601e-03   2.190502e-03   -7.178474e-04   2.951694e+00 
1.305932e-01   2.410790e-03   3.869806e-03   1.462144e-03   2.208782e-03   -7.287462e-04   3.012645e+00 
1.317836e-01   2.480201e-03   3.902589e-03   1.479683e-03   2.228249e-03   -7.396255e-04   3.074084e+00 
1.329919e-01   2.551344e-03   3.936585e-03   1.497202e-03   2.248664e-03   -7.506054e-04   3.136008e+00 
1.342163e-01   2.624437e-03   3.972176e-03   1.514693e-03   2.269361e-03   -7.618407e-04   3.198414e+00 
1.354573e-01   2.698980e-03   4.008946e-03   1.532176e-03   2.289376e-03   -7.734210e-04   3.261298e+00 
1.367140e-01   2.774538e-03   4.046317e-03   1.549711e-03   2.308606e-03   -7.851834e-04   3.324657e+00 
1.379859e-01   2.851668e-03   4.083938e-03   1.567269e-03   2.327688e-03   -7.968447e-04   3.388490e+00 
1.392743e-01   2.930688e-03   4.121273e-03   1.584956e-03   2.346362e-03   -8.083364e-04   3.452792e+00 
1.405776e-01   3.011549e-03   4.157378e-03   1.602673e-03   2.364563e-03   -8.196443e-04   3.517561e+00 
1.418979e-01   3.094633e-03   4.192943e-03   1.620221e-03   2.382541e-03   -8.307477e-04   3.582794e+00 
1.432372e-01   3.179656e-03   4.229211e-03   1.637528e-03   2.400080e-03   -8.417728e-04   3.648489e+00 
1.445909e-01   3.266068e-03   4.265961e-03   1.654543e-03   2.417506e-03   -8.527151e-04   3.714642e+00 
1.459595e-01   3.353160e-03   4.302187e-03   1.671363e-03   2.435649e-03   -8.635289e-04   3.781251e+00 
1.473445e-01   3.439709e-03   4.337906e-03   1.688060e-03   2.454623e-03   -8.744382e-04   3.848313e+00 
1.487415e-01   3.524985e-03   4.373890e-03   1.704664e-03   2.474273e-03   -8.856008e-04   3.915826e+00 
1.501462e-01   3.609943e-03   4.410081e-03   1.721251e-03   2.494257e-03   -8.970054e-04   3.983786e+00 
1.515615e-01   3.694965e-03   4.446333e-03   1.737975e-03   2.514317e-03   -9.087514e-04   4.052192e+00 
1.529936e-01   3.780764e-03   4.482242e-03   1.754847e-03   2.534355e-03   -9.207703e-04   4.121039e+00 
1.544456e-01   3.868044e-03   4.517720e-03   1.771842e-03   2.554111e-03   -9.325413e-04   4.190328e+00 
1.559178e-01   3.956804e-03   4.552567e-03   1.788892e-03   2.574087e-03   -9.438205e-04   4.260053e+00 
1.574075e-01   4.046605e-03   4.586624e-03   1.805858e-03   2.594563e-03   -9.548490e-04   4.330214e+00 
1.589119e-01   4.137270e-03   4.620528e-03   1.822688e-03   2.615810e-03   -9.658085e-04   4.400807e+00 
1.604279e-01   4.228662e-03   4.654517e-03   1.839385e-03   2.637262e-03   -9.768026e-04   4.471830e+00 
1.619552e-01   4.320756e-03   4.689699e-03   1.855773e-03   2.658582e-03   -9.877783e-04   4.543280e+00 
1.634996e-01   4.413645e-03   4.726642e-03   1.871655e-03   2.680603e-03   -9.987632e-04   4.615156e+00 
1.650614e-01   4.507536e-03   4.764597e-03   1.887061e-03   2.703416e-03   -1.009932e-03   4.687455e+00 
1.666423e-01   4.602311e-03   4.803068e-03   1.902050e-03   2.726957e-03   -1.021126e-03   4.760174e+00 
1.682463e-01   4.698223e-03   4.841470e-03   1.916725e-03   2.752243e-03   -1.032279e-03   4.833312e+00 
1.698706e-01   4.794847e-03   4.879402e-03   1.931236e-03   2.778248e-03   -1.043305e-03   4.906865e+00 
1.715126e-01   4.892225e-03   4.917499e-03   1.945804e-03   2.803542e-03   -1.054400e-03   4.980832e+00 
1.731697e-01   4.990872e-03   4.956389e-03   1.960528e-03   2.829019e-03   -1.065709e-03   5.055210e+00 
1.748395e-01   5.091639e-03   4.996108e-03   1.975371e-03   2.855541e-03   -1.077040e-03   5.129997e+00 
1.765270e-01   5.194290e-03   5.036622e-03   1.990204e-03   2.882402e-03   -1.088296e-03   5.205191e+00 
1.782356e-01   5.297312e-03   5.077885e-03   2.004830e-03   2.907976e-03   -1.099349e-03   5.280790e+00 
1.799670e-01   5.400645e-03   5.119863e-03   2.019180e-03   2.931908e-03   -1.110424e-03   5.356792e+00 
1.817252e-01   5.504620e-03   5.162633e-03   2.033355e-03   2.954231e-03   -1.121364e-03   5.433193e+00 
1.835089e-01   5.610725e-03   5.204309e-03   2.047376e-03   2.975848e-03   -1.132046e-03   5.509994e+00 
1.853094e-01   5.718476e-03   5.245876e-03   2.061063e-03   2.997646e-03   -1.142788e-03   5.587190e+00 
1.871163e-01   5.827320e-03   5.288881e-03   2.074247e-03   3.018703e-03   -1.153409e-03   5.664780e+00 
1.889237e-01   5.938818e-03   5.331809e-03   2.086963e-03   3.039657e-03   -1.163629e-03   5.742763e+00 
1.907328e-01   6.051492e-03   5.374253e-03   2.099570e-03   3.060813e-03   -1.173697e-03   5.821135e+00 
1.925513e-01   6.164719e-03   5.416766e-03   2.112353e-03   3.081351e-03   -1.183694e-03   5.899895e+00 
1.943898e-01   6.279643e-03   5.458941e-03   2.125372e-03   3.100907e-03   -1.193648e-03   5.979042e+00 
1.962563e-01   6.396701e-03   5.501075e-03   2.138458e-03   3.119742e-03   -1.203861e-03   6.058572e+00 
1.981462e-01   6.516298e-03   5.543227e-03   2.151545e-03   3.138919e-03   -1.214023e-03   6.138485e+00 
2.000563e-01   6.638286e-03   5.585503e-03   2.164761e-03   3.158997e-03   -1.223970e-03   6.218778e+00 
2.019868e-01   6.763008e-03   5.628271e-03   2.177933e-03   3.180305e-03   -1.233908e-03   6.299449e+00 
2.039362e-01   6.888819e-03   5.672344e-03   2.190549e-03   3.200384e-03   -1.243812e-03   6.380496e+00 
2.059034e-01   7.015971e-03   5.717745e-03   2.202447e-03   3.217825e-03   -1.253645e-03   6.461918e+00 
2.078886e-01   7.145601e-03   5.761967e-03   2.213876e-03   3.234443e-03   -1.263421e-03   6.543712e+00 
2.098948e-01   7.277850e-03   5.804851e-03   2.224605e-03   3.251123e-03   -1.273224e-03   6.625877e+00 
2.119181e-01   7.414278e-03   5.847414e-03   2.234400e-03   3.267723e-03   -1.282687e-03   6.708411e+00 
2.139564e-01   7.553151e-03   5.889428e-03   2.243440e-03   3.284530e-03   -1.291785e-03   6.791312e+00 
2.160109e-01   7.694227e-03   5.929225e-03   2.252510e-03   3.301473e-03   -1.300735e-03   6.874579e+00 
2.180807e-01   7.837856e-03   5.966750e-03   2.262016e-03   3.317456e-03   -1.309260e-03   6.958208e+00 
2.201718e-01   7.983579e-03   6.002857e-03   2.271912e-03   3.332709e-03   -1.317573e-03   7.042200e+00 
2.222806e-01   8.130785e-03   6.038679e-03   2.281882e-03   3.348925e-03   -1.325557e-03   7.126552e+00 
2.244013e-01   8.277587e-03   6.076208e-03   2.291625e-03   3.366186e-03   -1.333524e-03   7.211262e+00 
2.265345e-01   8.424352e-03   6.115371e-03   2.301426e-03   3.384135e-03   -1.341386e-03   7.296328e+00 
2.286835e-01   8.573445e-03   6.153927e-03   2.311227e-03   3.403744e-03   -1.349078e-03   7.381750e+00 
2.308456e-01   8.724198e-03   6.191057e-03   2.321084e-03   3.424147e-03   -1.356777e-03   7.467524e+00 
2.330101e-01   8.875252e-03   6.226571e-03   2.330768e-03   3.444987e-03   -1.364220e-03   7.553650e+00 
2.351834e-01   9.024683e-03   6.261562e-03   2.340294e-03   3.466331e-03   -1.371476e-03   7.640126e+00 
2.373676e-01   9.172788e-03   6.297999e-03   2.349841e-03   3.486235e-03   -1.378590e-03   7.726950e+00 
2.395618e-01   9.320429e-03   6.335580e-03   2.359701e-03   3.503509e-03   -1.385928e-03   7.814121e+00 
2.417742e-01   9.470963e-03   6.371088e-03   2.369455e-03   3.520114e-03   -1.393144e-03   7.901637e+00 
2.440072e-01   9.624817e-03   6.404093e-03   2.378617e-03   3.537079e-03   -1.399703e-03   7.989497e+00 
2.462810e-01   9.781364e-03   6.434788e-03   2.387402e-03   3.553190e-03   -1.405982e-03   8.077698e+00 
2.486026e-01   9.942849e-03   6.464853e-03   2.396518e-03   3.569255e-03   -1.412031e-03   8.166239e+00 
2.509505e-01   1.010760e-02   6.493152e-03   2.405867e-03   3.585267e-03   -1.418101e-03   8.255120e+00 
2.533193e-01   1.027366e-02   6.518173e-03   2.414889e-03   3.601219e-03   -1.424427e-03   8.344337e+00 
2.557059e-01   1.044090e-02   6.541345e-03   2.423118e-03   3.617907e-03   -1.430841e-03   8.433891e+00 
2.581113e-01   1.060958e-02   6.564201e-03   2.431017e-03   3.633704e-03   -1.437224e-03   8.523778e+00 
2.605353e-01   1.078061e-02   6.588361e-03   2.438644e-03   3.648291e-03   -1.443598e-03   8.613998e+00 
2.629726e-01   1.095241e-02   6.611746e-03   2.446559e-03   3.660676e-03   -1.450381e-03   8.704549e+00 
2.654337e-01   1.112639e-02   6.632921e-03   2.455168e-03   3.673328e-03   -1.456696e-03   8.795430e+00 
2.679281e-01   1.130412e-02   6.653879e-03   2.464574e-03   3.687619e-03   -1.463001e-03   8.886640e+00 
2.704484e-01   1.148096e-02   6.677285e-03   2.473607e-03   3.701690e-03   -1.469873e-03   8.978176e+00 
2.729856e-01   1.165669e-02   6.701583e-03   2.481711e-03   3.714479e-03   -1.476815e-03   9.070038e+00 
2.755327e-01   1.183518e-02   6.724748e-03   2.489381e-03   3.727121e-03   -1.483108e-03   9.162223e+00 
2.780886e-01   1.202003e-02   6.748154e-03   2.496877e-03   3.741659e-03   -1.488147e-03   9.254732e+00 
2.806628e-01   1.221070e-02   6.769374e-03   2.504378e-03   3.756530e-03   -1.492351e-03   9.347561e+00 
2.832578e-01   1.240351e-02   6.787167e-03   2.511612e-03   3.769914e-03   -1.496717e-03   9.440710e+00 
2.858739e-01   1.259735e-02   6.804570e-03   2.518297e-03   3.781959e-03   -1.501254e-03   9.534178e+00 
2.885062e-01   1.279312e-02   6.821219e-03   2.524507e-03   3.793715e-03   -1.505709e-03   9.627963e+00 
2.911533e-01   1.298959e-02   6.835728e-03   2.530542e-03   3.805289e-03   -1.510393e-03   9.722064e+00 
2.938230e-01   1.318915e-02   6.848719e-03   2.536783e-03   3.816155e-03   -1.514819e-03   9.816478e+00 
2.965105e-01   1.339195e-02   6.862927e-03   2.542373e-03   3.824945e-03   -1.518680e-03   9.911206e+00 
2.992190e-01   1.359529e-02   6.877670e-03   2.547481e-03   3.832975e-03   -1.522389e-03   1.000625e+01 
3.019406e-01   1.379787e-02   6.892912e-03   2.552050e-03   3.841463e-03   -1.526523e-03   1.010160e+01 
3.046696e-01   1.400248e-02   6.907378e-03   2.556021e-03   3.850263e-03   -1.530251e-03   1.019726e+01 
3.074112e-01   1.421008e-02   6.920464e-03   2.559067e-03   3.858888e-03   -1.533176e-03   1.029322e+01 
3.101629e-01   1.441891e-02   6.932990e-03   2.560711e-03   3.866048e-03   -1.535625e-03   1.038950e+01 
3.129305e-01   1.462863e-02   6.943802e-03   2.562234e-03   3.872113e-03   -1.537844e-03   1.048608e+01 
3.157222e-01   1.484162e-02   6.950651e-03   2.563856e-03   3.876383e-03   -1.539729e-03   1.058296e+01 
3.185383e-01   1.505849e-02   6.953058e-03   2.565394e-03   3.879628e-03   -1.541631e-03   1.068015e+01 
3.213611e-01   1.527548e-02   6.956045e-03   2.566385e-03   3.881711e-03   -1.543575e-03   1.077763e+01 
3.242009e-01   1.549469e-02   6.958145e-03   2.566864e-03   3.884623e-03   -1.545147e-03   1.087542e+01 
3.270647e-01   1.571545e-02   6.958327e-03   2.566430e-03   3.889935e-03   -1.546709e-03   1.097351e+01 
3.299437e-01   1.593725e-02   6.956978e-03   2.565879e-03   3.895891e-03   -1.548251e-03   1.107190e+01 
3.328376e-01   1.616299e-02   6.953433e-03   2.566205e-03   3.900524e-03   -1.549542e-03   1.117058e+01 
3.357429e-01   1.639033e-02   6.949492e-03   2.566517e-03   3.902334e-03   -1.550511e-03   1.126955e+01 
3.386700e-01   1.661973e-02   6.944797e-03   2.566774e-03   3.903212e-03   -1.551423e-03   1.136883e+01 
3.416102e-01   1.685170e-02   6.939785e-03   2.567200e-03   3.904941e-03   -1.551826e-03   1.146839e+01 
3.445694e-01   1.708581e-02   6.936547e-03   2.567447e-03   3.905109e-03   -1.551847e-03   1.156825e+01 
3.475568e-01   1.732252e-02   6.932382e-03   2.567907e-03   3.902203e-03   -1.551708e-03   1.166840e+01 
3.505540e-01   1.756158e-02   6.926626e-03   2.567755e-03   3.899063e-03   -1.550803e-03   1.176884e+01 
3.535683e-01   1.780096e-02   6.920671e-03   2.566604e-03   3.896220e-03   -1.549772e-03   1.186957e+01 
3.565985e-01   1.804020e-02   6.915424e-03   2.563820e-03   3.892394e-03   -1.548709e-03   1.197058e+01 
3.596337e-01   1.828181e-02   6.909865e-03   2.560092e-03   3.888008e-03   -1.547067e-03   1.207188e+01 
3.626832e-01   1.852744e-02   6.902893e-03   2.555690e-03   3.884300e-03   -1.544737e-03   1.217347e+01 
3.657535e-01   1.877549e-02   6.894901e-03   2.550018e-03   3.880007e-03   -1.542128e-03   1.227534e+01 
3.688372e-01   1.902459e-02   6.885222e-03   2.543625e-03   3.873057e-03   -1.539358e-03   1.237750e+01 
3.719389e-01   1.927571e-02   6.874478e-03   2.537230e-03   3.864494e-03   -1.536096e-03   1.247993e+01 
3.750624e-01   1.952941e-02   6.863848e-03   2.530889e-03   3.855969e-03   -1.532586e-03   1.258265e+01 
3.781950e-01   1.978748e-02   6.849492e-03   2.524601e-03   3.846069e-03   -1.528978e-03   1.268565e+01 
3.813313e-01   2.004931e-02   6.829394e-03   2.518537e-03   3.834292e-03   -1.524891e-03   1.278892e+01 
3.844727e-01   2.031133e-02   6.806676e-03   2.512296e-03   3.823610e-03   -1.520533e-03   1.289248e+01 
3.876248e-01   2.057321e-02   6.782728e-03   2.504895e-03   3.813180e-03   -1.516222e-03   1.299631e+01 
3.907789e-01   2.083660e-02   6.759429e-03   2.496851e-03   3.800453e-03   -1.511965e-03   1.310042e+01 
3.939183e-01   2.109875e-02   6.735287e-03   2.487835e-03   3.786454e-03   -1.507520e-03   1.320480e+01 
3.970584e-01   2.136117e-02   6.709244e-03   2.478263e-03   3.773048e-03   -1.502939e-03   1.330946e+01 
4.002117e-01   2.162757e-02   6.680699e-03   2.468085e-03   3.760801e-03   -1.497514e-03   1.341438e+01 
4.033708e-01   2.189760e-02   6.651237e-03   2.456924e-03   3.749641e-03   -1.490577e-03   1.351959e+01 
4.065435e-01   2.216966e-02   6.625144e-03   2.444824e-03   3.738513e-03   -1.483044e-03   1.362506e+01 
4.097072e-01   2.244013e-02   6.599816e-03   2.432300e-03   3.725920e-03   -1.475804e-03   1.373080e+01 
4.128682e-01   2.271015e-02   6.570813e-03   2.420561e-03   3.711238e-03   -1.468494e-03   1.383681e+01 
4.160505e-01   2.298263e-02   6.540461e-03   2.409716e-03   3.695365e-03   -1.461246e-03   1.394309e+01 
4.192392e-01   2.325700e-02   6.509794e-03   2.398767e-03   3.678660e-03   -1.453732e-03   1.404963e+01 
4.224397e-01   2.353485e-02   6.476157e-03   2.387487e-03   3.660836e-03   -1.445573e-03   1.415644e+01 
4.256489e-01   2.381394e-02   6.439311e-03   2.375853e-03   3.640766e-03   -1.437374e-03   1.426352e+01 
4.288562e-01   2.409156e-02   6.402477e-03   2.363929e-03   3.619356e-03   -1.429305e-03   1.437086e+01 
4.320756e-01   2.437072e-02   6.363951e-03   2.351861e-03   3.599638e-03   -1.420916e-03   1.447846e+01 
4.352996e-01   2.465045e-02   6.321860e-03   2.338914e-03   3.581755e-03   -1.412437e-03   1.458633e+01 
4.385118e-01   2.492925e-02   6.278161e-03   2.325044e-03   3.563512e-03   -1.403523e-03   1.469445e+01 
4.417267e-01   2.520935e-02   6.234725e-03   2.310581e-03   3.545826e-03   -1.393918e-03   1.480284e+01 
4.449513e-01   2.549135e-02   6.190055e-03   2.295676e-03   3.527940e-03   -1.384222e-03   1.491149e+01 
4.481799e-01   2.577651e-02   6.142522e-03   2.280325e-03   3.508302e-03   -1.374132e-03   1.502039e+01 
4.513948e-01   2.606329e-02   6.093038e-03   2.265007e-03   3.485912e-03   -1.363770e-03   1.512956e+01 
4.546068e-01   2.635093e-02   6.043553e-03   2.249357e-03   3.461381e-03   -1.352745e-03   1.523898e+01 
4.578348e-01   2.664017e-02   5.995563e-03   2.232724e-03   3.434922e-03   -1.341378e-03   1.534865e+01 
4.610747e-01   2.693029e-02   5.945898e-03   2.215661e-03   3.406097e-03   -1.329980e-03   1.545858e+01 
4.643223e-01   2.722155e-02   5.894872e-03   2.198126e-03   3.376806e-03   -1.318334e-03   1.556877e+01 
4.675656e-01   2.751353e-02   5.843596e-03   2.179804e-03   3.347311e-03   -1.306415e-03   1.567921e+01 
4.708044e-01   2.780741e-02   5.790526e-03   2.160986e-03   3.317462e-03   -1.293838e-03   1.578990e+01 
4.740502e-01   2.810161e-02   5.736793e-03   2.142164e-03   3.285644e-03   -1.281408e-03   1.590084e+01 
4.773097e-01   2.839683e-02   5.680054e-03   2.123238e-03   3.250650e-03   -1.269299e-03   1.601203e+01 
4.805711e-01   2.869232e-02   5.620336e-03   2.103439e-03   3.215387e-03   -1.257197e-03   1.612348e+01 
4.838320e-01   2.898856e-02   5.558587e-03   2.083300e-03   3.181229e-03   -1.245148e-03   1.623517e+01 
4.870910e-01   2.928579e-02   5.495971e-03   2.062814e-03   3.149185e-03   -1.232626e-03   1.634711e+01 
4.903464e-01   2.958445e-02   5.433235e-03   2.042135e-03   3.118766e-03   -1.219650e-03   1.645930e+01 
4.936061e-01   2.988323e-02   5.371870e-03   2.021341e-03   3.087329e-03   -1.206894e-03   1.657173e+01 
4.968592e-01   3.018232e-02   5.310875e-03   2.000009e-03   3.052680e-03   -1.193880e-03   1.668441e+01 
5.000909e-01   3.048024e-02   5.247190e-03   1.978204e-03   3.014892e-03   -1.180911e-03   1.679734e+01 
5.032932e-01   3.077481e-02   5.182877e-03   1.956293e-03   2.975984e-03   -1.167972e-03   1.691051e+01 
5.064786e-01   3.106830e-02   5.118758e-03   1.934128e-03   2.935596e-03   -1.154860e-03   1.702392e+01 
5.096632e-01   3.136367e-02   5.054374e-03   1.912000e-03   2.893951e-03   -1.141263e-03   1.713757e+01 
5.128336e-01   3.165980e-02   4.990731e-03   1.890067e-03   2.851798e-03   -1.126976e-03   1.725147e+01 
5.159870e-01   3.195481e-02   4.927681e-03   1.867599e-03   2.810565e-03   -1.112713e-03   1.736561e+01 
5.191368e-01   3.224960e-02   4.864115e-03   1.844227e-03   2.769676e-03   -1.098040e-03   1.747999e+01 
5.222737e-01   3.254451e-02   4.797811e-03   1.820149e-03   2.727720e-03   -1.082939e-03   1.759461e+01 
5.254054e-01   3.283941e-02   4.729918e-03   1.795494e-03   2.684884e-03   -1.067693e-03   1.770946e+01 
5.285432e-01   3.313636e-02   4.661194e-03   1.770485e-03   2.641681e-03   -1.051776e-03   1.782456e+01 
5.316680e-01   3.343340e-02   4.591173e-03   1.745773e-03   2.597524e-03   -1.035730e-03   1.793989e+01 
5.347725e-01   3.372770e-02   4.522695e-03   1.721017e-03   2.551588e-03   -1.020171e-03   1.805546e+01 
5.378647e-01   3.402146e-02   4.454031e-03   1.696057e-03   2.505658e-03   -1.004473e-03   1.817126e+01 
5.409473e-01   3.431540e-02   4.384346e-03   1.670704e-03   2.460307e-03   -9.884698e-04   1.828730e+01 
5.440275e-01   3.461226e-02   4.312744e-03   1.645595e-03   2.414658e-03   -9.715709e-04   1.840357e+01 
5.470923e-01   3.491002e-02   4.240097e-03   1.620244e-03   2.369294e-03   -9.540562e-04   1.852008e+01 
5.501356e-01   3.520647e-02   4.166797e-03   1.594541e-03   2.323319e-03   -9.366444e-04   1.863682e+01 
5.531731e-01   3.550360e-02   4.090833e-03   1.568562e-03   2.277739e-03   -9.192546e-04   1.875379e+01 
5.561999e-01   3.579956e-02   4.013794e-03   1.542340e-03   2.232168e-03   -9.022024e-04   1.887100e+01 
5.592338e-01   3.609745e-02   3.936127e-03   1.516237e-03   2.187193e-03   -8.847737e-04   1.898843e+01 
5.622691e-01   3.639645e-02   3.858224e-03   1.489764e-03   2.141413e-03   -8.668836e-04   1.910610e+01 
5.652796e-01   3.669334e-02   3.780145e-03   1.462673e-03   2.093859e-03   -8.488048e-04   1.922399e+01 
5.682720e-01   3.698950e-02   3.700952e-03   1.434996e-03   2.045980e-03   -8.303803e-04   1.934211e+01 
5.712482e-01   3.728504e-02   3.621696e-03   1.407047e-03   1.997003e-03   -8.118829e-04   1.946046e+01 
5.742092e-01   3.758072e-02   3.541676e-03   1.379349e-03   1.947764e-03   -7.930846e-04   1.957903e+01 
5.771558e-01   3.787611e-02   3.460152e-03   1.351817e-03   1.899118e-03   -7.741310e-04   1.969784e+01 
5.800858e-01   3.817145e-02   3.378564e-03   1.324931e-03   1.850669e-03   -7.548889e-04   1.981687e+01 
5.829848e-01   3.846412e-02   3.298265e-03   1.298011e-03   1.801669e-03   -7.357340e-04   1.993612e+01 
5.858518e-01   3.875427e-02   3.217122e-03   1.270891e-03   1.752461e-03   -7.167229e-04   2.005560e+01 
5.887061e-01   3.904470e-02   3.135233e-03   1.243833e-03   1.703641e-03   -6.973137e-04   2.017530e+01 
5.915480e-01   3.933503e-02   3.053652e-03   1.216663e-03   1.655333e-03   -6.775281e-04   2.029523e+01 
5.943582e-01   3.962238e-02   2.972218e-03   1.188964e-03   1.607526e-03   -6.580604e-04   2.041537e+01 
5.971367e-01   3.990674e-02   2.891027e-03   1.160764e-03   1.560144e-03   -6.388097e-04   2.053574e+01 
5.998855e-01   4.019023e-02   2.809900e-03   1.132245e-03   1.512586e-03   -6.192084e-04   2.065633e+01 
6.025904e-01   4.047112e-02   2.730315e-03   1.103700e-03   1.464525e-03   -5.994273e-04   2.077714e+01 
6.052567e-01   4.074881e-02   2.651048e-03   1.075048e-03   1.416855e-03   -5.798694e-04   2.089818e+01 
6.078864e-01   4.102367e-02   2.571219e-03   1.046271e-03   1.369253e-03   -5.607526e-04   2.101942e+01 
6.104696e-01   4.129558e-02   2.490584e-03   1.017861e-03   1.320797e-03   -5.418713e-04   2.114089e+01 
6.130111e-01   4.156493e-02   2.408647e-03   9.900200e-04   1.272384e-03   -5.231250e-04   2.126258e+01 
6.155237e-01   4.183265e-02   2.325962e-03   9.622953e-04   1.223990e-03   -5.044443e-04   2.138448e+01 
6.180092e-01   4.209836e-02   2.244100e-03   9.343764e-04   1.175444e-03   -4.857232e-04   2.150660e+01 
6.204615e-01   4.236236e-02   2.162158e-03   9.064205e-04   1.127362e-03   -4.669945e-04   2.162894e+01 
6.228728e-01   4.262380e-02   2.079826e-03   8.786073e-04   1.079443e-03   -4.485024e-04   2.175149e+01 
6.252377e-01   4.288153e-02   1.998219e-03   8.511924e-04   1.031895e-03   -4.303566e-04   2.187426e+01 
6.275604e-01   4.313650e-02   1.916845e-03   8.242240e-04   9.848036e-04   -4.123091e-04   2.199724e+01 
6.298506e-01   4.338936e-02   1.834861e-03   7.975425e-04   9.377674e-04   -3.943609e-04   2.212044e+01 
6.320969e-01   4.363907e-02   1.753028e-03   7.712379e-04   8.916533e-04   -3.767716e-04   2.224384e+01 
6.342883e-01   4.388472e-02   1.671814e-03   7.454351e-04   8.470479e-04   -3.595030e-04   2.236746e+01 
6.364257e-01   4.412640e-02   1.591329e-03   7.200081e-04   8.035448e-04   -3.426000e-04   2.249130e+01 
6.385010e-01   4.436317e-02   1.511794e-03   6.948774e-04   7.605381e-04   -3.260909e-04   2.261534e+01 
6.405134e-01   4.459497e-02   1.432901e-03   6.701430e-04   7.187121e-04   -3.099245e-04   2.273959e+01 
6.424565e-01   4.482126e-02   1.355530e-03   6.457260e-04   6.789804e-04   -2.941412e-04   2.286406e+01 
6.443296e-01   4.504227e-02   1.279781e-03   6.217590e-04   6.411278e-04   -2.786476e-04   2.298873e+01 
6.461314e-01   4.525757e-02   1.205806e-03   5.982112e-04   6.046726e-04   -2.635011e-04   2.311361e+01 
6.478577e-01   4.546692e-02   1.133545e-03   5.751501e-04   5.692516e-04   -2.486520e-04   2.323870e+01 
6.495210e-01   4.567154e-02   1.063073e-03   5.526050e-04   5.349703e-04   -2.340750e-04   2.336400e+01 
6.511215e-01   4.587086e-02   9.950029e-04   5.304172e-04   5.016090e-04   -2.200461e-04   2.348951e+01 
6.526539e-01   4.606471e-02   9.289175e-04   5.086538e-04   4.695499e-04   -2.064639e-04   2.361522e+01 
6.541198e-01   4.625325e-02   8.645796e-04   4.874193e-04   4.390590e-04   -1.932802e-04   2.374114e+01 
6.555115e-01   4.643518e-02   8.025118e-04   4.666833e-04   4.100198e-04   -1.808105e-04   2.386726e+01 
6.568239e-01   4.661014e-02   7.432550e-04   4.464090e-04   3.825649e-04   -1.690035e-04   2.399359e+01 
6.580619e-01   4.677923e-02   6.863011e-04   4.265611e-04   3.563996e-04   -1.575985e-04   2.412012e+01 
6.592315e-01   4.694318e-02   6.317049e-04   4.071776e-04   3.317325e-04   -1.464275e-04   2.424686e+01 
6.603362e-01   4.710219e-02   5.800379e-04   3.882324e-04   3.086565e-04   -1.354468e-04   2.437380e+01 
6.613697e-01   4.725508e-02   5.316358e-04   3.695572e-04   2.868068e-04   -1.250147e-04   2.450094e+01 
6.623308e-01   4.740196e-02   4.859887e-04   3.513555e-04   2.661235e-04   -1.150922e-04   2.462828e+01 
6.632222e-01   4.754295e-02   4.431764e-04   3.336199e-04   2.466511e-04   -1.056501e-04   2.475583e+01 
6.640430e-01   4.767767e-02   4.036696e-04   3.163941e-04   2.278615e-04   -9.679008e-05   2.488358e+01 
6.647952e-01   4.780648e-02   3.678575e-04   2.997807e-04   2.096787e-04   -8.838356e-05   2.501153e+01 
6.654810e-01   4.792922e-02   3.353265e-04   2.837540e-04   1.924204e-04   -8.057923e-05   2.513968e+01 
6.661050e-01   4.804653e-02   3.054578e-04   2.683072e-04   1.764886e-04   -7.331733e-05   2.526803e+01 
6.666719e-01   4.815896e-02   2.780740e-04   2.534553e-04   1.615533e-04   -6.652831e-05   2.539657e+01 
6.671831e-01   4.826656e-02   2.531403e-04   2.392525e-04   1.476090e-04   -6.021988e-05   2.552532e+01 
6.676433e-01   4.836978e-02   2.301984e-04   2.257642e-04   1.346639e-04   -5.436102e-05   2.565426e+01 
6.680609e-01   4.846939e-02   2.088595e-04   2.129326e-04   1.229177e-04   -4.888837e-05   2.578340e+01 
6.684382e-01   4.856547e-02   1.893933e-04   2.006700e-04   1.121208e-04   -4.382752e-05   2.591274e+01 
6.687740e-01   4.865793e-02   1.721563e-04   1.889882e-04   1.019463e-04   -3.912324e-05   2.604228e+01 
6.690707e-01   4.874696e-02   1.567927e-04   1.778678e-04   9.256353e-05   -3.477777e-05   2.617201e+01 
6.693313e-01   4.883286e-02   1.429451e-04   1.673011e-04   8.412909e-05   -3.077640e-05   2.630193e+01 
6.695563e-01   4.891568e-02   1.307559e-04   1.572412e-04   7.653664e-05   -2.708039e-05   2.643205e+01 
6.697483e-01   4.899554e-02   1.200922e-04   1.476614e-04   6.955372e-05   -2.375494e-05   2.656237e+01 
6.699110e-01   4.907279e-02   1.106047e-04   1.386076e-04   6.318508e-05   -2.083553e-05   2.669288e+01 
6.700453e-01   4.914756e-02   1.021533e-04   1.301105e-04   5.742888e-05   -1.830787e-05   2.682358e+01 
6.701538e-01   4.922012e-02   9.456093e-05   1.221718e-04   5.226712e-05   -1.609838e-05   2.695448e+01 
6.702402e-01   4.929085e-02   8.765414e-05   1.147667e-04   4.768638e-05   -1.414192e-05   2.708556e+01 
6.703080e-01   4.935996e-02   8.147713e-05   1.078347e-04   4.357013e-05   -1.242637e-05   2.721684e+01 
6.703604e-01   4.942784e-02   7.584957e-05   1.013737e-04   3.979177e-05   -1.088507e-05   2.734832e+01 
6.703975e-01   4.949448e-02   7.072202e-05   9.536910e-05   3.631007e-05   -9.521207e-06   2.747998e+01 
6.704202e-01   4.955989e-02   6.608553e-05   8.978951e-05   3.316963e-05   -8.344619e-06   2.761184e+01 
6.704321e-01   4.962446e-02   6.177500e-05   8.461508e-05   3.036545e-05   -7.315544e-06   2.774388e+01 
6.704351e-01   4.968837e-02   5.786654e-05   7.982021e-05   2.785515e-05   -6.402492e-06   2.787611e+01 
6.704304e-01   4.975173e-02   5.435058e-05   7.537388e-05   2.561461e-05   -5.592411e-06   2.800853e+01 
6.704180e-01   4.981451e-02   5.117549e-05   7.123931e-05   2.361797e-05   -4.902435e-06   2.814114e+01 
6.703983e-01   4.987679e-02   4.828897e-05   6.738711e-05   2.185545e-05   -4.310331e-06   2.827394e+01 
6.703734e-01   4.993874e-02   4.572199e-05   6.378352e-05   2.030888e-05   -3.773549e-06   2.840693e+01 
6.703445e-01   5.000052e-02   4.341237e-05   6.043027e-05   1.893013e-05   -3.262966e-06   2.854011e+01 
6.703118e-01   5.006210e-02   4.129897e-05   5.732298e-05   1.766046e-05   -2.801896e-06   2.867347e+01 
6.702747e-01   5.012340e-02   3.932633e-05   5.443469e-05   1.650288e-05   -2.432974e-06   2.880702e+01 
6.702342e-01   5.018452e-02   3.747112e-05   5.174946e-05   1.547547e-05   -2.131766e-06   2.894075e+01 
6.701916e-01   5.024559e-02   3.576240e-05   4.925178e-05   1.455005e-05   -1.873457e-06   2.907467e+01 
6.701473e-01   5.030668e-02   3.417273e-05   4.693354e-05   1.370933e-05   -1.637120e-06   2.920877e+01 
6.701014e-01   5.036779e-02   3.270386e-05   4.478403e-05   1.293408e-05   -1.422527e-06   2.934306e+01 
6.700536e-01   5.042888e-02   3.135213e-05   4.278768e-05   1.220137e-05   -1.238632e-06   2.947754e+01 
6.700045e-01   5.049001e-02   3.008672e-05   4.092723e-05   1.152116e-05   -1.080744e-06   2.961219e+01 
6.699541e-01   5.055119e-02   2.891224e-05   3.918345e-05   1.089843e-05   -9.484906e-07   2.974703e+01 
6.699025e-01   5.061241e-02   2.781354e-05   3.754709e-05   1.033857e-05   -8.461072e-07   2.988206e+01 
6.698500e-01   5.067368e-02   2.679330e-05   3.600865e-05   9.834729e-06   -7.702101e-07   3.001726e+01 
6.697971e-01   5.073509e-02   2.583168e-05   3.456651e-05   9.362025e-06   -7.041285e-07   3.015265e+01 
6.697440e-01   5.079665e-02   2.491209e-05   3.321533e-05   8.925073e-06   -6.435232e-07   3.028822e+01 
6.696905e-01   5.085833e-02   2.404242e-05   3.194541e-05   8.522564e-06   -5.894539e-07   3.042397e+01 
6.696368e-01   5.092016e-02   2.321765e-05   3.075020e-05   8.152422e-06   -5.385593e-07   3.055990e+01 
6.695831e-01   5.098215e-02   2.243063e-05   2.962373e-05   7.810708e-06   -4.937641e-07   3.069601e+01 
6.695292e-01   5.104428e-02   2.168258e-05   2.856020e-05   7.490694e-06   -4.545708e-07   3.083231e+01 
6.694754e-01   5.110658e-02   2.097562e-05   2.755361e-05   7.192076e-06   -4.193045e-07   3.096878e+01 
6.694216e-01   5.116904e-02   2.030371e-05   2.659929e-05   6.907576e-06   -3.869978e-07   3.110543e+01 
6.693679e-01   5.123168e-02   1.966178e-05   2.569405e-05   6.633963e-06   -3.555394e-07   3.124226e+01 
6.693143e-01   5.129450e-02   1.904597e-05   2.483537e-05   6.377229e-06   -3.251266e-07   3.137926e+01 
6.692608e-01   5.135749e-02   1.845781e-05   2.401969e-05   6.138593e-06   -2.956176e-07   3.151645e+01 
6.692074e-01   5.142065e-02   1.789603e-05   2.324313e-05   5.914071e-06   -2.691047e-07   3.165381e+01 
6.691540e-01   5.148396e-02   1.735857e-05   2.250301e-05   5.700296e-06   -2.459256e-07   3.179135e+01 
6.691006e-01   5.154745e-02   1.684556e-05   2.179734e-05   5.496496e-06   -2.234649e-07   3.192907e+01 
6.690471e-01   5.161108e-02   1.635511e-05   2.112389e-05   5.302647e-06   -2.008100e-07   3.206696e+01 
6.689934e-01   5.167487e-02   1.588601e-05   2.048010e-05   5.118123e-06   -1.790262e-07   3.220503e+01 
6.689394e-01   5.173881e-02   1.543714e-05   1.986373e-05   4.942930e-06   -1.581227e-07   3.234327e+01 
6.688853e-01   5.180289e-02   1.500791e-05   1.927309e-05   4.776242e-06   -1.376114e-07   3.248169e+01 
6.688308e-01   5.186712e-02   1.459699e-05   1.870689e-05   4.616974e-06   -1.176697e-07   3.262028e+01 
6.687760e-01   5.193148e-02   1.420328e-05   1.816369e-05   4.464921e-06   -9.835859e-08   3.275905e+01 
6.687209e-01   5.199598e-02   1.382592e-05   1.764213e-05   4.319767e-06   -7.955319e-08   3.289799e+01 
6.686653e-01   5.206060e-02   1.346352e-05   1.714094e-05   4.180770e-06   -6.146563e-08   3.303710e+01 
6.686094e-01   5.212537e-02   1.311461e-05   1.665900e-05   4.047444e-06   -4.420804e-08   3.317639e+01 
6.685531e-01   5.219026e-02   1.277836e-05   1.619531e-05   3.919635e-06   -2.771126e-08   3.331585e+01 
6.684963e-01   5.225529e-02   1.245416e-05   1.574885e-05   3.797067e-06   -1.195219e-08   3.345548e+01 
6.684393e-01   5.232045e-02   1.214139e-05   1.531873e-05   3.679392e-06   3.170304e-09   3.359529e+01 
6.683818e-01   5.238574e-02   1.183954e-05   1.490411e-05   3.566337e-06   1.771131e-08   3.373526e+01 
6.683240e-01   5.245118e-02   1.154809e-05   1.450418e-05   3.457648e-06   3.169009e-08   3.387541e+01 
6.682659e-01   5.251675e-02   1.126658e-05   1.411827e-05   3.353090e-06   4.513726e-08   3.401573e+01 
6.682075e-01   5.258246e-02   1.099453e-05   1.374572e-05   3.252463e-06   5.800072e-08   3.415622e+01 
6.681488e-01   5.264830e-02   1.073151e-05   1.338593e-05   3.155595e-06   7.032112e-08   3.429688e+01 
6.680898e-01   5.271429e-02   1.047711e-05   1.303838e-05   3.062280e-06   8.211553e-08   3.443771e+01 
6.680305e-01   5.278042e-02   1.023089e-05   1.270258e-05   2.972313e-06   9.333655e-08   3.457870e+01 
6.679709e-01   5.284668e-02   9.992635e-06   1.237803e-05   2.885559e-06   1.041104e-07   3.471987e+01 
6.679110e-01   5.291309e-02   9.762108e-06   1.206426e-05   2.801903e-06   1.145742e-07   3.486121e+01 
6.678509e-01   5.297964e-02   9.538948e-06   1.176079e-05   2.721211e-06   1.247170e-07   3.500271e+01 
6.677905e-01   5.304633e-02   9.322843e-06   1.146716e-05   2.643344e-06   1.344952e-07   3.514438e+01 
6.677298e-01   5.311316e-02   9.113505e-06   1.118294e-05   2.568174e-06   1.439031e-07   3.528622e+01 
6.676689e-01   5.318013e-02   8.910663e-06   1.090776e-05   2.495584e-06   1.529606e-07   3.542822e+01 
6.676077e-01   5.324725e-02   8.714060e-06   1.064123e-05   2.425462e-06   1.616875e-07   3.557040e+01 
6.675463e-01   5.331450e-02   8.523454e-06   1.038303e-05   2.357702e-06   1.701001e-07   3.571274e+01 
6.674845e-01   5.338190e-02   8.338621e-06   1.013281e-05   2.292207e-06   1.782117e-07   3.585524e+01 
6.674226e-01   5.344944e-02   8.159342e-06   9.890272e-06   2.228883e-06   1.860328e-07   3.599791e+01 
6.673603e-01   5.351712e-02   7.985396e-06   9.655112e-06   2.167641e-06   1.935765e-07   3.614075e+01 
6.672979e-01   5.358495e-02   7.816585e-06   9.427053e-06   2.108397e-06   2.008525e-07   3.628375e+01 
6.672351e-01   5.365291e-02   7.652722e-06   9.205826e-06   2.051071e-06   2.078754e-07   3.642692e+01 
6.671721e-01   5.372102e-02   7.493627e-06   8.991172e-06   1.995587e-06   2.146547e-07   3.657025e+01 
6.671089e-01   5.378927e-02   7.339132e-06   8.782850e-06   1.941874e-06   2.212007e-07   3.671374e+01 
6.670454e-01   5.385766e-02   7.189077e-06   8.580624e-06   1.889862e-06   2.275236e-07   3.685740e+01 
6.669817e-01   5.392619e-02   7.043307e-06   8.384278e-06   1.839488e-06   2.336269e-07   3.700122e+01 
6.669177e-01   5.399486e-02   6.901668e-06   8.193591e-06   1.790687e-06   2.395153e-07   3.714521e+01 
6.668535e-01   5.406368e-02   6.764020e-06   8.008368e-06   1.743401e-06   2.451922e-07   3.728935e+01 
6.667890e-01   5.413263e-02   6.630220e-06   7.828412e-06   1.697574e-06   2.506660e-07   3.743366e+01 
6.667243e-01   5.420173e-02   6.500131e-06   7.653537e-06   1.653151e-06   2.559454e-07   3.757814e+01 
6.666593e-01   5.427097e-02   6.373630e-06   7.483573e-06   1.610081e-06   2.610388e-07   3.772277e+01 
6.665941e-01   5.434036e-02   6.250592e-06   7.318342e-06   1.568315e-06   2.659534e-07   3.786756e+01 
6.665286e-01   5.440988e-02   6.130904e-06   7.157688e-06   1.527805e-06   2.706932e-07   3.801252e+01 
6.664629e-01   5.447954e-02   6.014453e-06   7.001453e-06   1.488506e-06   2.752645e-07   3.815763e+01 
6.663969e-01   5.454935e-02   5.901130e-06   6.849486e-06   1.450376e-06   2.796759e-07   3.830291e+01 
6.663307e-01   5.461929e-02   5.790830e-06   6.701647e-06   1.413373e-06   2.839318e-07   3.844835e+01 
6.662643e-01   5.468938e-02   5.683453e-06   6.557793e-06   1.377458e-06   2.880388e-07   3.859394e+01 
6.661975e-01   5.475961e-02   5.578907e-06   6.417797e-06   1.342592e-06   2.920046e-07   3.873970e+01 
6.661306e-01   5.482998e-02   5.477095e-06   6.281526e-06   1.308740e-06   2.958337e-07   3.888561e+01 
6.660633e-01   5.490049e-02   5.377935e-06   6.148861e-06   1.275867e-06   2.995318e-07   3.903169e+01 
6.659959e-01   5.497113e-02   5.281344e-06   6.019684e-06   1.243940e-06   3.031024e-07   3.917792e+01 
6.659281e-01   5.504192e-02   5.187242e-06   5.893880e-06   1.212927e-06   3.065508e-07   3.932431e+01 
6.658601e-01   5.511285e-02   5.095555e-06   5.771343e-06   1.182797e-06   3.098780e-07   3.947086e+01 
6.657919e-01   5.518391e-02   5.006209e-06   5.651967e-06   1.153521e-06   3.130882e-07   3.961756e+01 
6.657234e-01   5.525512e-02   4.919138e-06   5.535659e-06   1.125071e-06   3.161832e-07   3.976442e+01 
6.656546e-01   5.532646e-02   4.834266e-06   5.422323e-06   1.097420e-06   3.191631e-07   3.991144e+01 
6.655856e-01   5.539794e-02   4.751527e-06   5.311867e-06   1.070542e-06   3.220301e-07   4.005862e+01 
6.655164e-01   5.546957e-02   4.670852e-06   5.204207e-06   1.044411e-06   3.247868e-07   4.020595e+01 
6.654469e-01   5.554133e-02   4.592172e-06   5.099260e-06   1.019004e-06   3.274329e-07   4.035344e+01 
6.653772e-01   5.561323e-02   4.515424e-06   4.996945e-06   9.942968e-07   3.299726e-07   4.050108e+01 
6.653072e-01   5.568527e-02   4.440552e-06   4.897184e-06   9.702679e-07   3.324101e-07   4.064888e+01 
6.652370e-01   5.575746e-02   4.367500e-06   4.799900e-06   9.468954e-07   3.347478e-07   4.079683e+01 
6.651666e-01   5.582978e-02   4.296221e-06   4.705018e-06   9.241590e-07   3.369912e-07   4.094494e+01 
6.650959e-01   5.590224e-02   4.226672e-06   4.612464e-06   9.020388e-07   3.391440e-07   4.109321e+01 
6.650250e-01   5.597485e-02   4.158809e-06   4.522166e-06   8.805152e-07   3.412117e-07   4.124162e+01 
6.649539e-01   5.604759e-02   4.092597e-06   4.434058e-06   8.595706e-07   3.431974e-07   4.139019e+01 
6.648824e-01   5.612047e-02   4.027991e-06   4.348067e-06   8.391870e-07   3.451015e-07   4.153892e+01 
6.648108e-01   5.619350e-02   3.964942e-06   4.264131e-06   8.193471e-07   3.469293e-07   4.168780e+01 
6.647389e-01   5.626666e-02   3.903407e-06   4.182189e-06   8.000349e-07   3.486807e-07   4.183683e+01 
6.646667e-01   5.633996e-02   3.843335e-06   4.102183e-06   7.812367e-07   3.503582e-07   4.198601e+01 
6.645942e-01   5.641339e-02   3.784671e-06   4.024056e-06   7.629281e-07   3.519606e-07   4.213534e+01 
6.645215e-01   5.648697e-02   3.727373e-06   3.947754e-06   7.451036e-07   3.534885e-07   4.228483e+01 
6.644485e-01   5.656068e-02   3.671395e-06   3.873230e-06   7.277465e-07   3.549448e-07   4.243447e+01 
6.643752e-01   5.663452e-02   3.616698e-06   3.800434e-06   7.108426e-07   3.563343e-07   4.258426e+01 
6.643017e-01   5.670851e-02   3.563241e-06   3.729323e-06   6.943786e-07   3.576594e-07   4.273420e+01 
6.642279e-01   5.678263e-02   3.510994e-06   3.659847e-06   6.783416e-07   3.589232e-07   4.288430e+01 
6.641538e-01   5.685688e-02   3.459931e-06   3.591963e-06   6.627188e-07   3.601250e-07   4.303454e+01 
6.640795e-01   5.693127e-02   3.410027e-06   3.525630e-06   6.474992e-07   3.612659e-07   4.318493e+01 
6.640049e-01   5.700580e-02   3.361259e-06   3.460800e-06   6.326702e-07   3.623486e-07   4.333548e+01 
6.639300e-01   5.708046e-02   3.313609e-06   3.397438e-06   6.182211e-07   3.633776e-07   4.348617e+01 
6.638548e-01   5.715526e-02   3.267050e-06   3.335499e-06   6.041411e-07   3.643544e-07   4.363702e+01 
6.637793e-01   5.723019e-02   3.221556e-06   3.274945e-06   5.904197e-07   3.652821e-07   4.378801e+01 
6.637036e-01   5.730525e-02   3.177104e-06   3.215737e-06   5.770467e-07   3.661625e-07   4.393915e+01 
6.636275e-01   5.738045e-02   3.133669e-06   3.157838e-06   5.640124e-07   3.669970e-07   4.409044e+01 
6.635512e-01   5.745578e-02   3.091223e-06   3.101210e-06   5.513073e-07   3.677881e-07   4.424188e+01 
6.634745e-01   5.753124e-02   3.049744e-06   3.045821e-06   5.389224e-07   3.685366e-07   4.439347e+01 
6.633975e-01   5.760682e-02   3.009202e-06   2.991634e-06   5.268485e-07   3.692415e-07   4.454520e+01 
6.633201e-01   5.768254e-02   2.969571e-06   2.938617e-06   5.150771e-07   3.699047e-07   4.469708e+01 
6.632424e-01   5.775839e-02   2.930821e-06   2.886737e-06   5.035998e-07   3.705239e-07   4.484911e+01 
6.631644e-01   5.783437e-02   2.892919e-06   2.835964e-06   4.924082e-07   3.710964e-07   4.500129e+01 
6.630860e-01   5.791047e-02   2.855839e-06   2.786266e-06   4.814944e-07   3.716195e-07   4.515361e+01 
6.630073e-01   5.798670e-02   2.819554e-06   2.737616e-06   4.708510e-07   3.720937e-07   4.530608e+01 
6.629283e-01   5.806307e-02   2.784024e-06   2.689984e-06   4.604700e-07   3.725145e-07   4.545870e+01 
6.628490e-01   5.813956e-02   2.749235e-06   2.643347e-06   4.503447e-07   3.728820e-07   4.561146e+01 
6.627694e-01   5.821619e-02   2.715163e-06   2.597677e-06   4.404675e-07   3.731994e-07   4.576437e+01 
6.626896e-01   5.829295e-02   2.681782e-06   2.552952e-06   4.308322e-07   3.734662e-07   4.591742e+01 
6.626095e-01   5.836985e-02   2.649081e-06   2.509149e-06   4.214320e-07   3.736880e-07   4.607062e+01 
6.625291e-01   5.844688e-02   2.617046e-06   2.466247e-06   4.122606e-07   3.738681e-07   4.622396e+01 
6.624485e-01   5.852405e-02   2.585668e-06   2.424224e-06   4.033117e-07   3.740130e-07   4.637745e+01 
6.623677e-01   5.860136e-02   2.554928e-06   2.383058e-06   3.945796e-07   3.741250e-07   4.653108e+01 
6.622866e-01   5.867881e-02   2.524821e-06   2.342733e-06   3.860584e-07   3.742104e-07   4.668486e+01 
6.622053e-01   5.875639e-02   2.495331e-06   2.303227e-06   3.777427e-07   3.742697e-07   4.683878e+01 
6.621238e-01   5.883410e-02   2.466448e-06   2.264521e-06   3.696271e-07   3.743034e-07   4.699285e+01 
6.620420e-01   5.891196e-02   2.438158e-06   2.226597e-06   3.617062e-07   3.743164e-07   4.714705e+01 
6.619600e-01   5.898994e-02   2.410443e-06   2.189435e-06   3.539750e-07   3.743035e-07   4.730140e+01 
6.618777e-01   5.906807e-02   2.383292e-06   2.153017e-06   3.464284e-07   3.742691e-07   4.745590e+01 
6.617952e-01   5.914632e-02   2.356692e-06   2.117325e-06   3.390618e-07   3.742100e-07   4.761053e+01 
6.617124e-01   5.922472e-02   2.330630e-06   2.082341e-06   3.318705e-07   3.741262e-07   4.776531e+01 
6.616294e-01   5.930324e-02   2.305089e-06   2.048051e-06   3.248498e-07   3.740201e-07   4.792023e+01 
6.615461e-01   5.938190e-02   2.280062e-06   2.014433e-06   3.179956e-07   3.738871e-07   4.807530e+01 
6.614626e-01   5.946070e-02   2.255533e-06   1.981477e-06   3.113034e-07   3.737337e-07   4.823050e+01 
6.613788e-01   5.953962e-02   2.231488e-06   1.949166e-06   3.047690e-07   3.735553e-07   4.838585e+01 
6.612948e-01   5.961868e-02   2.207920e-06   1.917479e-06   2.983886e-07   3.733503e-07   4.854133e+01 
6.612104e-01   5.969788e-02   2.184819e-06   1.886410e-06   2.921582e-07   3.731282e-07   4.869696e+01 
6.611259e-01   5.977720e-02   2.162176e-06   1.855940e-06   2.860740e-07   3.728823e-07   4.885273e+01 
6.610411e-01   5.985667e-02   2.139966e-06   1.826053e-06   2.801322e-07   3.726085e-07   4.900864e+01 
6.609560e-01   5.993626e-02   2.118193e-06   1.796746e-06   2.743294e-07   3.723204e-07   4.916469e+01 
6.608706e-01   6.001598e-02   2.096850e-06   1.767989e-06   2.686618e-07   3.720139e-07   4.932088e+01 
6.607850e-01   6.009584e-02   2.075911e-06   1.739777e-06   2.631263e-07   3.716807e-07   4.947721e+01 
6.606992e-01   6.017583e-02   2.055381e-06   1.712102e-06   2.577196e-07   3.713244e-07   4.963367e+01 
6.606131e-01   6.025595e-02   2.035242e-06   1.684952e-06   2.524382e-07   3.709534e-07   4.979028e+01 
6.605267e-01   6.033620e-02   2.015496e-06   1.658315e-06   2.472794e-07   3.705653e-07   4.994703e+01 
6.604400e-01   6.041659e-02   1.996118e-06   1.632163e-06   2.422398e-07   3.701519e-07   5.010391e+01 
6.603531e-01   6.049710e-02   1.977114e-06   1.606499e-06   2.373166e-07   3.697202e-07   5.026094e+01 
6.602659e-01   6.057775e-02   1.958467e-06   1.581314e-06   2.325070e-07   3.692686e-07   5.041810e+01 
6.601784e-01   6.065852e-02   1.940150e-06   1.556594e-06   2.278080e-07   3.687946e-07   5.057540e+01 
6.600907e-01   6.073943e-02   1.922172e-06   1.532328e-06   2.232171e-07   3.683004e-07   5.073284e+01 
6.600027e-01   6.082047e-02   1.904537e-06   1.508509e-06   2.187316e-07   3.677923e-07   5.089041e+01 
6.599144e-01   6.090164e-02   1.887274e-06   1.485125e-06   2.143488e-07   3.672793e-07   5.104812e+01 
6.598259e-01   6.098294e-02   1.870353e-06   1.462167e-06   2.100663e-07   3.667514e-07   5.120597e+01 
6.597371e-01   6.106437e-02   1.853738e-06   1.439622e-06   2.058816e-07   3.662046e-07   5.136396e+01 
6.596480e-01   6.114593e-02   1.837416e-06   1.417483e-06   2.017924e-07   3.656338e-07   5.152208e+01 
6.595587e-01   6.122762e-02   1.821370e-06   1.395740e-06   1.977964e-07   3.650423e-07   5.168035e+01 
6.594690e-01   6.130944e-02   1.805624e-06   1.374388e-06   1.938913e-07   3.644394e-07   5.183874e+01 
6.593791e-01   6.139139e-02   1.790167e-06   1.353415e-06   1.900750e-07   3.638211e-07   5.199727e+01 
6.592890e-01   6.147347e-02   1.774993e-06   1.332815e-06   1.863453e-07   3.631892e-07   5.215594e+01 
6.591985e-01   6.155567e-02   1.760107e-06   1.312580e-06   1.827000e-07   3.625433e-07   5.231474e+01 
6.591078e-01   6.163801e-02   1.745484e-06   1.292699e-06   1.791373e-07   3.618810e-07   5.247368e+01 
6.590168e-01   6.172047e-02   1.731133e-06   1.273169e-06   1.756552e-07   3.612078e-07   5.263276e+01 
6.589256e-01   6.180307e-02   1.717040e-06   1.253978e-06   1.722514e-07   3.605189e-07   5.279197e+01 
6.588340e-01   6.188579e-02   1.703195e-06   1.235122e-06   1.689248e-07   3.598155e-07   5.295131e+01 
6.587422e-01   6.196863e-02   1.689607e-06   1.216594e-06   1.656733e-07   3.590991e-07   5.311077e+01 
6.586502e-01   6.205159e-02   1.676256e-06   1.198388e-06   1.624953e-07   3.583685e-07   5.327034e+01 
6.585578e-01   6.213466e-02   1.663150e-06   1.180497e-06   1.593890e-07   3.576275e-07   5.343004e+01 
6.584652e-01   6.221786e-02   1.650280e-06   1.162913e-06   1.563527e-07   3.568734e-07   5.358985e+01 
6.583723e-01   6.230118e-02   1.637631e-06   1.145631e-06   1.533846e-07   3.561065e-07   5.374979e+01 
6.582792e-01   6.238462e-02   1.625216e-06   1.128644e-06   1.504833e-07   3.553292e-07   5.390984e+01 
6.581858e-01   6.246818e-02   1.613014e-06   1.111944e-06   1.476471e-07   3.545374e-07   5.407001e+01 
6.580921e-01   6.255186e-02   1.601026e-06   1.095528e-06   1.448744e-07   3.537353e-07   5.423030e+01 
6.579981e-01   6.263566e-02   1.589258e-06   1.079389e-06   1.421639e-07   3.529226e-07   5.439071e+01 
6.579039e-01   6.271958e-02   1.577685e-06   1.063519e-06   1.395140e-07   3.520967e-07   5.455124e+01 
6.578093e-01   6.280362e-02   1.566319e-06   1.047916e-06   1.369233e-07   3.512623e-07   5.471189e+01 
6.577146e-01   6.288778e-02   1.555154e-06   1.032572e-06   1.343904e-07   3.504158e-07   5.487266e+01 
6.576195e-01   6.297205e-02   1.544172e-06   1.017482e-06   1.319140e-07   3.495592e-07   5.503355e+01 
6.575242e-01   6.305645e-02   1.533391e-06   1.002641e-06   1.294927e-07   3.486940e-07   5.519456e+01 
6.574285e-01   6.314097e-02   1.522795e-06   9.880436e-07   1.271254e-07   3.478172e-07   5.535569e+01 
6.573327e-01   6.322560e-02   1.512370e-06   9.736869e-07   1.248106e-07   3.469333e-07   5.551693e+01 
6.572365e-01   6.331036e-02   1.502138e-06   9.595643e-07   1.225473e-07   3.460412e-07   5.567830e+01 
6.571400e-01   6.339523e-02   1.492075e-06   9.456714e-07   1.203341e-07   3.451391e-07   5.583979e+01 
6.570433e-01   6.348022e-02   1.482173e-06   9.320044e-07   1.181700e-07   3.442335e-07   5.600139e+01 
6.569463e-01   6.356534e-02   1.472455e-06   9.185588e-07   1.160538e-07   3.433187e-07   5.616312e+01 
6.568490e-01   6.365057e-02   1.462892e-06   9.053290e-07   1.139845e-07   3.423948e-07   5.632496e+01 
6.567515e-01   6.373592e-02   1.453484e-06   8.923113e-07   1.119609e-07   3.414640e-07   5.648692e+01 
6.566536e-01   6.382139e-02   1.444249e-06   8.795002e-07   1.099820e-07   3.405208e-07   5.664900e+01 
6.565555e-01   6.390697e-02   1.435160e-06   8.668913e-07   1.080469e-07   3.395606e-07   5.681121e+01 
6.564571e-01   6.399268e-02   1.426227e-06   8.544799e-07   1.061544e-07   3.385905e-07   5.697353e+01 
6.563584e-01   6.407851e-02   1.417459e-06   8.422620e-07   1.043037e-07   3.376033e-07   5.713597e+01 
6.562594e-01   6.416445e-02   1.408829e-06   8.302340e-07   1.024937e-07   3.365991e-07   5.729853e+01 
6.561602e-01   6.425051e-02   1.400353e-06   8.183934e-07   1.007235e-07   3.355881e-07   5.746121e+01 
6.560607e-01   6.433670e-02   1.392026e-06   8.067359e-07   9.899232e-08   3.345712e-07   5.762400e+01 
6.559609e-01   6.442300e-02   1.383811e-06   7.952597e-07   9.729915e-08   3.335522e-07   5.778692e+01 
6.558608e-01   6.450941e-02   1.375733e-06   7.839651e-07   9.564314e-08   3.325384e-07   5.794996e+01 
6.557604e-01   6.459595e-02   1.367787e-06   7.728442e-07   9.402346e-08   3.315254e-07   5.811312e+01 
6.556597e-01   6.468260e-02   1.359943e-06   7.618942e-07   9.243930e-08   3.305097e-07   5.827639e+01 
6.555587e-01   6.476937e-02   1.352238e-06   7.511128e-07   9.088985e-08   3.294901e-07   5.843979e+01 
6.554574e-01   6.485626e-02   1.344681e-06   7.404947e-07   8.937434e-08   3.284533e-07   5.860330e+01 
6.553559e-01   6.494327e-02   1.337224e-06   7.300352e-07   8.789203e-08   3.274043e-07   5.876694e+01 
6.552541e-01   6.503039e-02   1.329896e-06   7.197315e-07   8.644215e-08   3.263502e-07   5.893069e+01 
6.551519e-01   6.511763e-02   1.322713e-06   7.095828e-07   8.502400e-08   3.252822e-07   5.909456e+01 
6.550495e-01   6.520500e-02   1.315623e-06   6.995869e-07   8.363688e-08   3.242030e-07   5.925856e+01 
6.549468e-01   6.529248e-02   1.308637e-06   6.897418e-07   8.228007e-08   3.231276e-07   5.942267e+01 
6.548438e-01   6.538007e-02   1.301786e-06   6.800416e-07   8.095290e-08   3.220473e-07   5.958690e+01 
6.547406e-01   6.546778e-02   1.295028e-06   6.704829e-07   7.965472e-08   3.209553e-07   5.975125e+01 
6.546370e-01   6.555561e-02   1.288367e-06   6.610671e-07   7.838488e-08   3.198612e-07   5.991572e+01 
6.545331e-01   6.564356e-02   1.281845e-06   6.517924e-07   7.714275e-08   3.187615e-07   6.008031e+01 
6.544290e-01   6.573163e-02   1.275418e-06   6.426527e-07   7.592771e-08   3.176487e-07   6.024501e+01 
6.543245e-01   6.581981e-02   1.269050e-06   6.336446e-07   7.473916e-08   3.165358e-07   6.040984e+01 
6.542198e-01   6.590810e-02   1.262809e-06   6.247648e-07   7.357647e-08   3.154252e-07   6.057479e+01 
6.541147e-01   6.599652e-02   1.256702e-06   6.160101e-07   7.243911e-08   3.143017e-07   6.073986e+01 
6.540094e-01   6.608505e-02   1.250640e-06   6.073871e-07   7.132654e-08   3.131632e-07   6.090504e+01 
6.539038e-01   6.617371e-02   1.244670e-06   5.988990e-07   7.023820e-08   3.120203e-07   6.107035e+01 
6.537978e-01   6.626248e-02   1.238857e-06   5.905351e-07   6.917355e-08   3.108731e-07   6.123577e+01 
6.536916e-01   6.635136e-02   1.233110e-06   5.822755e-07   6.813210e-08   3.097240e-07   6.140132e+01 
6.535851e-01   6.644036e-02   1.227362e-06   5.741223e-07   6.711330e-08   3.085856e-07   6.156698e+01 
6.534783e-01   6.652947e-02   1.221756e-06   5.660805e-07   6.611665e-08   3.074497e-07   6.173276e+01 
6.533711e-01   6.661870e-02   1.216341e-06   5.581704e-07   6.514169e-08   3.062948e-07   6.189866e+01 
6.532637e-01   6.670805e-02   1.210964e-06   5.504048e-07   6.418799e-08   3.051149e-07   6.206469e+01 
6.531560e-01   6.679753e-02   1.205563e-06   5.427799e-07   6.325504e-08   3.039217e-07   6.223083e+01 
6.530480e-01   6.688711e-02   1.200264e-06   5.352508e-07   6.234232e-08   3.027236e-07   6.239709e+01 
6.529397e-01   6.697681e-02   1.195116e-06   5.277840e-07   6.144940e-08   3.015368e-07   6.256347e+01 
6.528310e-01   6.706662e-02   1.190025e-06   5.203650e-07   6.057595e-08   3.003732e-07   6.272996e+01 
6.527221e-01   6.715655e-02   1.185005e-06   5.130140e-07   5.972159e-08   2.992214e-07   6.289658e+01 
6.526129e-01   6.724659e-02   1.180165e-06   5.057777e-07   5.888581e-08   2.980454e-07   6.306332e+01 
6.525032e-01   6.733674e-02   1.175491e-06   4.986766e-07   5.806812e-08   2.968275e-07   6.323018e+01 
6.523933e-01   6.742700e-02   1.170806e-06   4.917164e-07   5.726811e-08   2.956062e-07   6.339715e+01 
6.522832e-01   6.751740e-02   1.165941e-06   4.848764e-07   5.648547e-08   2.944187e-07   6.356425e+01 
6.521729e-01   6.760792e-02   1.161062e-06   4.781216e-07   5.571989e-08   2.932633e-07   6.373146e+01 
6.520623e-01   6.769855e-02   1.156382e-06   4.714271e-07   5.497103e-08   2.920969e-07   6.389880e+01 
6.519512e-01   6.778930e-02   1.151899e-06   4.647837e-07   5.423849e-08   2.908796e-07   6.406625e+01 
6.518398e-01   6.788015e-02   1.147524e-06   4.582195e-07   5.352189e-08   2.896261e-07   6.423383e+01 
6.517281e-01   6.797112e-02   1.143175e-06   4.517627e-07   5.282085e-08   2.883713e-07   6.440152e+01 
6.516161e-01   6.806221e-02   1.138840e-06   4.454128e-07   5.213505e-08   2.871299e-07   6.456933e+01 
6.515038e-01   6.815341e-02   1.134560e-06   4.391518e-07   5.146417e-08   2.858971e-07   6.473726e+01 
6.513912e-01   6.824473e-02   1.130352e-06   4.329687e-07   5.080790e-08   2.846601e-07   6.490531e+01 
6.512783e-01   6.833615e-02   1.126216e-06   4.268625e-07   5.016592e-08   2.834147e-07   6.507348e+01 
6.511651e-01   6.842770e-02   1.122146e-06   4.208341e-07   4.953792e-08   2.821614e-07   6.524177e+01 
6.510516e-01   6.851937e-02   1.118137e-06   4.148879e-07   4.892360e-08   2.809049e-07   6.541018e+01 
6.509378e-01   6.861115e-02   1.114190e-06   4.090241e-07   4.832266e-08   2.796475e-07   6.557871e+01 
6.508236e-01   6.870304e-02   1.110303e-06   4.032337e-07   4.773484e-08   2.783878e-07   6.574736e+01 
6.507091e-01   6.879504e-02   1.106467e-06   3.975169e-07   4.715980e-08   2.771250e-07   6.591612e+01 
6.505944e-01   6.888716e-02   1.102684e-06   3.918758e-07   4.659737e-08   2.758600e-07   6.608501e+01 
6.504793e-01   6.897940e-02   1.098955e-06   3.863101e-07   4.604712e-08   2.745908e-07   6.625401e+01 
6.503639e-01   6.907175e-02   1.095283e-06   3.808169e-07   4.550897e-08   2.733186e-07   6.642314e+01 
6.502482e-01   6.916421e-02   1.091666e-06   3.753943e-07   4.498265e-08   2.720451e-07   6.659238e+01 
6.501321e-01   6.925679e-02   1.088102e-06   3.700404e-07   4.446764e-08   2.707678e-07   6.676175e+01 
6.500158e-01   6.934948e-02   1.084590e-06   3.647553e-07   4.396392e-08   2.694874e-07   6.693123e+01 
6.498991e-01   6.944229e-02   1.081130e-06   3.595374e-07   4.347126e-08   2.682030e-07   6.710083e+01 
6.497821e-01   6.953521e-02   1.077717e-06   3.543858e-07   4.298938e-08   2.669160e-07   6.727055e+01 
6.496649e-01   6.962825e-02   1.074352e-06   3.492989e-07   4.251805e-08   2.656255e-07   6.744040e+01 
6.495472e-01   6.972140e-02   1.071040e-06   3.442764e-07   4.205704e-08   2.643316e-07   6.761036e+01 
6.494293e-01   6.981466e-02   1.067777e-06   3.393173e-07   4.160614e-08   2.630342e-07   6.778044e+01 
6.493110e-01   6.990804e-02   1.064554e-06   3.344210e-07   4.116514e-08   2.617346e-07   6.795064e+01 
6.491925e-01   7.000153e-02   1.061367e-06   3.295871e-07   4.073381e-08   2.604346e-07   6.812095e+01 
6.490736e-01   7.009513e-02   1.058262e-06   3.248144e-07   4.031196e-08   2.591361e-07   6.829139e+01 
6.489544e-01   7.018885e-02   1.055164e-06   3.201012e-07   3.989938e-08   2.578271e-07   6.846195e+01 
6.488349e-01   7.028268e-02   1.052080e-06   3.154458e-07   3.949587e-08   2.565202e-07   6.863263e+01 
6.487150e-01   7.037663e-02   1.049086e-06   3.108477e-07   3.910123e-08   2.552060e-07   6.880342e+01 
6.485948e-01   7.047069e-02   1.046136e-06   3.063057e-07   3.871528e-08   2.538881e-07   6.897434e+01 
6.484743e-01   7.056486e-02   1.043225e-06   3.018202e-07   3.833784e-08   2.525682e-07   6.914537e+01 
6.483535e-01   7.065914e-02   1.040350e-06   2.973902e-07   3.796873e-08   2.512464e-07   6.931653e+01 
6.482324e-01   7.075354e-02   1.037513e-06   2.930147e-07   3.760778e-08   2.499226e-07   6.948780e+01 
6.481109e-01   7.084805e-02   1.034716e-06   2.886935e-07   3.725480e-08   2.485959e-07   6.965919e+01 
6.479891e-01   7.094268e-02   1.031959e-06   2.844248e-07   3.690963e-08   2.472667e-07   6.983071e+01 
6.478670e-01   7.103742e-02   1.029241e-06   2.802089e-07   3.657210e-08   2.459346e-07   7.000234e+01 
6.477445e-01   7.113227e-02   1.026560e-06   2.760443e-07   3.624205e-08   2.446000e-07   7.017409e+01 
6.476217e-01   7.122723e-02   1.023916e-06   2.719302e-07   3.591932e-08   2.432627e-07   7.034596e+01 
6.474986e-01   7.132231e-02   1.021308e-06   2.678662e-07   3.560376e-08   2.419230e-07   7.051795e+01 
6.473752e-01   7.141750e-02   1.018736e-06   2.638514e-07   3.529522e-08   2.405809e-07   7.069006e+01 
6.472514e-01   7.151280e-02   1.016200e-06   2.598853e-07   3.499354e-08   2.392360e-07   7.086229e+01 
6.471273e-01   7.160821e-02   1.013699e-06   2.559673e-07   3.469857e-08   2.378889e-07   7.103463e+01 
6.470029e-01   7.170374e-02   1.011232e-06   2.520968e-07   3.441019e-08   2.365391e-07   7.120710e+01 
6.468782e-01   7.179938e-02   1.008800e-06   2.482728e-07   3.412825e-08   2.351873e-07   7.137969e+01 
6.467531e-01   7.189513e-02   1.006402e-06   2.444950e-07   3.385261e-08   2.338332e-07   7.155239e+01 
6.466277e-01   7.199100e-02   1.004040e-06   2.407624e-07   3.358313e-08   2.324773e-07   7.172522e+01 
6.465019e-01   7.208697e-02   1.001711e-06   2.370751e-07   3.331970e-08   2.311194e-07   7.189816e+01 
6.463758e-01   7.218306e-02   9.994151e-07   2.334315e-07   3.306217e-08   2.297592e-07   7.207123e+01 
6.462494e-01   7.227926e-02   9.971499e-07   2.298319e-07   3.281044e-08   2.283969e-07   7.224441e+01 
6.461227e-01   7.237558e-02   9.949170e-07   2.262752e-07   3.256436e-08   2.270327e-07   7.241771e+01 
6.459956e-01   7.247200e-02   9.927149e-07   2.227615e-07   3.232383e-08   2.256664e-07   7.259114e+01 
6.458682e-01   7.256854e-02   9.905393e-07   2.192890e-07   3.208872e-08   2.242967e-07   7.276468e+01 
6.457405e-01   7.266519e-02   9.883915e-07   2.158581e-07   3.185893e-08   2.229247e-07   7.293834e+01 
6.456124e-01   7.276195e-02   9.862731e-07   2.124679e-07   3.163433e-08   2.215503e-07   7.311212e+01 
6.454840e-01   7.285882e-02   9.841830e-07   2.091183e-07   3.141483e-08   2.201740e-07   7.328602e+01 
6.453552e-01   7.295580e-02   9.821224e-07   2.058082e-07   3.120031e-08   2.187957e-07   7.346004e+01 
6.452261e-01   7.305290e-02   9.800913e-07   2.025379e-07   3.099066e-08   2.174155e-07   7.363418e+01 
6.450967e-01   7.315011e-02   9.780876e-07   1.993062e-07   3.078579e-08   2.160334e-07   7.380843e+01 
6.449669e-01   7.324743e-02   9.761130e-07   1.961128e-07   3.058559e-08   2.146495e-07   7.398281e+01 
6.448368e-01   7.334486e-02   9.741656e-07   1.929575e-07   3.038997e-08   2.132637e-07   7.415731e+01 
6.447063e-01   7.344240e-02   9.722427e-07   1.898394e-07   3.019882e-08   2.118752e-07   7.433192e+01 
6.445755e-01   7.354005e-02   9.703435e-07   1.867582e-07   3.001205e-08   2.104840e-07   7.450666e+01 
6.444444e-01   7.363782e-02   9.684716e-07   1.837134e-07   2.982958e-08   2.090914e-07   7.468151e+01 
6.443129e-01   7.373569e-02   9.666273e-07   1.807051e-07   2.965130e-08   2.076975e-07   7.485649e+01 
6.441811e-01   7.383368e-02   9.648078e-07   1.777320e-07   2.947714e-08   2.063016e-07   7.503158e+01 
6.440489e-01   7.393178e-02   9.630125e-07   1.747943e-07   2.930699e-08   2.049036e-07   7.520679e+01 
6.439165e-01   7.402999e-02   9.612449e-07   1.718917e-07   2.914079e-08   2.035046e-07   7.538212e+01 
6.437836e-01   7.412831e-02   9.595089e-07   1.690236e-07   2.897844e-08   2.021057e-07   7.555757e+01 
6.436504e-01   7.422674e-02   9.578033e-07   1.661902e-07   2.881987e-08   2.007070e-07   7.573315e+01 
6.435169e-01   7.432528e-02   9.561185e-07   1.633900e-07   2.866498e-08   1.993055e-07   7.590884e+01 
6.433830e-01   7.442393e-02   9.544456e-07   1.606225e-07   2.851372e-08   1.978994e-07   7.608465e+01 
6.432487e-01   7.452270e-02   9.527841e-07   1.578872e-07   2.836599e-08   1.964883e-07   7.626057e+01 
6.431142e-01   7.462157e-02   9.511412e-07   1.551841e-07   2.822173e-08   1.950738e-07   7.643662e+01 
6.429793e-01   7.472056e-02   9.495225e-07   1.525133e-07   2.808085e-08   1.936583e-07   7.661279e+01 
6.428440e-01   7.481965e-02   9.479341e-07   1.498746e-07   2.794330e-08   1.922433e-07   7.678908e+01 
6.427084e-01   7.491886e-02   9.463757e-07   1.472679e-07   2.780899e-08   1.908292e-07   7.696548e+01 
6.425724e-01   7.501817e-02   9.448410e-07   1.446922e-07   2.767787e-08   1.894138e-07   7.714201e+01 
6.424361e-01   7.511760e-02   9.433228e-07   1.421471e-07   2.754986e-08   1.879953e-07   7.731865e+01 
6.422994e-01   7.521714e-02   9.418206e-07   1.396319e-07   2.742490e-08   1.865735e-07   7.749542e+01 
6.421624e-01   7.531679e-02   9.403383e-07   1.371470e-07   2.730291e-08   1.851505e-07   7.767230e+01 
6.420251e-01   7.541655e-02   9.388789e-07   1.346919e-07   2.718384e-08   1.837265e-07   7.784930e+01 
6.418873e-01   7.551642e-02   9.374417e-07   1.322662e-07   2.706763e-08   1.823011e-07   7.802643e+01 
6.417493e-01   7.561639e-02   9.360261e-07   1.298699e-07   2.695422e-08   1.808744e-07   7.820367e+01 
6.416108e-01   7.571648e-02   9.346297e-07   1.275022e-07   2.684353e-08   1.794459e-07   7.838103e+01 
6.414721e-01   7.581668e-02   9.332489e-07   1.251629e-07   2.673554e-08   1.780150e-07   7.855851e+01 
6.413329e-01   7.591699e-02   9.318855e-07   1.228519e-07   2.663015e-08   1.765825e-07   7.873611e+01 
6.411935e-01   7.601741e-02   9.305452e-07   1.205689e-07   2.652734e-08   1.751489e-07   7.891383e+01 
6.410536e-01   7.611794e-02   9.292241e-07   1.183137e-07   2.642704e-08   1.737135e-07   7.909167e+01 
6.409134e-01   7.621858e-02   9.279197e-07   1.160858e-07   2.632920e-08   1.722764e-07   7.926963e+01 
6.407728e-01   7.631933e-02   9.266314e-07   1.138850e-07   2.623376e-08   1.708375e-07   7.944770e+01 
6.406320e-01   7.642019e-02   9.253632e-07   1.117110e-07   2.614069e-08   1.693973e-07   7.962590e+01 
6.404907e-01   7.652116e-02   9.241106e-07   1.095637e-07   2.604990e-08   1.679551e-07   7.980422e+01 
6.403491e-01   7.662223e-02   9.228743e-07   1.074428e-07   2.596139e-08   1.665114e-07   7.998265e+01 
6.402071e-01   7.672343e-02   9.216600e-07   1.053483e-07   2.587505e-08   1.650668e-07   8.016121e+01 
6.400648e-01   7.682472e-02   9.204656e-07   1.032796e-07   2.579093e-08   1.636209e-07   8.033988e+01 
6.399220e-01   7.692613e-02   9.192860e-07   1.012364e-07   2.570884e-08   1.621733e-07   8.051868e+01 
6.397790e-01   7.702765e-02   9.181201e-07   9.921864e-08   2.562904e-08   1.607242e-07   8.069759e+01 
6.396355e-01   7.712928e-02   9.169710e-07   9.722610e-08   2.555096e-08   1.592740e-07   8.087662e+01 
6.394918e-01   7.723101e-02   9.158407e-07   9.525864e-08   2.547494e-08   1.578222e-07   8.105577e+01 
6.393476e-01   7.733286e-02   9.147251e-07   9.331614e-08   2.540089e-08   1.563685e-07   8.123504e+01 
6.392032e-01   7.743482e-02   9.136259e-07   9.139866e-08   2.532876e-08   1.549129e-07   8.141443e+01 
6.390582e-01   7.753688e-02   9.125478e-07   8.950571e-08   2.525846e-08   1.534561e-07   8.159394e+01 
6.389131e-01   7.763906e-02   9.114827e-07   8.763705e-08   2.519001e-08   1.519975e-07   8.177357e+01 
6.387674e-01   7.774134e-02   9.104345e-07   8.579227e-08   2.512332e-08   1.505373e-07   8.195332e+01 
6.386215e-01   7.784373e-02   9.093971e-07   8.397095e-08   2.505838e-08   1.490744e-07   8.213319e+01 
6.384751e-01   7.794624e-02   9.083862e-07   8.217380e-08   2.499511e-08   1.476128e-07   8.231318e+01 
6.383285e-01   7.804885e-02   9.073770e-07   8.040076e-08   2.493353e-08   1.461476e-07   8.249328e+01 
6.381814e-01   7.815158e-02   9.063917e-07   7.865365e-08   2.487354e-08   1.446834e-07   8.267351e+01 
6.380341e-01   7.825441e-02   9.054091e-07   7.693307e-08   2.481518e-08   1.432141e-07   8.285385e+01 
6.378862e-01   7.835735e-02   9.044747e-07   7.524163e-08   2.475836e-08   1.417469e-07   8.303432e+01 
6.377382e-01   7.846040e-02   9.035341e-07   7.357849e-08   2.470311e-08   1.402712e-07   8.321490e+01 
6.375896e-01   7.856356e-02   9.026336e-07   7.194534e-08   2.464932e-08   1.387962e-07   8.339561e+01 
6.374408e-01   7.866683e-02   9.017292e-07   7.033824e-08   2.459703e-08   1.373136e-07   8.357643e+01 
6.372914e-01   7.877021e-02   9.008679e-07   6.875535e-08   2.454612e-08   1.358340e-07   8.375737e+01 
6.371419e-01   7.887369e-02   8.999967e-07   6.718909e-08   2.449663e-08   1.343509e-07   8.393843e+01 
6.369918e-01   7.897730e-02   8.991189e-07   6.563467e-08   2.444847e-08   1.328719e-07   8.411961e+01 
6.368416e-01   7.908100e-02   8.982501e-07   6.408370e-08   2.440168e-08   1.313962e-07   8.430091e+01 
6.366907e-01   7.918481e-02   8.973599e-07   6.253606e-08   2.435614e-08   1.299264e-07   8.448233e+01 
6.365397e-01   7.928873e-02   8.965249e-07   6.099030e-08   2.431192e-08   1.284640e-07   8.466387e+01 
6.363880e-01   7.939276e-02   8.956281e-07   5.945704e-08   2.426890e-08   1.270011e-07   8.484553e+01 
6.362362e-01   7.949689e-02   8.948041e-07   5.794290e-08   2.422715e-08   1.255404e-07   8.502731e+01 
6.360837e-01   7.960113e-02   8.939307e-07   5.646471e-08   2.418655e-08   1.240766e-07   8.520921e+01 
6.359312e-01   7.970547e-02   8.931388e-07   5.502432e-08   2.414718e-08   1.226090e-07   8.539122e+01 
6.357779e-01   7.980993e-02   8.923112e-07   5.363005e-08   2.410891e-08   1.211394e-07   8.557336e+01 
6.356246e-01   7.991449e-02   8.914660e-07   5.227009e-08   2.407184e-08   1.196543e-07   8.575561e+01 
6.354707e-01   8.001917e-02   8.906367e-07   5.094067e-08   2.403582e-08   1.181712e-07   8.593799e+01 
6.353168e-01   8.012396e-02   8.897857e-07   4.962413e-08   2.400097e-08   1.166692e-07   8.612048e+01 
6.351622e-01   8.022889e-02   8.891341e-07   4.831572e-08   2.396711e-08   1.151810e-07   8.630310e+01 
6.350077e-01   8.033392e-02   8.885426e-07   4.701004e-08   2.393434e-08   1.136886e-07   8.648583e+01 
6.348525e-01   8.043908e-02   8.881397e-07   4.570768e-08   2.390247e-08   1.122067e-07   8.666868e+01 
6.346973e-01   8.054433e-02   8.876921e-07   4.441703e-08   2.387165e-08   1.107235e-07   8.685165e+01 
6.345411e-01   8.064969e-02   8.871092e-07   4.313845e-08   2.384167e-08   1.092191e-07   8.703474e+01 
6.343849e-01   8.075513e-02   8.864184e-07   4.188414e-08   2.381271e-08   1.077159e-07   8.721795e+01 
6.342278e-01   8.086068e-02   8.855307e-07   4.065262e-08   2.378456e-08   1.061887e-07   8.740128e+01 
6.340708e-01   8.096633e-02   8.847763e-07   3.945248e-08   2.375741e-08   1.046827e-07   8.758473e+01 
6.339129e-01   8.107210e-02   8.839876e-07   3.828048e-08   2.373103e-08   1.031692e-07   8.776830e+01 
6.337553e-01   8.117797e-02   8.833339e-07   3.713334e-08   2.370561e-08   1.016633e-07   8.795199e+01 
6.335967e-01   8.128398e-02   8.827659e-07   3.600691e-08   2.368094e-08   1.001649e-07   8.813579e+01 
6.334384e-01   8.139008e-02   8.821387e-07   3.489379e-08   2.365718e-08   9.865249e-08   8.831972e+01 
6.332791e-01   8.149631e-02   8.816613e-07   3.379881e-08   2.363412e-08   9.715670e-08   8.850377e+01 
6.331200e-01   8.160262e-02   8.810211e-07   3.272039e-08   2.361194e-08   9.563767e-08   8.868793e+01 
6.329598e-01   8.170906e-02   8.804639e-07   3.166209e-08   2.359041e-08   9.412916e-08   8.887222e+01 
6.328000e-01   8.181559e-02   8.799228e-07   3.061816e-08   2.356975e-08   9.261827e-08   8.905662e+01 
6.326390e-01   8.192225e-02   8.792876e-07   2.958827e-08   2.354969e-08   9.109564e-08   8.924114e+01 
6.324784e-01   8.202901e-02   8.788468e-07   2.858161e-08   2.353048e-08   8.959484e-08   8.942579e+01 
6.323166e-01   8.213588e-02   8.782504e-07   2.759508e-08   2.351181e-08   8.806757e-08   8.961055e+01 
6.321553e-01   8.224286e-02   8.777447e-07   2.663161e-08   2.349397e-08   8.655608e-08   8.979543e+01 
6.319928e-01   8.234996e-02   8.773158e-07   2.568224e-08   2.347666e-08   8.504783e-08   8.998043e+01 
6.318307e-01   8.245713e-02   8.767072e-07   2.474678e-08   2.346016e-08   8.351414e-08   9.016555e+01 
6.316673e-01   8.256446e-02   8.763143e-07   2.383843e-08   2.344419e-08   8.201024e-08   9.035079e+01 
6.315045e-01   8.267185e-02   8.758128e-07   2.294609e-08   2.342899e-08   8.048237e-08   9.053615e+01 
6.313403e-01   8.277939e-02   8.752794e-07   2.206645e-08   2.341417e-08   7.895438e-08   9.072163e+01 
6.311768e-01   8.288702e-02   8.749617e-07   2.120441e-08   2.340006e-08   7.745286e-08   9.090722e+01 
6.310117e-01   8.299477e-02   8.744068e-07   2.036335e-08   2.338629e-08   7.591013e-08   9.109294e+01 
6.308475e-01   8.310262e-02   8.739682e-07   1.954662e-08   2.337328e-08   7.438927e-08   9.127878e+01 
6.306816e-01   8.321060e-02   8.736583e-07   1.873472e-08   2.336063e-08   7.288007e-08   9.146473e+01 
6.305166e-01   8.331865e-02   8.731082e-07   1.794119e-08   2.334870e-08   7.133055e-08   9.165081e+01 
6.303499e-01   8.342685e-02   8.727623e-07   1.718252e-08   2.333713e-08   6.981356e-08   9.183700e+01 
6.301842e-01   8.353513e-02   8.724288e-07   1.642382e-08   2.332627e-08   6.829278e-08   9.202332e+01 
6.300166e-01   8.364354e-02   8.719330e-07   1.568023e-08   2.331568e-08   6.674340e-08   9.220975e+01 
6.298502e-01   8.375205e-02   8.716679e-07   1.497180e-08   2.330582e-08   6.522790e-08   9.239630e+01 
6.296818e-01   8.386069e-02   8.713060e-07   1.427158e-08   2.329618e-08   6.369686e-08   9.258297e+01 
6.295146e-01   8.396940e-02   8.708852e-07   1.357563e-08   2.328723e-08   6.215021e-08   9.276976e+01 
6.293454e-01   8.407826e-02   8.706658e-07   1.292571e-08   2.327853e-08   6.063293e-08   9.295667e+01 
6.291774e-01   8.418719e-02   8.702463e-07   1.226862e-08   2.327048e-08   5.908929e-08   9.314370e+01 
6.290073e-01   8.429627e-02   8.698378e-07   1.162172e-08   2.326259e-08   5.754256e-08   9.333085e+01 
6.288387e-01   8.440544e-02   8.696902e-07   1.102662e-08   2.325540e-08   5.602408e-08   9.351812e+01 
6.286678e-01   8.451473e-02   8.693608e-07   1.042352e-08   2.324832e-08   5.448197e-08   9.370551e+01 
6.284984e-01   8.462410e-02   8.689692e-07   9.837861e-09   2.324187e-08   5.293347e-08   9.389302e+01 
6.283266e-01   8.473363e-02   8.688011e-07   9.294307e-09   2.323557e-08   5.140573e-08   9.408064e+01 
6.281565e-01   8.484323e-02   8.685160e-07   8.720091e-09   2.322988e-08   4.985758e-08   9.426839e+01 
6.279837e-01   8.495296e-02   8.681293e-07   8.201005e-09   2.322426e-08   4.829593e-08   9.445626e+01 
6.278130e-01   8.506279e-02   8.680448e-07   7.691716e-09   2.321930e-08   4.677206e-08   9.464424e+01 
6.276393e-01   8.517275e-02   8.677940e-07   7.181938e-09   2.321438e-08   4.521811e-08   9.483234e+01 
6.274678e-01   8.528278e-02   8.673348e-07   6.742547e-09   2.321003e-08   4.364290e-08   9.502057e+01 
6.272934e-01   8.539298e-02   8.673989e-07   6.233911e-09   2.320574e-08   4.212677e-08   9.520891e+01 
6.271212e-01   8.550325e-02   8.671592e-07   5.815823e-09   2.320207e-08   4.058396e-08   9.539737e+01 
6.269457e-01   8.561364e-02   8.666735e-07   5.375913e-09   2.319836e-08   3.899855e-08   9.558596e+01 
6.267729e-01   8.572413e-02   8.665547e-07   5.025393e-09   2.319523e-08   3.742718e-08   9.577466e+01 
6.265966e-01   8.583478e-02   8.666735e-07   4.616924e-09   2.319212e-08   3.589436e-08   9.596348e+01 
6.264230e-01   8.594548e-02   8.663568e-07   4.237700e-09   2.318956e-08   3.435902e-08   9.615242e+01 
6.262456e-01   8.605632e-02   8.659254e-07   3.812444e-09   2.318692e-08   3.279957e-08   9.634148e+01 
6.260715e-01   8.616727e-02   8.661090e-07   3.511095e-09   2.318484e-08   3.126534e-08   9.653065e+01 
6.258932e-01   8.627836e-02   8.660752e-07   3.300412e-09   2.318272e-08   2.966246e-08   9.671995e+01 
6.257183e-01   8.638949e-02   8.656370e-07   3.177585e-09   2.318113e-08   2.802920e-08   9.690937e+01 
6.255390e-01   8.650078e-02   8.653990e-07   2.784722e-09   2.317944e-08   2.643625e-08   9.709891e+01 
6.253637e-01   8.661218e-02   8.657202e-07   2.480523e-09   2.317826e-08   2.503831e-08   9.728856e+01 
6.251834e-01   8.672371e-02   8.656020e-07   2.051577e-09   2.317701e-08   2.356096e-08   9.747834e+01 
6.250071e-01   8.683528e-02   8.648072e-07   1.708444e-09   2.317621e-08   2.195272e-08   9.766823e+01 
6.248256e-01   8.694701e-02   8.643563e-07   1.541651e-09   2.317537e-08   2.036604e-08   9.785825e+01 
6.246491e-01   8.705887e-02   8.645525e-07   1.428078e-09   2.317494e-08   1.889070e-08   9.804838e+01 
6.244670e-01   8.717087e-02   8.652052e-07   1.380664e-09   2.317444e-08   1.753027e-08   9.823863e+01 
6.242898e-01   8.728292e-02   8.654474e-07   1.193487e-09   2.317427e-08   1.602906e-08   9.842900e+01 
6.241063e-01   8.739507e-02   8.650938e-07   8.920196e-10   2.317407e-08   1.434775e-08   9.861950e+01 
6.239284e-01   8.750733e-02   8.647206e-07   6.742605e-10   2.317416e-08   1.268491e-08   9.881011e+01 
6.237439e-01   8.761973e-02   8.645975e-07   5.323329e-10   2.317428e-08   1.109485e-08   9.900084e+01 
6.235655e-01   8.773222e-02   8.645819e-07   3.831938e-10   2.317458e-08   9.504015e-09   9.919169e+01 
6.233802e-01   8.784482e-02   8.645380e-07   2.508084e-10   2.317495e-08   7.903332e-09   9.938266e+01 
6.232003e-01   8.795750e-02   8.644864e-07   1.536379e-10   2.317540e-08   6.308169e-09   9.957374e+01 
6.230168e-01   8.807028e-02   8.644645e-07   8.472021e-11   2.317603e-08   4.725920e-09   9.976495e+01 
6.228275e-01   8.818316e-02   8.644752e-07   3.745738e-11   2.317651e-08   3.150607e-09   9.995628e+01 
6.226699e-01   8.829612e-02   8.644908e-07   9.367629e-12   2.317745e-08   1.575783e-09   1.001477e+02 
6.224207e-01   8.840915e-02   8.645321e-07   -1.040834e-17   2.317794e-08   -1.110223e-16   1.003393e+02 
