% The data presented here were obtained from a direct numerical simulation of a turbulent 
% boundary layer developing under a pressure gradient. All the data shown here are 
% not normalized. Please refer to the references below for rmore detailed information.
 
 
% We compute the boundary layer thickness using the method of Griffin et al. (2021). 
% The pressure-gradient parameters of beta_{ZS} and beta_i are computed as follows. 
% beta_{ZS}=(delta)/(rho U_{ZS}^2)(dp_e/dx) and beta_i = (nu/rho u_tau^3)(d p_w/dx) 
% where $delta$ is the boundary layer thickness, $U_{ZS}$ is the Zagorola-Smits velocity, 
% $p_e$ and $p_w$ are the pressure at the edge of boundary layer and wall, respectively. 
 
  
% Please check this report for rmore detailed information about the data: 
% Gungor, T. R., Gungor, A. G.., Maciel, Y. (2024). Datasets of  
% three non-equilibrium pressure gradient turbulent boundary layers.  
  
  
% Please cite this paper when referencing the data: 
% Gungor, T. R., Gungor, A. G. & Maciel, Y. (2024).  
% Turbulent boundary layer response to uniform changes of the pressure force contribution
% arXiv preprint arXiv:2402.13067 
 
  
% ========================================================================================= 
%  	 	 	************ Position 8 of DNS23 ************ 
% ========================================================================================= 

% 	 Re_tau = 2.334291e+03 
% 	 Re_theta=1.200386e+04 
% 	 utau=1.960682e-02 
% 	 U_e=6.373905e-01 
% 	 theta=5.380805e+00 
% 	 delta_star=8.599995e+00 
% 	 delta=3.401573e+01 
%  	 x_pos=7.705019e+02 
% 	 H=1.598273e+00 
% 	 C_f=1.898607e-03 
% 	 nu=2.857143e-04 
% 	 beta_RC=-2.053528e+00 
% 	 beta_i=-5.107448e-03 
% 	 beta_ZS=-1.886440e-01 
 
% ========================================================================================================== 
% 	 U   	   V   	   u2   	   v2   	   w2   	   uv   	   y        
% ========================================================================================================= 
4.465509e-03   -2.907381e-08   4.364176e-06   2.136011e-10   3.019801e-06   -4.923740e-09   3.320224e-03 
1.024154e-02   -1.531182e-07   2.280284e-05   5.520544e-09   1.516377e-05   -6.179521e-08   7.619924e-03 
1.730501e-02   -4.379663e-07   6.459841e-05   4.038430e-08   4.066709e-05   -3.105478e-07   1.288845e-02 
2.562715e-02   -9.629710e-07   1.404878e-04   1.700834e-07   8.289781e-05   -1.043602e-06   1.911534e-02 
3.516593e-02   -1.819978e-06   2.618759e-04   5.191044e-07   1.440160e-04   -2.753637e-06   2.629033e-02 
4.585508e-02   -3.111697e-06   4.390350e-04   1.277312e-06   2.247570e-04   -6.128327e-06   3.440335e-02 
5.759176e-02   -4.949170e-06   6.782646e-04   2.689908e-06   3.244868e-04   -1.195736e-05   4.344451e-02 
7.022645e-02   -7.448241e-06   9.788290e-04   5.034356e-06   4.413556e-04   -2.096150e-05   5.340409e-02 
8.355996e-02   -1.072489e-05   1.331182e-03   8.591861e-06   5.725737e-04   -3.359877e-05   6.427258e-02 
9.735058e-02   -1.488950e-05   1.717646e-03   1.362091e-05   7.147286e-04   -4.992361e-05   7.604062e-02 
1.113310e-01   -2.004109e-05   2.115526e-03   2.033721e-05   8.641214e-04   -6.954960e-05   8.869899e-02 
1.252312e-01   -2.626345e-05   2.501471e-03   2.890093e-05   1.017077e-03   -9.172177e-05   1.022387e-01 
1.388018e-01   -3.362341e-05   2.855531e-03   3.941030e-05   1.170200e-03   -1.154649e-04   1.166508e-01 
1.518333e-01   -4.217019e-05   3.163742e-03   5.189961e-05   1.320559e-03   -1.397550e-04   1.319265e-01 
1.641673e-01   -5.193524e-05   3.418873e-03   6.634052e-05   1.465784e-03   -1.636662e-04   1.480574e-01 
1.757000e-01   -6.293312e-05   3.619672e-03   8.264673e-05   1.604088e-03   -1.864673e-04   1.650351e-01 
1.863781e-01   -7.515943e-05   3.769314e-03   1.006812e-04   1.734222e-03   -2.076604e-04   1.828511e-01 
1.961907e-01   -8.858558e-05   3.873678e-03   1.202654e-04   1.855430e-03   -2.269708e-04   2.014975e-01 
2.051591e-01   -1.031612e-04   3.939854e-03   1.411921e-04   1.967384e-03   -2.443082e-04   2.209661e-01 
2.133262e-01   -1.188225e-04   3.975057e-03   1.632400e-04   2.070110e-03   -2.597178e-04   2.412492e-01 
2.207482e-01   -1.354990e-04   3.985964e-03   1.861890e-04   2.163901e-03   -2.733297e-04   2.623390e-01 
2.274877e-01   -1.531226e-04   3.978386e-03   2.098319e-04   2.249221e-03   -2.853194e-04   2.842279e-01 
2.336090e-01   -1.716375e-04   3.957155e-03   2.339804e-04   2.326617e-03   -2.958803e-04   3.069083e-01 
2.391752e-01   -1.910008e-04   3.926218e-03   2.584647e-04   2.396674e-03   -3.052033e-04   3.303730e-01 
2.442456e-01   -2.111783e-04   3.888792e-03   2.831302e-04   2.459980e-03   -3.134748e-04   3.546147e-01 
2.488749e-01   -2.321734e-04   3.847462e-03   3.078378e-04   2.517095e-03   -3.208717e-04   3.796264e-01 
2.531116e-01   -2.540332e-04   3.804243e-03   3.324706e-04   2.568532e-03   -3.275570e-04   4.054008e-01 
2.569992e-01   -2.767978e-04   3.760655e-03   3.569325e-04   2.614778e-03   -3.336784e-04   4.319312e-01 
2.605765e-01   -3.004631e-04   3.717833e-03   3.811483e-04   2.656291e-03   -3.393530e-04   4.592109e-01 
2.638780e-01   -3.249725e-04   3.676585e-03   4.050721e-04   2.693483e-03   -3.446634e-04   4.872331e-01 
2.669350e-01   -3.502484e-04   3.637501e-03   4.286808e-04   2.726747e-03   -3.496817e-04   5.159912e-01 
2.697749e-01   -3.762372e-04   3.600943e-03   4.519583e-04   2.756461e-03   -3.544776e-04   5.454788e-01 
2.724223e-01   -4.029246e-04   3.567043e-03   4.748891e-04   2.782962e-03   -3.591030e-04   5.756895e-01 
2.748991e-01   -4.303060e-04   3.535895e-03   4.974572e-04   2.806574e-03   -3.635930e-04   6.066170e-01 
2.772238e-01   -4.583894e-04   3.507560e-03   5.196496e-04   2.827597e-03   -3.679768e-04   6.382551e-01 
2.794127e-01   -4.871789e-04   3.481958e-03   5.414580e-04   2.846199e-03   -3.722793e-04   6.705979e-01 
2.814799e-01   -5.166023e-04   3.458988e-03   5.628941e-04   2.862538e-03   -3.765180e-04   7.036392e-01 
2.834373e-01   -5.466658e-04   3.438610e-03   5.839694e-04   2.876815e-03   -3.807204e-04   7.373731e-01 
2.852949e-01   -5.774918e-04   3.420663e-03   6.046862e-04   2.889101e-03   -3.849478e-04   7.717940e-01 
2.870617e-01   -6.091157e-04   3.404890e-03   6.250617e-04   2.899405e-03   -3.892416e-04   8.068960e-01 
2.887458e-01   -6.414457e-04   3.391008e-03   6.451283e-04   2.907874e-03   -3.936031e-04   8.426735e-01 
2.903548e-01   -6.743991e-04   3.378844e-03   6.649248e-04   2.914787e-03   -3.980253e-04   8.791210e-01 
2.918951e-01   -7.080382e-04   3.368469e-03   6.844992e-04   2.920317e-03   -4.025354e-04   9.162329e-01 
2.933718e-01   -7.424776e-04   3.359899e-03   7.039008e-04   2.924534e-03   -4.071787e-04   9.540039e-01 
2.947900e-01   -7.776839e-04   3.352918e-03   7.231787e-04   2.927524e-03   -4.119608e-04   9.924286e-01 
2.961547e-01   -8.135133e-04   3.347116e-03   7.423798e-04   2.929462e-03   -4.168674e-04   1.031502e+00 
2.974712e-01   -8.498809e-04   3.342184e-03   7.615345e-04   2.930656e-03   -4.218820e-04   1.071218e+00 
2.987443e-01   -8.868052e-04   3.338096e-03   7.806665e-04   2.931371e-03   -4.269875e-04   1.111573e+00 
2.999779e-01   -9.244444e-04   3.334883e-03   7.997859e-04   2.931666e-03   -4.322062e-04   1.152561e+00 
3.011738e-01   -9.629193e-04   3.332484e-03   8.188919e-04   2.931685e-03   -4.375690e-04   1.194178e+00 
3.023334e-01   -1.002290e-03   3.330912e-03   8.379743e-04   2.931619e-03   -4.430959e-04   1.236418e+00 
3.034586e-01   -1.042521e-03   3.330208e-03   8.570323e-04   2.931394e-03   -4.487931e-04   1.279276e+00 
3.045520e-01   -1.083596e-03   3.330409e-03   8.760644e-04   2.930936e-03   -4.546598e-04   1.322748e+00 
3.056147e-01   -1.125659e-03   3.331595e-03   8.950582e-04   2.930330e-03   -4.607329e-04   1.366830e+00 
3.066473e-01   -1.168668e-03   3.333608e-03   9.140152e-04   2.929601e-03   -4.670041e-04   1.411516e+00 
3.076514e-01   -1.212398e-03   3.336066e-03   9.329642e-04   2.928565e-03   -4.734104e-04   1.456801e+00 
3.086290e-01   -1.256787e-03   3.338827e-03   9.519296e-04   2.926979e-03   -4.799212e-04   1.502683e+00 
3.095819e-01   -1.301967e-03   3.342047e-03   9.709399e-04   2.924755e-03   -4.865707e-04   1.549156e+00 
3.105121e-01   -1.348010e-03   3.345924e-03   9.900280e-04   2.922061e-03   -4.933906e-04   1.596215e+00 
3.114219e-01   -1.394806e-03   3.350550e-03   1.009186e-03   2.919110e-03   -5.003519e-04   1.643857e+00 
3.123133e-01   -1.442150e-03   3.355873e-03   1.028400e-03   2.916074e-03   -5.073983e-04   1.692076e+00 
3.131885e-01   -1.489940e-03   3.361754e-03   1.047666e-03   2.913246e-03   -5.145164e-04   1.740870e+00 
3.140491e-01   -1.538204e-03   3.368082e-03   1.066990e-03   2.910823e-03   -5.217465e-04   1.790234e+00 
3.148965e-01   -1.587064e-03   3.374795e-03   1.086375e-03   2.908790e-03   -5.291373e-04   1.840163e+00 
3.157324e-01   -1.636479e-03   3.381834e-03   1.105822e-03   2.907026e-03   -5.366677e-04   1.890654e+00 
3.165577e-01   -1.686244e-03   3.389291e-03   1.125316e-03   2.905360e-03   -5.442614e-04   1.941702e+00 
3.173716e-01   -1.736294e-03   3.397138e-03   1.144862e-03   2.903528e-03   -5.519072e-04   1.993305e+00 
3.181729e-01   -1.786901e-03   3.405200e-03   1.164466e-03   2.901526e-03   -5.596981e-04   2.045457e+00 
3.189603e-01   -1.838109e-03   3.413180e-03   1.184122e-03   2.899528e-03   -5.676133e-04   2.098155e+00 
3.197330e-01   -1.889650e-03   3.420889e-03   1.203814e-03   2.897686e-03   -5.755409e-04   2.151396e+00 
3.204924e-01   -1.941515e-03   3.428298e-03   1.223533e-03   2.896227e-03   -5.835011e-04   2.205175e+00 
3.212420e-01   -1.993792e-03   3.435556e-03   1.243315e-03   2.895173e-03   -5.915436e-04   2.259489e+00 
3.219834e-01   -2.046493e-03   3.442924e-03   1.263163e-03   2.894461e-03   -5.996870e-04   2.314335e+00 
3.227148e-01   -2.099811e-03   3.450489e-03   1.283030e-03   2.894190e-03   -6.079627e-04   2.369707e+00 
3.234366e-01   -2.153874e-03   3.458346e-03   1.302919e-03   2.894499e-03   -6.163886e-04   2.425604e+00 
3.241514e-01   -2.208642e-03   3.466497e-03   1.322827e-03   2.895476e-03   -6.249707e-04   2.482022e+00 
3.248595e-01   -2.264047e-03   3.475151e-03   1.342749e-03   2.896979e-03   -6.337176e-04   2.538956e+00 
3.255601e-01   -2.319960e-03   3.484458e-03   1.362695e-03   2.898656e-03   -6.426096e-04   2.596404e+00 
3.262517e-01   -2.376317e-03   3.494332e-03   1.382635e-03   2.900264e-03   -6.516092e-04   2.654363e+00 
3.269337e-01   -2.433255e-03   3.504753e-03   1.402539e-03   2.901877e-03   -6.607652e-04   2.712828e+00 
3.276060e-01   -2.490747e-03   3.515742e-03   1.422365e-03   2.903682e-03   -6.700867e-04   2.771797e+00 
3.282692e-01   -2.548582e-03   3.527094e-03   1.442099e-03   2.905630e-03   -6.794694e-04   2.831267e+00 
3.289251e-01   -2.606959e-03   3.538548e-03   1.461798e-03   2.907793e-03   -6.889594e-04   2.891233e+00 
3.295754e-01   -2.666080e-03   3.550095e-03   1.481572e-03   2.910246e-03   -6.986944e-04   2.951694e+00 
3.302205e-01   -2.726283e-03   3.561853e-03   1.501469e-03   2.912634e-03   -7.088192e-04   3.012645e+00 
3.308623e-01   -2.787816e-03   3.573881e-03   1.521507e-03   2.914602e-03   -7.193501e-04   3.074084e+00 
3.315032e-01   -2.850426e-03   3.586379e-03   1.541683e-03   2.916344e-03   -7.301583e-04   3.136008e+00 
3.321424e-01   -2.913775e-03   3.599332e-03   1.561908e-03   2.918046e-03   -7.411287e-04   3.198414e+00 
3.327783e-01   -2.977617e-03   3.612614e-03   1.582091e-03   2.919792e-03   -7.521763e-04   3.261298e+00 
3.334098e-01   -3.041803e-03   3.626248e-03   1.602201e-03   2.921563e-03   -7.632799e-04   3.324657e+00 
3.340366e-01   -3.106273e-03   3.640147e-03   1.622267e-03   2.923280e-03   -7.744320e-04   3.388490e+00 
3.346595e-01   -3.170985e-03   3.654117e-03   1.642380e-03   2.924988e-03   -7.856034e-04   3.452792e+00 
3.352791e-01   -3.236086e-03   3.668053e-03   1.662600e-03   2.926848e-03   -7.968154e-04   3.517561e+00 
3.358976e-01   -3.301592e-03   3.682034e-03   1.682957e-03   2.928770e-03   -8.080787e-04   3.582794e+00 
3.365159e-01   -3.367440e-03   3.696176e-03   1.703359e-03   2.930565e-03   -8.194322e-04   3.648489e+00 
3.371318e-01   -3.433894e-03   3.710525e-03   1.723698e-03   2.932469e-03   -8.309435e-04   3.714642e+00 
3.377456e-01   -3.501260e-03   3.724828e-03   1.743994e-03   2.934721e-03   -8.426436e-04   3.781251e+00 
3.383597e-01   -3.569267e-03   3.738799e-03   1.764271e-03   2.937524e-03   -8.544695e-04   3.848313e+00 
3.389749e-01   -3.637517e-03   3.752715e-03   1.784435e-03   2.941045e-03   -8.663187e-04   3.915826e+00 
3.395906e-01   -3.706099e-03   3.766942e-03   1.804404e-03   2.945048e-03   -8.781886e-04   3.983786e+00 
3.402055e-01   -3.774919e-03   3.781369e-03   1.824159e-03   2.949435e-03   -8.899740e-04   4.052192e+00 
3.408208e-01   -3.843824e-03   3.796051e-03   1.843724e-03   2.954258e-03   -9.016202e-04   4.121039e+00 
3.414381e-01   -3.912743e-03   3.810978e-03   1.863084e-03   2.959272e-03   -9.131800e-04   4.190328e+00 
3.420570e-01   -3.981506e-03   3.826061e-03   1.882241e-03   2.964592e-03   -9.246520e-04   4.260053e+00 
3.426802e-01   -4.050342e-03   3.841802e-03   1.901335e-03   2.970487e-03   -9.361459e-04   4.330214e+00 
3.433098e-01   -4.119869e-03   3.858780e-03   1.920490e-03   2.977010e-03   -9.478417e-04   4.400807e+00 
3.439446e-01   -4.190052e-03   3.876716e-03   1.939706e-03   2.984058e-03   -9.596928e-04   4.471830e+00 
3.445821e-01   -4.260716e-03   3.895210e-03   1.958915e-03   2.991925e-03   -9.716337e-04   4.543280e+00 
3.452197e-01   -4.331639e-03   3.913984e-03   1.978110e-03   3.000542e-03   -9.836343e-04   4.615156e+00 
3.458570e-01   -4.402770e-03   3.932626e-03   1.997415e-03   3.008969e-03   -9.956483e-04   4.687455e+00 
3.464960e-01   -4.474240e-03   3.950774e-03   2.016851e-03   3.016702e-03   -1.007696e-03   4.760174e+00 
3.471414e-01   -4.546204e-03   3.968320e-03   2.036348e-03   3.023957e-03   -1.019834e-03   4.833312e+00 
3.477957e-01   -4.618958e-03   3.985634e-03   2.055786e-03   3.031182e-03   -1.032235e-03   4.906865e+00 
3.484568e-01   -4.692337e-03   4.003056e-03   2.074953e-03   3.038772e-03   -1.044859e-03   4.980832e+00 
3.491235e-01   -4.766196e-03   4.020781e-03   2.093742e-03   3.047056e-03   -1.057576e-03   5.055210e+00 
3.497961e-01   -4.840332e-03   4.039185e-03   2.112188e-03   3.056031e-03   -1.070303e-03   5.129997e+00 
3.504759e-01   -4.915048e-03   4.058624e-03   2.130455e-03   3.065682e-03   -1.083071e-03   5.205191e+00 
3.511647e-01   -4.990966e-03   4.079577e-03   2.148702e-03   3.075487e-03   -1.096091e-03   5.280790e+00 
3.518609e-01   -5.068145e-03   4.101552e-03   2.167019e-03   3.084539e-03   -1.109475e-03   5.356792e+00 
3.525608e-01   -5.146230e-03   4.124357e-03   2.185340e-03   3.093216e-03   -1.123152e-03   5.433193e+00 
3.532623e-01   -5.224640e-03   4.147877e-03   2.203553e-03   3.102189e-03   -1.136929e-03   5.509994e+00 
3.539628e-01   -5.303122e-03   4.171543e-03   2.221652e-03   3.111256e-03   -1.150761e-03   5.587190e+00 
3.546578e-01   -5.381638e-03   4.195282e-03   2.239649e-03   3.120354e-03   -1.164613e-03   5.664780e+00 
3.553470e-01   -5.459953e-03   4.219011e-03   2.257551e-03   3.129483e-03   -1.178361e-03   5.742763e+00 
3.560336e-01   -5.538528e-03   4.242869e-03   2.275389e-03   3.138376e-03   -1.192111e-03   5.821135e+00 
3.567194e-01   -5.617953e-03   4.266733e-03   2.293154e-03   3.147161e-03   -1.206022e-03   5.899895e+00 
3.574032e-01   -5.697950e-03   4.289910e-03   2.310815e-03   3.156129e-03   -1.220023e-03   5.979042e+00 
3.580853e-01   -5.777935e-03   4.312290e-03   2.328324e-03   3.165363e-03   -1.233918e-03   6.058572e+00 
3.587687e-01   -5.857571e-03   4.333815e-03   2.345674e-03   3.174924e-03   -1.247559e-03   6.138485e+00 
3.594553e-01   -5.936766e-03   4.354711e-03   2.362910e-03   3.184689e-03   -1.260826e-03   6.218778e+00 
3.601452e-01   -6.015384e-03   4.375517e-03   2.380123e-03   3.193737e-03   -1.273697e-03   6.299449e+00 
3.608420e-01   -6.094085e-03   4.396677e-03   2.397352e-03   3.201596e-03   -1.286439e-03   6.380496e+00 
3.615525e-01   -6.173640e-03   4.418370e-03   2.414606e-03   3.208941e-03   -1.299349e-03   6.461918e+00 
3.622744e-01   -6.253779e-03   4.440858e-03   2.431661e-03   3.216115e-03   -1.312411e-03   6.543712e+00 
3.629997e-01   -6.333593e-03   4.463575e-03   2.448367e-03   3.223475e-03   -1.325240e-03   6.625877e+00 
3.637261e-01   -6.412704e-03   4.485884e-03   2.464778e-03   3.231097e-03   -1.337650e-03   6.708411e+00 
3.644559e-01   -6.491609e-03   4.507961e-03   2.481011e-03   3.238920e-03   -1.349834e-03   6.791312e+00 
3.651900e-01   -6.570769e-03   4.530464e-03   2.497169e-03   3.247296e-03   -1.361915e-03   6.874579e+00 
3.659262e-01   -6.650466e-03   4.554114e-03   2.513385e-03   3.256167e-03   -1.374143e-03   6.958208e+00 
3.666632e-01   -6.730310e-03   4.578608e-03   2.529579e-03   3.265132e-03   -1.386498e-03   7.042200e+00 
3.674024e-01   -6.809856e-03   4.603243e-03   2.545525e-03   3.274061e-03   -1.398750e-03   7.126552e+00 
3.681456e-01   -6.889530e-03   4.628238e-03   2.561284e-03   3.283364e-03   -1.411049e-03   7.211262e+00 
3.688925e-01   -6.969348e-03   4.653087e-03   2.576959e-03   3.293824e-03   -1.423270e-03   7.296328e+00 
3.696440e-01   -7.049022e-03   4.677406e-03   2.592439e-03   3.305283e-03   -1.435127e-03   7.381750e+00 
3.704073e-01   -7.128689e-03   4.702234e-03   2.607608e-03   3.316791e-03   -1.446751e-03   7.467524e+00 
3.711782e-01   -7.208363e-03   4.727371e-03   2.622389e-03   3.327797e-03   -1.458305e-03   7.553650e+00 
3.719532e-01   -7.288356e-03   4.752322e-03   2.636755e-03   3.338148e-03   -1.469898e-03   7.640126e+00 
3.727394e-01   -7.368813e-03   4.777040e-03   2.650775e-03   3.348706e-03   -1.481611e-03   7.726950e+00 
3.735364e-01   -7.449633e-03   4.801284e-03   2.664446e-03   3.359863e-03   -1.493394e-03   7.814121e+00 
3.743422e-01   -7.531085e-03   4.825515e-03   2.677865e-03   3.371601e-03   -1.505360e-03   7.901637e+00 
3.751564e-01   -7.612763e-03   4.850379e-03   2.690998e-03   3.383549e-03   -1.517416e-03   7.989497e+00 
3.759748e-01   -7.694178e-03   4.875627e-03   2.703829e-03   3.395536e-03   -1.529360e-03   8.077698e+00 
3.767974e-01   -7.776248e-03   4.901260e-03   2.716368e-03   3.407737e-03   -1.541314e-03   8.166239e+00 
3.776294e-01   -7.859021e-03   4.927147e-03   2.728840e-03   3.420210e-03   -1.553274e-03   8.255120e+00 
3.784694e-01   -7.941844e-03   4.953223e-03   2.741506e-03   3.432982e-03   -1.565129e-03   8.344337e+00 
3.793168e-01   -8.023993e-03   4.978847e-03   2.754316e-03   3.446147e-03   -1.576820e-03   8.433891e+00 
3.801702e-01   -8.104729e-03   5.003179e-03   2.767014e-03   3.459954e-03   -1.588143e-03   8.523778e+00 
3.810236e-01   -8.184505e-03   5.026593e-03   2.779254e-03   3.474450e-03   -1.599164e-03   8.613998e+00 
3.818769e-01   -8.263567e-03   5.050091e-03   2.791022e-03   3.489241e-03   -1.609927e-03   8.704549e+00 
3.827335e-01   -8.341249e-03   5.074236e-03   2.802422e-03   3.503806e-03   -1.620110e-03   8.795430e+00 
3.835972e-01   -8.418238e-03   5.098583e-03   2.813441e-03   3.516926e-03   -1.629755e-03   8.886640e+00 
3.844681e-01   -8.494932e-03   5.122218e-03   2.824255e-03   3.528855e-03   -1.639086e-03   8.978176e+00 
3.853517e-01   -8.572145e-03   5.144837e-03   2.834904e-03   3.540324e-03   -1.648411e-03   9.070038e+00 
3.862603e-01   -8.650200e-03   5.166877e-03   2.845524e-03   3.551097e-03   -1.657868e-03   9.162223e+00 
3.871866e-01   -8.728396e-03   5.188790e-03   2.856085e-03   3.561192e-03   -1.667286e-03   9.254732e+00 
3.881169e-01   -8.807107e-03   5.210880e-03   2.866372e-03   3.571074e-03   -1.676905e-03   9.347561e+00 
3.890491e-01   -8.885545e-03   5.231706e-03   2.876214e-03   3.581770e-03   -1.686365e-03   9.440710e+00 
3.899836e-01   -8.963887e-03   5.250952e-03   2.885775e-03   3.593010e-03   -1.695598e-03   9.534178e+00 
3.909223e-01   -9.043091e-03   5.270836e-03   2.895354e-03   3.603622e-03   -1.705114e-03   9.627963e+00 
3.918682e-01   -9.123252e-03   5.292580e-03   2.904915e-03   3.614290e-03   -1.714885e-03   9.722064e+00 
3.928220e-01   -9.203512e-03   5.315607e-03   2.914239e-03   3.625747e-03   -1.724684e-03   9.816478e+00 
3.937853e-01   -9.283845e-03   5.338997e-03   2.923476e-03   3.637610e-03   -1.734384e-03   9.911206e+00 
3.947578e-01   -9.364859e-03   5.362292e-03   2.932551e-03   3.650128e-03   -1.744067e-03   1.000625e+01 
3.957311e-01   -9.446329e-03   5.386172e-03   2.941342e-03   3.663445e-03   -1.753718e-03   1.010160e+01 
3.967018e-01   -9.527758e-03   5.410544e-03   2.949999e-03   3.677242e-03   -1.763292e-03   1.019726e+01 
3.976777e-01   -9.610201e-03   5.435570e-03   2.958707e-03   3.691352e-03   -1.773133e-03   1.029322e+01 
3.986653e-01   -9.694235e-03   5.460761e-03   2.967523e-03   3.705128e-03   -1.783325e-03   1.038950e+01 
3.996707e-01   -9.778284e-03   5.484242e-03   2.976320e-03   3.719156e-03   -1.793372e-03   1.048608e+01 
4.007000e-01   -9.861644e-03   5.504959e-03   2.985245e-03   3.733638e-03   -1.803066e-03   1.058296e+01 
4.017473e-01   -9.943880e-03   5.523351e-03   2.994107e-03   3.748127e-03   -1.812192e-03   1.068015e+01 
4.028047e-01   -1.002520e-02   5.540652e-03   3.002909e-03   3.762180e-03   -1.820836e-03   1.077763e+01 
4.038703e-01   -1.010683e-02   5.557016e-03   3.011736e-03   3.775675e-03   -1.829455e-03   1.087542e+01 
4.049411e-01   -1.018860e-02   5.572493e-03   3.020429e-03   3.789552e-03   -1.837877e-03   1.097351e+01 
4.060181e-01   -1.027061e-02   5.587522e-03   3.028927e-03   3.803420e-03   -1.845909e-03   1.107190e+01 
4.071039e-01   -1.035277e-02   5.602457e-03   3.037409e-03   3.816451e-03   -1.853836e-03   1.117058e+01 
4.082025e-01   -1.043449e-02   5.617491e-03   3.045912e-03   3.828844e-03   -1.861591e-03   1.126955e+01 
4.093138e-01   -1.051653e-02   5.633280e-03   3.054295e-03   3.839831e-03   -1.869349e-03   1.136883e+01 
4.104372e-01   -1.059901e-02   5.648427e-03   3.062499e-03   3.848973e-03   -1.877059e-03   1.146839e+01 
4.115720e-01   -1.068167e-02   5.662579e-03   3.070242e-03   3.857028e-03   -1.884713e-03   1.156825e+01 
4.127102e-01   -1.076395e-02   5.676611e-03   3.077433e-03   3.863936e-03   -1.892283e-03   1.166840e+01 
4.138516e-01   -1.084548e-02   5.689284e-03   3.084381e-03   3.870012e-03   -1.899624e-03   1.176884e+01 
4.149997e-01   -1.092670e-02   5.701282e-03   3.091042e-03   3.876193e-03   -1.906850e-03   1.186957e+01 
4.161547e-01   -1.100812e-02   5.713356e-03   3.097243e-03   3.882729e-03   -1.913987e-03   1.197058e+01 
4.173169e-01   -1.109092e-02   5.726669e-03   3.102888e-03   3.889278e-03   -1.921419e-03   1.207188e+01 
4.184895e-01   -1.117470e-02   5.740785e-03   3.107987e-03   3.895503e-03   -1.928831e-03   1.217347e+01 
4.196771e-01   -1.125918e-02   5.754114e-03   3.112686e-03   3.901899e-03   -1.936327e-03   1.227534e+01 
4.208772e-01   -1.134341e-02   5.765956e-03   3.117079e-03   3.909211e-03   -1.943730e-03   1.237750e+01 
4.220863e-01   -1.142678e-02   5.776551e-03   3.120968e-03   3.916447e-03   -1.950544e-03   1.247993e+01 
4.233087e-01   -1.150960e-02   5.787660e-03   3.124692e-03   3.923016e-03   -1.956984e-03   1.258265e+01 
4.245485e-01   -1.159150e-02   5.799450e-03   3.128366e-03   3.929079e-03   -1.962916e-03   1.268565e+01 
4.257999e-01   -1.167240e-02   5.810247e-03   3.132079e-03   3.933843e-03   -1.968218e-03   1.278892e+01 
4.270579e-01   -1.175239e-02   5.819840e-03   3.135735e-03   3.937814e-03   -1.972964e-03   1.289248e+01 
4.283217e-01   -1.183280e-02   5.829385e-03   3.138741e-03   3.942201e-03   -1.977665e-03   1.299631e+01 
4.295878e-01   -1.191297e-02   5.838069e-03   3.140906e-03   3.946306e-03   -1.982191e-03   1.310042e+01 
4.308523e-01   -1.199152e-02   5.844826e-03   3.142452e-03   3.949339e-03   -1.986236e-03   1.320480e+01 
4.321200e-01   -1.206952e-02   5.850837e-03   3.143449e-03   3.952583e-03   -1.989984e-03   1.330946e+01 
4.334010e-01   -1.214723e-02   5.856232e-03   3.144031e-03   3.956913e-03   -1.993585e-03   1.341438e+01 
4.346911e-01   -1.222549e-02   5.860702e-03   3.144504e-03   3.961676e-03   -1.997403e-03   1.351959e+01 
4.359840e-01   -1.230458e-02   5.865395e-03   3.145272e-03   3.964963e-03   -2.001589e-03   1.362506e+01 
4.372813e-01   -1.238326e-02   5.869700e-03   3.146270e-03   3.967707e-03   -2.005735e-03   1.373080e+01 
4.385861e-01   -1.246183e-02   5.873413e-03   3.146996e-03   3.971086e-03   -2.009720e-03   1.383681e+01 
4.398947e-01   -1.254012e-02   5.876994e-03   3.147325e-03   3.973790e-03   -2.013499e-03   1.394309e+01 
4.411930e-01   -1.261813e-02   5.880272e-03   3.147284e-03   3.975069e-03   -2.017145e-03   1.404963e+01 
4.424807e-01   -1.269558e-02   5.883977e-03   3.147157e-03   3.975787e-03   -2.020521e-03   1.415644e+01 
4.437606e-01   -1.277259e-02   5.887280e-03   3.146965e-03   3.976662e-03   -2.023569e-03   1.426352e+01 
4.450330e-01   -1.284935e-02   5.890615e-03   3.146515e-03   3.977122e-03   -2.026295e-03   1.437086e+01 
4.463125e-01   -1.292561e-02   5.894043e-03   3.146129e-03   3.976587e-03   -2.028668e-03   1.447846e+01 
4.476008e-01   -1.300261e-02   5.895949e-03   3.145754e-03   3.975605e-03   -2.031114e-03   1.458633e+01 
4.489074e-01   -1.308031e-02   5.896393e-03   3.145390e-03   3.973624e-03   -2.033353e-03   1.469445e+01 
4.502349e-01   -1.315780e-02   5.896733e-03   3.144861e-03   3.970186e-03   -2.035133e-03   1.480284e+01 
4.515732e-01   -1.323515e-02   5.897968e-03   3.143834e-03   3.964857e-03   -2.036631e-03   1.491149e+01 
4.529224e-01   -1.331250e-02   5.899254e-03   3.142707e-03   3.958781e-03   -2.038167e-03   1.502039e+01 
4.542726e-01   -1.338824e-02   5.898999e-03   3.141281e-03   3.952820e-03   -2.039134e-03   1.512956e+01 
4.556268e-01   -1.346297e-02   5.897991e-03   3.139717e-03   3.946170e-03   -2.039707e-03   1.523898e+01 
4.569831e-01   -1.353767e-02   5.897281e-03   3.138324e-03   3.938817e-03   -2.040272e-03   1.534865e+01 
4.583416e-01   -1.361162e-02   5.896531e-03   3.136747e-03   3.931648e-03   -2.040155e-03   1.545858e+01 
4.597093e-01   -1.368588e-02   5.895415e-03   3.134996e-03   3.925336e-03   -2.040186e-03   1.556877e+01 
4.610774e-01   -1.375999e-02   5.894759e-03   3.133031e-03   3.917917e-03   -2.040356e-03   1.567921e+01 
4.624436e-01   -1.383359e-02   5.893727e-03   3.131085e-03   3.908296e-03   -2.040269e-03   1.578990e+01 
4.638099e-01   -1.390780e-02   5.891701e-03   3.129223e-03   3.896903e-03   -2.040106e-03   1.590084e+01 
4.651803e-01   -1.398182e-02   5.887572e-03   3.127158e-03   3.884759e-03   -2.039807e-03   1.601203e+01 
4.665702e-01   -1.405464e-02   5.880713e-03   3.124718e-03   3.873307e-03   -2.038856e-03   1.612348e+01 
4.679708e-01   -1.412733e-02   5.871700e-03   3.121556e-03   3.861559e-03   -2.037532e-03   1.623517e+01 
4.693673e-01   -1.420063e-02   5.861948e-03   3.117498e-03   3.849097e-03   -2.036204e-03   1.634711e+01 
4.707672e-01   -1.427319e-02   5.852566e-03   3.112340e-03   3.836714e-03   -2.034344e-03   1.645930e+01 
4.721754e-01   -1.434665e-02   5.844929e-03   3.105978e-03   3.823112e-03   -2.032446e-03   1.657173e+01 
4.735934e-01   -1.442056e-02   5.836286e-03   3.099019e-03   3.808643e-03   -2.030707e-03   1.668441e+01 
4.750181e-01   -1.449372e-02   5.827016e-03   3.091587e-03   3.793311e-03   -2.028907e-03   1.679734e+01 
4.764517e-01   -1.456570e-02   5.818110e-03   3.083725e-03   3.776098e-03   -2.026670e-03   1.691051e+01 
4.778982e-01   -1.463688e-02   5.807472e-03   3.075637e-03   3.758633e-03   -2.023954e-03   1.702392e+01 
4.793528e-01   -1.470867e-02   5.795866e-03   3.067136e-03   3.742641e-03   -2.021235e-03   1.713757e+01 
4.808108e-01   -1.478068e-02   5.785165e-03   3.058669e-03   3.727742e-03   -2.018525e-03   1.725147e+01 
4.822726e-01   -1.485227e-02   5.774879e-03   3.049897e-03   3.713085e-03   -2.015537e-03   1.736561e+01 
4.837368e-01   -1.492468e-02   5.764302e-03   3.040426e-03   3.698382e-03   -2.012701e-03   1.747999e+01 
4.851998e-01   -1.499808e-02   5.752855e-03   3.030313e-03   3.682947e-03   -2.010159e-03   1.759461e+01 
4.866615e-01   -1.506987e-02   5.740061e-03   3.019937e-03   3.664810e-03   -2.006854e-03   1.770946e+01 
4.881112e-01   -1.514088e-02   5.727056e-03   3.009715e-03   3.644051e-03   -2.003138e-03   1.782456e+01 
4.895510e-01   -1.521187e-02   5.714413e-03   2.999683e-03   3.623419e-03   -1.999218e-03   1.793989e+01 
4.909903e-01   -1.528253e-02   5.700202e-03   2.989781e-03   3.602943e-03   -1.995068e-03   1.805546e+01 
4.924324e-01   -1.535366e-02   5.687370e-03   2.979833e-03   3.583248e-03   -1.990974e-03   1.817126e+01 
4.938757e-01   -1.542502e-02   5.675956e-03   2.969555e-03   3.563980e-03   -1.986806e-03   1.828730e+01 
4.953209e-01   -1.549641e-02   5.663971e-03   2.958965e-03   3.544016e-03   -1.982239e-03   1.840357e+01 
4.967799e-01   -1.556662e-02   5.649998e-03   2.948315e-03   3.524834e-03   -1.977058e-03   1.852008e+01 
4.982442e-01   -1.563563e-02   5.634137e-03   2.937598e-03   3.505542e-03   -1.971475e-03   1.863682e+01 
4.997099e-01   -1.570568e-02   5.617638e-03   2.926690e-03   3.484763e-03   -1.966197e-03   1.875379e+01 
5.011798e-01   -1.577584e-02   5.600718e-03   2.915377e-03   3.463544e-03   -1.960675e-03   1.887100e+01 
5.026544e-01   -1.584530e-02   5.583392e-03   2.903849e-03   3.442466e-03   -1.954590e-03   1.898843e+01 
5.041249e-01   -1.591478e-02   5.567251e-03   2.892282e-03   3.422163e-03   -1.948450e-03   1.910610e+01 
5.055998e-01   -1.598387e-02   5.551898e-03   2.880679e-03   3.401532e-03   -1.942236e-03   1.922399e+01 
5.070965e-01   -1.605239e-02   5.535068e-03   2.868950e-03   3.379508e-03   -1.935741e-03   1.934211e+01 
5.085985e-01   -1.612091e-02   5.516146e-03   2.856284e-03   3.356996e-03   -1.929281e-03   1.946046e+01 
5.100971e-01   -1.618879e-02   5.496551e-03   2.842950e-03   3.333751e-03   -1.922532e-03   1.957903e+01 
5.115902e-01   -1.625673e-02   5.476292e-03   2.829150e-03   3.309569e-03   -1.915747e-03   1.969784e+01 
5.130797e-01   -1.632464e-02   5.454450e-03   2.815012e-03   3.285598e-03   -1.908760e-03   1.981687e+01 
5.145687e-01   -1.639091e-02   5.431530e-03   2.800673e-03   3.261135e-03   -1.900993e-03   1.993612e+01 
5.160619e-01   -1.645559e-02   5.408014e-03   2.786083e-03   3.236400e-03   -1.892580e-03   2.005560e+01 
5.175579e-01   -1.652021e-02   5.384362e-03   2.771172e-03   3.211990e-03   -1.884141e-03   2.017530e+01 
5.190431e-01   -1.658572e-02   5.361186e-03   2.755511e-03   3.187072e-03   -1.876238e-03   2.029523e+01 
5.205402e-01   -1.665117e-02   5.338770e-03   2.739584e-03   3.162754e-03   -1.868126e-03   2.041537e+01 
5.220525e-01   -1.671627e-02   5.316056e-03   2.723486e-03   3.138723e-03   -1.859366e-03   2.053574e+01 
5.235719e-01   -1.678253e-02   5.292581e-03   2.707025e-03   3.114150e-03   -1.850633e-03   2.065633e+01 
5.250942e-01   -1.684868e-02   5.267828e-03   2.690718e-03   3.089381e-03   -1.841814e-03   2.077714e+01 
5.266123e-01   -1.691454e-02   5.242660e-03   2.674267e-03   3.065054e-03   -1.832992e-03   2.089818e+01 
5.281257e-01   -1.698086e-02   5.217420e-03   2.657399e-03   3.041054e-03   -1.824547e-03   2.101942e+01 
5.296311e-01   -1.704618e-02   5.191650e-03   2.640183e-03   3.017509e-03   -1.815699e-03   2.114089e+01 
5.311480e-01   -1.710924e-02   5.164710e-03   2.622850e-03   2.994157e-03   -1.805477e-03   2.126258e+01 
5.326769e-01   -1.716977e-02   5.135841e-03   2.605558e-03   2.970589e-03   -1.794000e-03   2.138448e+01 
5.342115e-01   -1.722897e-02   5.107139e-03   2.588455e-03   2.945932e-03   -1.781919e-03   2.150660e+01 
5.357574e-01   -1.728730e-02   5.077009e-03   2.571417e-03   2.920513e-03   -1.769315e-03   2.162894e+01 
5.372960e-01   -1.734553e-02   5.045426e-03   2.554269e-03   2.894106e-03   -1.756885e-03   2.175149e+01 
5.388195e-01   -1.740356e-02   5.013609e-03   2.536977e-03   2.866761e-03   -1.744433e-03   2.187426e+01 
5.403415e-01   -1.746073e-02   4.980158e-03   2.519067e-03   2.839707e-03   -1.731610e-03   2.199724e+01 
5.418628e-01   -1.751678e-02   4.945141e-03   2.500525e-03   2.812479e-03   -1.718026e-03   2.212044e+01 
5.433854e-01   -1.757182e-02   4.908983e-03   2.481576e-03   2.785926e-03   -1.703752e-03   2.224384e+01 
5.449109e-01   -1.762794e-02   4.871962e-03   2.462276e-03   2.759623e-03   -1.689749e-03   2.236746e+01 
5.464358e-01   -1.768433e-02   4.832941e-03   2.443143e-03   2.731858e-03   -1.675669e-03   2.249130e+01 
5.479542e-01   -1.773997e-02   4.793736e-03   2.423925e-03   2.703490e-03   -1.661472e-03   2.261534e+01 
5.494644e-01   -1.779446e-02   4.756934e-03   2.404603e-03   2.674624e-03   -1.646864e-03   2.273959e+01 
5.509748e-01   -1.784834e-02   4.719735e-03   2.385279e-03   2.645435e-03   -1.631911e-03   2.286406e+01 
5.524897e-01   -1.790229e-02   4.681117e-03   2.365559e-03   2.616748e-03   -1.616791e-03   2.298873e+01 
5.540064e-01   -1.795474e-02   4.640382e-03   2.345421e-03   2.587815e-03   -1.601010e-03   2.311361e+01 
5.555218e-01   -1.800664e-02   4.597951e-03   2.325180e-03   2.556437e-03   -1.584866e-03   2.323870e+01 
5.570321e-01   -1.805831e-02   4.556085e-03   2.304609e-03   2.523398e-03   -1.568539e-03   2.336400e+01 
5.585320e-01   -1.810911e-02   4.514187e-03   2.283966e-03   2.489580e-03   -1.552024e-03   2.348951e+01 
5.600198e-01   -1.815924e-02   4.471263e-03   2.263376e-03   2.454293e-03   -1.535241e-03   2.361522e+01 
5.615039e-01   -1.820910e-02   4.426445e-03   2.242684e-03   2.418100e-03   -1.518402e-03   2.374114e+01 
5.629872e-01   -1.825933e-02   4.380475e-03   2.221867e-03   2.381627e-03   -1.501690e-03   2.386726e+01 
5.644641e-01   -1.830936e-02   4.333259e-03   2.200731e-03   2.345540e-03   -1.484863e-03   2.399359e+01 
5.659312e-01   -1.835861e-02   4.284446e-03   2.179191e-03   2.309947e-03   -1.467696e-03   2.412012e+01 
5.673913e-01   -1.840746e-02   4.235811e-03   2.157322e-03   2.275003e-03   -1.450281e-03   2.424686e+01 
5.688448e-01   -1.845534e-02   4.185827e-03   2.135204e-03   2.241328e-03   -1.432434e-03   2.437380e+01 
5.702905e-01   -1.850231e-02   4.134622e-03   2.112995e-03   2.207613e-03   -1.414215e-03   2.450094e+01 
5.717332e-01   -1.854880e-02   4.080321e-03   2.090852e-03   2.173360e-03   -1.395728e-03   2.462828e+01 
5.731661e-01   -1.859485e-02   4.024641e-03   2.068796e-03   2.138513e-03   -1.377161e-03   2.475583e+01 
5.745895e-01   -1.864007e-02   3.967346e-03   2.046868e-03   2.103267e-03   -1.358307e-03   2.488358e+01 
5.760073e-01   -1.868490e-02   3.907882e-03   2.024764e-03   2.067903e-03   -1.339418e-03   2.501153e+01 
5.774138e-01   -1.872896e-02   3.847388e-03   2.002623e-03   2.032076e-03   -1.320068e-03   2.513968e+01 
5.788064e-01   -1.877260e-02   3.788080e-03   1.980355e-03   1.995603e-03   -1.300592e-03   2.526803e+01 
5.801958e-01   -1.881690e-02   3.729797e-03   1.957714e-03   1.958049e-03   -1.281410e-03   2.539657e+01 
5.815794e-01   -1.886050e-02   3.670797e-03   1.934901e-03   1.920457e-03   -1.262031e-03   2.552532e+01 
5.829453e-01   -1.890365e-02   3.611443e-03   1.911932e-03   1.884136e-03   -1.242726e-03   2.565426e+01 
5.842988e-01   -1.894592e-02   3.550269e-03   1.888989e-03   1.848776e-03   -1.223274e-03   2.578340e+01 
5.856448e-01   -1.898691e-02   3.487928e-03   1.865860e-03   1.814231e-03   -1.203382e-03   2.591274e+01 
5.869915e-01   -1.902773e-02   3.425521e-03   1.842337e-03   1.780429e-03   -1.183294e-03   2.604228e+01 
5.883336e-01   -1.906828e-02   3.363467e-03   1.818341e-03   1.747390e-03   -1.163031e-03   2.617201e+01 
5.896631e-01   -1.910850e-02   3.300784e-03   1.794262e-03   1.715670e-03   -1.142841e-03   2.630193e+01 
5.909774e-01   -1.914805e-02   3.238528e-03   1.770119e-03   1.684806e-03   -1.122573e-03   2.643205e+01 
5.922771e-01   -1.918597e-02   3.175373e-03   1.745951e-03   1.653805e-03   -1.101722e-03   2.656237e+01 
5.935708e-01   -1.922313e-02   3.111627e-03   1.721584e-03   1.622594e-03   -1.080620e-03   2.669288e+01 
5.948562e-01   -1.926004e-02   3.048112e-03   1.697200e-03   1.591125e-03   -1.059518e-03   2.682358e+01 
5.961288e-01   -1.929637e-02   2.983856e-03   1.672877e-03   1.559368e-03   -1.038475e-03   2.695448e+01 
5.973896e-01   -1.933258e-02   2.919773e-03   1.648513e-03   1.526900e-03   -1.017701e-03   2.708556e+01 
5.986277e-01   -1.936914e-02   2.857077e-03   1.624058e-03   1.494645e-03   -9.973725e-04   2.721684e+01 
5.998400e-01   -1.940596e-02   2.795003e-03   1.599732e-03   1.462812e-03   -9.774166e-04   2.734832e+01 
6.010389e-01   -1.944137e-02   2.732507e-03   1.575770e-03   1.430921e-03   -9.572079e-04   2.747998e+01 
6.022230e-01   -1.947585e-02   2.670826e-03   1.551940e-03   1.399425e-03   -9.368327e-04   2.761184e+01 
6.033902e-01   -1.951042e-02   2.610339e-03   1.528234e-03   1.368105e-03   -9.165112e-04   2.774388e+01 
6.045454e-01   -1.954460e-02   2.549741e-03   1.504902e-03   1.336537e-03   -8.962204e-04   2.787611e+01 
6.056904e-01   -1.957849e-02   2.488378e-03   1.481946e-03   1.304938e-03   -8.759721e-04   2.800853e+01 
6.068195e-01   -1.961135e-02   2.426159e-03   1.459225e-03   1.273698e-03   -8.554806e-04   2.814114e+01 
6.079344e-01   -1.964453e-02   2.364324e-03   1.436610e-03   1.242858e-03   -8.353072e-04   2.827394e+01 
6.090341e-01   -1.967779e-02   2.302835e-03   1.414232e-03   1.212162e-03   -8.152727e-04   2.840693e+01 
6.101123e-01   -1.971055e-02   2.242166e-03   1.392102e-03   1.181651e-03   -7.952144e-04   2.854011e+01 
6.111689e-01   -1.974258e-02   2.180942e-03   1.370043e-03   1.150770e-03   -7.750171e-04   2.867347e+01 
6.122046e-01   -1.977498e-02   2.121517e-03   1.347714e-03   1.120387e-03   -7.551336e-04   2.880702e+01 
6.132263e-01   -1.980686e-02   2.062446e-03   1.325399e-03   1.090517e-03   -7.353490e-04   2.894075e+01 
6.142281e-01   -1.983777e-02   2.003809e-03   1.302977e-03   1.061290e-03   -7.155869e-04   2.907467e+01 
6.152056e-01   -1.986901e-02   1.947362e-03   1.280421e-03   1.032763e-03   -6.963943e-04   2.920877e+01 
6.161667e-01   -1.990032e-02   1.891360e-03   1.257847e-03   1.004812e-03   -6.775730e-04   2.934306e+01 
6.171099e-01   -1.993158e-02   1.836696e-03   1.235266e-03   9.772096e-04   -6.591978e-04   2.947754e+01 
6.180328e-01   -1.996262e-02   1.783382e-03   1.212685e-03   9.507945e-04   -6.411089e-04   2.961219e+01 
6.189382e-01   -1.999331e-02   1.730423e-03   1.190096e-03   9.248542e-04   -6.231349e-04   2.974703e+01 
6.198170e-01   -2.002330e-02   1.678351e-03   1.167617e-03   8.985809e-04   -6.052892e-04   2.988206e+01 
6.206740e-01   -2.005254e-02   1.626095e-03   1.145360e-03   8.730780e-04   -5.874969e-04   3.001726e+01 
6.215190e-01   -2.008174e-02   1.573650e-03   1.123037e-03   8.486783e-04   -5.698742e-04   3.015265e+01 
6.223419e-01   -2.011098e-02   1.523648e-03   1.100908e-03   8.241649e-04   -5.526858e-04   3.028822e+01 
6.231420e-01   -2.013909e-02   1.475885e-03   1.079115e-03   8.002637e-04   -5.354683e-04   3.042397e+01 
6.239218e-01   -2.016671e-02   1.428355e-03   1.057484e-03   7.768929e-04   -5.184108e-04   3.055990e+01 
6.246768e-01   -2.019481e-02   1.381633e-03   1.036056e-03   7.540604e-04   -5.018877e-04   3.069601e+01 
6.254060e-01   -2.022312e-02   1.336312e-03   1.014937e-03   7.319279e-04   -4.858986e-04   3.083231e+01 
6.261083e-01   -2.025150e-02   1.292129e-03   9.941158e-04   7.101062e-04   -4.703387e-04   3.096878e+01 
6.267878e-01   -2.027965e-02   1.248561e-03   9.736298e-04   6.882101e-04   -4.551325e-04   3.110543e+01 
6.274504e-01   -2.030695e-02   1.205490e-03   9.534809e-04   6.661746e-04   -4.398283e-04   3.124226e+01 
6.281027e-01   -2.033403e-02   1.162297e-03   9.336734e-04   6.443352e-04   -4.245184e-04   3.137926e+01 
6.287467e-01   -2.036138e-02   1.118698e-03   9.139471e-04   6.228553e-04   -4.093517e-04   3.151645e+01 
6.293790e-01   -2.038861e-02   1.075875e-03   8.942815e-04   6.020075e-04   -3.942785e-04   3.165381e+01 
6.299984e-01   -2.041577e-02   1.033654e-03   8.747205e-04   5.817674e-04   -3.794548e-04   3.179135e+01 
6.306010e-01   -2.044287e-02   9.920951e-04   8.551978e-04   5.620789e-04   -3.650276e-04   3.192907e+01 
6.311832e-01   -2.046986e-02   9.526998e-04   8.354383e-04   5.429208e-04   -3.508630e-04   3.206696e+01 
6.317514e-01   -2.049715e-02   9.150558e-04   8.158056e-04   5.238567e-04   -3.369902e-04   3.220503e+01 
6.323062e-01   -2.052442e-02   8.780684e-04   7.967496e-04   5.048424e-04   -3.234791e-04   3.234327e+01 
6.328396e-01   -2.055187e-02   8.421522e-04   7.778953e-04   4.863966e-04   -3.104497e-04   3.248169e+01 
6.333460e-01   -2.057939e-02   8.084036e-04   7.592675e-04   4.684903e-04   -2.980079e-04   3.262028e+01 
6.338264e-01   -2.060663e-02   7.767653e-04   7.409956e-04   4.513976e-04   -2.859354e-04   3.275905e+01 
6.342900e-01   -2.063384e-02   7.461081e-04   7.231349e-04   4.356181e-04   -2.740912e-04   3.289799e+01 
6.347391e-01   -2.066113e-02   7.161150e-04   7.056690e-04   4.204735e-04   -2.625484e-04   3.303710e+01 
6.351722e-01   -2.068862e-02   6.873517e-04   6.885685e-04   4.053539e-04   -2.514043e-04   3.317639e+01 
6.355884e-01   -2.071588e-02   6.597179e-04   6.717640e-04   3.904523e-04   -2.404428e-04   3.331585e+01 
6.359860e-01   -2.074319e-02   6.336109e-04   6.553419e-04   3.755822e-04   -2.298953e-04   3.345548e+01 
6.363626e-01   -2.077104e-02   6.087242e-04   6.394051e-04   3.608153e-04   -2.199255e-04   3.359529e+01 
6.367210e-01   -2.079947e-02   5.849845e-04   6.237595e-04   3.463468e-04   -2.104713e-04   3.373526e+01 
6.370623e-01   -2.082800e-02   5.626803e-04   6.082918e-04   3.324726e-04   -2.013985e-04   3.387541e+01 
6.373905e-01   -2.085635e-02   5.418616e-04   5.930539e-04   3.195188e-04   -1.924119e-04   3.401573e+01 
6.377035e-01   -2.088487e-02   5.222947e-04   5.780080e-04   3.070293e-04   -1.837553e-04   3.415622e+01 
6.379970e-01   -2.091381e-02   5.038650e-04   5.631911e-04   2.947097e-04   -1.756457e-04   3.429688e+01 
6.382804e-01   -2.094242e-02   4.859348e-04   5.487663e-04   2.833494e-04   -1.676270e-04   3.443771e+01 
6.385532e-01   -2.097098e-02   4.683457e-04   5.347505e-04   2.723651e-04   -1.598529e-04   3.457870e+01 
6.388122e-01   -2.099988e-02   4.515815e-04   5.210312e-04   2.615360e-04   -1.525720e-04   3.471987e+01 
6.390581e-01   -2.102896e-02   4.356164e-04   5.076214e-04   2.511599e-04   -1.456485e-04   3.486121e+01 
6.392942e-01   -2.105797e-02   4.202119e-04   4.946085e-04   2.411194e-04   -1.389107e-04   3.500271e+01 
6.395233e-01   -2.108675e-02   4.052206e-04   4.819727e-04   2.314799e-04   -1.322913e-04   3.514438e+01 
6.397416e-01   -2.111574e-02   3.914186e-04   4.697033e-04   2.216871e-04   -1.260093e-04   3.528622e+01 
6.399485e-01   -2.114493e-02   3.781649e-04   4.576989e-04   2.120307e-04   -1.199797e-04   3.542822e+01 
6.401442e-01   -2.117425e-02   3.650143e-04   4.459189e-04   2.028230e-04   -1.141844e-04   3.557040e+01 
6.403281e-01   -2.120376e-02   3.526118e-04   4.342445e-04   1.944741e-04   -1.086427e-04   3.571274e+01 
6.405041e-01   -2.123320e-02   3.401925e-04   4.227253e-04   1.868360e-04   -1.032522e-04   3.585524e+01 
6.406726e-01   -2.126275e-02   3.281677e-04   4.114840e-04   1.794113e-04   -9.804289e-05   3.599791e+01 
6.408313e-01   -2.129233e-02   3.168092e-04   4.006863e-04   1.720993e-04   -9.302644e-05   3.614075e+01 
6.409824e-01   -2.132219e-02   3.058827e-04   3.902693e-04   1.649746e-04   -8.828752e-05   3.628375e+01 
6.411243e-01   -2.135231e-02   2.955458e-04   3.801690e-04   1.579703e-04   -8.381365e-05   3.642692e+01 
6.412592e-01   -2.138223e-02   2.853374e-04   3.703755e-04   1.512838e-04   -7.936961e-05   3.657025e+01 
6.413884e-01   -2.141219e-02   2.755593e-04   3.608230e-04   1.450885e-04   -7.508083e-05   3.671374e+01 
6.415084e-01   -2.144246e-02   2.664445e-04   3.514349e-04   1.391520e-04   -7.112039e-05   3.685740e+01 
6.416214e-01   -2.147256e-02   2.576108e-04   3.422992e-04   1.335418e-04   -6.716712e-05   3.700122e+01 
6.417291e-01   -2.150250e-02   2.490030e-04   3.333098e-04   1.281819e-04   -6.320463e-05   3.714521e+01 
6.418339e-01   -2.153233e-02   2.405712e-04   3.245713e-04   1.227401e-04   -5.922175e-05   3.728935e+01 
6.419357e-01   -2.156196e-02   2.321345e-04   3.161644e-04   1.174031e-04   -5.519292e-05   3.743366e+01 
6.420293e-01   -2.159186e-02   2.241990e-04   3.078763e-04   1.124544e-04   -5.145239e-05   3.757814e+01 
6.421175e-01   -2.162181e-02   2.166079e-04   2.998348e-04   1.077723e-04   -4.781446e-05   3.772277e+01 
6.422017e-01   -2.165207e-02   2.096107e-04   2.919340e-04   1.033571e-04   -4.440518e-05   3.786756e+01 
6.422794e-01   -2.168261e-02   2.033184e-04   2.841210e-04   9.911986e-05   -4.120415e-05   3.801252e+01 
6.423520e-01   -2.171315e-02   1.975740e-04   2.764665e-04   9.518208e-05   -3.808060e-05   3.815763e+01 
6.424177e-01   -2.174419e-02   1.924166e-04   2.689074e-04   9.147139e-05   -3.532531e-05   3.830291e+01 
6.424785e-01   -2.177550e-02   1.878730e-04   2.615303e-04   8.774188e-05   -3.278765e-05   3.844835e+01 
6.425369e-01   -2.180688e-02   1.834725e-04   2.543687e-04   8.423036e-05   -3.031694e-05   3.859394e+01 
6.425911e-01   -2.183831e-02   1.791258e-04   2.473987e-04   8.105378e-05   -2.793878e-05   3.873970e+01 
6.426419e-01   -2.186981e-02   1.748957e-04   2.406086e-04   7.796892e-05   -2.568712e-05   3.888561e+01 
6.426899e-01   -2.190151e-02   1.707034e-04   2.340046e-04   7.466768e-05   -2.363532e-05   3.903169e+01 
6.427328e-01   -2.193340e-02   1.666490e-04   2.276246e-04   7.131343e-05   -2.178182e-05   3.917792e+01 
6.427708e-01   -2.196537e-02   1.627203e-04   2.214684e-04   6.815465e-05   -2.007609e-05   3.932431e+01 
6.428067e-01   -2.199750e-02   1.588758e-04   2.155444e-04   6.518874e-05   -1.853003e-05   3.947086e+01 
6.428398e-01   -2.202978e-02   1.552790e-04   2.098277e-04   6.247881e-05   -1.711487e-05   3.961756e+01 
6.428694e-01   -2.206202e-02   1.517397e-04   2.043318e-04   5.997726e-05   -1.572847e-05   3.976442e+01 
6.428963e-01   -2.209428e-02   1.481826e-04   1.991138e-04   5.766324e-05   -1.442330e-05   3.991144e+01 
6.429188e-01   -2.212679e-02   1.447989e-04   1.941416e-04   5.537893e-05   -1.332064e-05   4.005862e+01 
6.429387e-01   -2.215948e-02   1.414369e-04   1.893038e-04   5.319268e-05   -1.234121e-05   4.020595e+01 
6.429568e-01   -2.219236e-02   1.381607e-04   1.845870e-04   5.113700e-05   -1.147468e-05   4.035344e+01 
6.429730e-01   -2.222545e-02   1.351492e-04   1.799642e-04   4.916183e-05   -1.074540e-05   4.050108e+01 
6.429890e-01   -2.225856e-02   1.322580e-04   1.754858e-04   4.735480e-05   -1.001943e-05   4.064888e+01 
6.430042e-01   -2.229169e-02   1.295703e-04   1.711421e-04   4.563587e-05   -9.283530e-06   4.079683e+01 
6.430177e-01   -2.232492e-02   1.271296e-04   1.669456e-04   4.394900e-05   -8.611644e-06   4.094494e+01 
6.430293e-01   -2.235832e-02   1.247818e-04   1.628603e-04   4.227509e-05   -8.022386e-06   4.109321e+01 
6.430400e-01   -2.239167e-02   1.223145e-04   1.589153e-04   4.054644e-05   -7.423395e-06   4.124162e+01 
6.430506e-01   -2.242498e-02   1.199711e-04   1.550933e-04   3.893660e-05   -6.770402e-06   4.139019e+01 
6.430603e-01   -2.245839e-02   1.178848e-04   1.513596e-04   3.745825e-05   -6.155061e-06   4.153892e+01 
6.430683e-01   -2.249185e-02   1.159095e-04   1.476750e-04   3.602166e-05   -5.559025e-06   4.168780e+01 
6.430743e-01   -2.252544e-02   1.139179e-04   1.440711e-04   3.461246e-05   -5.055995e-06   4.183683e+01 
6.430778e-01   -2.255918e-02   1.119106e-04   1.405607e-04   3.321296e-05   -4.672332e-06   4.198601e+01 
6.430801e-01   -2.259300e-02   1.098711e-04   1.371762e-04   3.185054e-05   -4.340017e-06   4.213534e+01 
6.430815e-01   -2.262694e-02   1.078630e-04   1.339072e-04   3.065161e-05   -4.076352e-06   4.228483e+01 
6.430823e-01   -2.266098e-02   1.059553e-04   1.307395e-04   2.954908e-05   -3.839815e-06   4.243447e+01 
6.430826e-01   -2.269499e-02   1.041433e-04   1.276826e-04   2.852265e-05   -3.563636e-06   4.258426e+01 
6.430829e-01   -2.272901e-02   1.024047e-04   1.247516e-04   2.755991e-05   -3.265644e-06   4.273420e+01 
6.430824e-01   -2.276310e-02   1.006793e-04   1.219474e-04   2.655219e-05   -3.009493e-06   4.288430e+01 
6.430807e-01   -2.279728e-02   9.899727e-05   1.192624e-04   2.550137e-05   -2.796209e-06   4.303454e+01 
6.430781e-01   -2.283154e-02   9.737184e-05   1.166689e-04   2.446980e-05   -2.628253e-06   4.318493e+01 
6.430749e-01   -2.286590e-02   9.577749e-05   1.141270e-04   2.352606e-05   -2.512115e-06   4.333548e+01 
6.430719e-01   -2.290024e-02   9.421733e-05   1.116460e-04   2.264271e-05   -2.354038e-06   4.348617e+01 
6.430693e-01   -2.293455e-02   9.267649e-05   1.092257e-04   2.179660e-05   -2.140911e-06   4.363702e+01 
6.430663e-01   -2.296891e-02   9.119222e-05   1.068496e-04   2.105631e-05   -1.935389e-06   4.378801e+01 
6.430625e-01   -2.300336e-02   8.967212e-05   1.045578e-04   2.035194e-05   -1.755106e-06   4.393915e+01 
6.430577e-01   -2.303783e-02   8.813353e-05   1.023385e-04   1.966090e-05   -1.587774e-06   4.409044e+01 
6.430520e-01   -2.307237e-02   8.662858e-05   1.001843e-04   1.897068e-05   -1.433990e-06   4.424188e+01 
6.430465e-01   -2.310690e-02   8.517848e-05   9.811307e-05   1.829605e-05   -1.250668e-06   4.439347e+01 
6.430411e-01   -2.314145e-02   8.378041e-05   9.611079e-05   1.766104e-05   -1.058780e-06   4.454520e+01 
6.430356e-01   -2.317606e-02   8.243529e-05   9.415939e-05   1.705261e-05   -8.751949e-07   4.469708e+01 
6.430300e-01   -2.321075e-02   8.115597e-05   9.226046e-05   1.647315e-05   -7.143818e-07   4.484911e+01 
6.430237e-01   -2.324552e-02   7.991773e-05   9.041200e-05   1.592913e-05   -5.836639e-07   4.500129e+01 
6.430167e-01   -2.328033e-02   7.870546e-05   8.861081e-05   1.542966e-05   -4.702442e-07   4.515361e+01 
6.430088e-01   -2.331523e-02   7.747936e-05   8.685081e-05   1.497339e-05   -3.978036e-07   4.530608e+01 
6.430009e-01   -2.335018e-02   7.629352e-05   8.514059e-05   1.454583e-05   -3.225660e-07   4.545870e+01 
6.429931e-01   -2.338513e-02   7.514046e-05   8.348958e-05   1.413122e-05   -2.150354e-07   4.561146e+01 
6.429849e-01   -2.342014e-02   7.403089e-05   8.188742e-05   1.370230e-05   -1.249473e-07   4.576437e+01 
6.429764e-01   -2.345526e-02   7.295159e-05   8.032135e-05   1.327824e-05   -7.458411e-08   4.591742e+01 
6.429674e-01   -2.349044e-02   7.186288e-05   7.879803e-05   1.287259e-05   -4.150567e-08   4.607062e+01 
6.429589e-01   -2.352565e-02   7.080027e-05   7.732425e-05   1.248551e-05   2.391729e-08   4.622396e+01 
6.429506e-01   -2.356089e-02   6.978437e-05   7.589625e-05   1.210761e-05   1.012096e-07   4.637745e+01 
6.429418e-01   -2.359620e-02   6.877966e-05   7.450339e-05   1.175412e-05   1.502597e-07   4.653108e+01 
6.429327e-01   -2.363160e-02   6.779718e-05   7.313370e-05   1.141837e-05   1.713076e-07   4.668486e+01 
6.429236e-01   -2.366705e-02   6.684453e-05   7.179327e-05   1.110692e-05   1.968888e-07   4.683878e+01 
6.429145e-01   -2.370254e-02   6.590825e-05   7.048757e-05   1.080908e-05   2.274481e-07   4.699285e+01 
6.429051e-01   -2.373808e-02   6.498244e-05   6.921661e-05   1.051572e-05   2.518273e-07   4.714705e+01 
6.428959e-01   -2.377365e-02   6.406817e-05   6.798019e-05   1.022640e-05   2.819347e-07   4.730140e+01 
6.428866e-01   -2.380928e-02   6.317046e-05   6.677304e-05   9.946086e-06   3.139511e-07   4.745590e+01 
6.428772e-01   -2.384495e-02   6.229611e-05   6.559059e-05   9.678873e-06   3.439966e-07   4.761053e+01 
6.428676e-01   -2.388066e-02   6.143794e-05   6.444001e-05   9.421358e-06   3.750259e-07   4.776531e+01 
6.428578e-01   -2.391642e-02   6.059967e-05   6.332246e-05   9.172874e-06   4.048937e-07   4.792023e+01 
6.428480e-01   -2.395225e-02   5.978831e-05   6.223179e-05   8.930650e-06   4.294968e-07   4.807530e+01 
6.428380e-01   -2.398812e-02   5.899139e-05   6.116631e-05   8.697122e-06   4.494521e-07   4.823050e+01 
6.428279e-01   -2.402405e-02   5.820584e-05   6.012675e-05   8.473151e-06   4.671562e-07   4.838585e+01 
6.428178e-01   -2.406003e-02   5.743882e-05   5.911348e-05   8.255401e-06   4.822418e-07   4.854133e+01 
6.428075e-01   -2.409606e-02   5.668760e-05   5.812306e-05   8.043877e-06   4.924088e-07   4.869696e+01 
6.427971e-01   -2.413214e-02   5.594795e-05   5.715264e-05   7.841157e-06   4.997287e-07   4.885273e+01 
6.427865e-01   -2.416827e-02   5.522202e-05   5.620354e-05   7.645791e-06   5.100433e-07   4.900864e+01 
6.427760e-01   -2.420444e-02   5.451256e-05   5.527581e-05   7.455232e-06   5.215180e-07   4.916469e+01 
6.427653e-01   -2.424067e-02   5.381517e-05   5.436880e-05   7.270188e-06   5.301227e-07   4.932088e+01 
6.427544e-01   -2.427694e-02   5.312875e-05   5.348221e-05   7.091281e-06   5.371234e-07   4.947721e+01 
6.427435e-01   -2.431326e-02   5.245499e-05   5.261503e-05   6.917755e-06   5.442805e-07   4.963367e+01 
6.427326e-01   -2.434963e-02   5.179460e-05   5.176614e-05   6.749457e-06   5.515455e-07   4.979028e+01 
6.427215e-01   -2.438605e-02   5.114613e-05   5.093481e-05   6.586113e-06   5.583001e-07   4.994703e+01 
6.427103e-01   -2.442252e-02   5.050987e-05   5.012036e-05   6.427404e-06   5.650302e-07   5.010391e+01 
6.426991e-01   -2.445904e-02   4.988595e-05   4.932219e-05   6.273169e-06   5.717948e-07   5.026094e+01 
6.426878e-01   -2.449560e-02   4.927326e-05   4.853975e-05   6.123228e-06   5.783899e-07   5.041810e+01 
6.426765e-01   -2.453222e-02   4.867170e-05   4.777252e-05   5.977405e-06   5.849017e-07   5.057540e+01 
6.426650e-01   -2.456888e-02   4.808095e-05   4.702005e-05   5.835555e-06   5.913019e-07   5.073284e+01 
6.426535e-01   -2.460559e-02   4.750071e-05   4.628194e-05   5.697539e-06   5.976053e-07   5.089041e+01 
6.426418e-01   -2.464235e-02   4.693071e-05   4.555776e-05   5.563221e-06   6.038068e-07   5.104812e+01 
6.426301e-01   -2.467916e-02   4.637070e-05   4.484717e-05   5.432483e-06   6.099072e-07   5.120597e+01 
6.426183e-01   -2.471601e-02   4.582043e-05   4.414978e-05   5.305202e-06   6.159121e-07   5.136396e+01 
6.426065e-01   -2.475292e-02   4.527967e-05   4.346526e-05   5.181270e-06   6.218162e-07   5.152208e+01 
6.425945e-01   -2.478987e-02   4.474820e-05   4.279329e-05   5.060579e-06   6.276274e-07   5.168035e+01 
6.425825e-01   -2.482687e-02   4.422582e-05   4.213354e-05   4.943029e-06   6.333403e-07   5.183874e+01 
6.425704e-01   -2.486392e-02   4.371230e-05   4.148572e-05   4.828521e-06   6.389553e-07   5.199727e+01 
6.425582e-01   -2.490102e-02   4.320745e-05   4.084954e-05   4.716964e-06   6.444778e-07   5.215594e+01 
6.425459e-01   -2.493816e-02   4.271109e-05   4.022470e-05   4.608267e-06   6.499070e-07   5.231474e+01 
6.425336e-01   -2.497536e-02   4.222301e-05   3.961093e-05   4.502343e-06   6.552457e-07   5.247368e+01 
6.425211e-01   -2.501260e-02   4.174305e-05   3.900800e-05   4.399114e-06   6.604887e-07   5.263276e+01 
6.425086e-01   -2.504990e-02   4.127102e-05   3.841559e-05   4.298491e-06   6.656312e-07   5.279197e+01 
6.424960e-01   -2.508723e-02   4.080677e-05   3.783357e-05   4.200413e-06   6.706834e-07   5.295131e+01 
6.424833e-01   -2.512462e-02   4.035024e-05   3.726183e-05   4.104811e-06   6.755759e-07   5.311077e+01 
6.424705e-01   -2.516204e-02   3.990245e-05   3.669981e-05   4.011976e-06   6.804009e-07   5.327034e+01 
6.424577e-01   -2.519952e-02   3.945979e-05   3.614848e-05   3.920884e-06   6.853545e-07   5.343004e+01 
6.424447e-01   -2.523704e-02   3.902475e-05   3.560469e-05   3.832138e-06   6.899984e-07   5.358985e+01 
6.424317e-01   -2.527460e-02   3.859724e-05   3.507092e-05   3.745710e-06   6.946231e-07   5.374979e+01 
6.424186e-01   -2.531221e-02   3.817646e-05   3.454631e-05   3.661434e-06   6.991448e-07   5.390984e+01 
6.424054e-01   -2.534986e-02   3.776253e-05   3.403060e-05   3.579239e-06   7.035454e-07   5.407001e+01 
6.423921e-01   -2.538756e-02   3.735518e-05   3.352353e-05   3.499064e-06   7.078964e-07   5.423030e+01 
6.423788e-01   -2.542530e-02   3.695433e-05   3.302492e-05   3.420853e-06   7.121595e-07   5.439071e+01 
6.423653e-01   -2.546309e-02   3.655983e-05   3.253460e-05   3.344552e-06   7.163389e-07   5.455124e+01 
6.423518e-01   -2.550092e-02   3.617154e-05   3.205239e-05   3.270108e-06   7.204259e-07   5.471189e+01 
6.423382e-01   -2.553880e-02   3.578933e-05   3.157810e-05   3.197472e-06   7.244036e-07   5.487266e+01 
6.423245e-01   -2.557672e-02   3.541311e-05   3.111159e-05   3.126593e-06   7.282641e-07   5.503355e+01 
6.423107e-01   -2.561469e-02   3.504280e-05   3.065268e-05   3.057425e-06   7.320491e-07   5.519456e+01 
6.422968e-01   -2.565270e-02   3.467832e-05   3.020121e-05   2.989921e-06   7.358100e-07   5.535569e+01 
6.422829e-01   -2.569076e-02   3.431952e-05   2.975702e-05   2.924037e-06   7.395799e-07   5.551693e+01 
6.422688e-01   -2.572886e-02   3.396624e-05   2.931996e-05   2.859730e-06   7.433078e-07   5.567830e+01 
6.422546e-01   -2.576701e-02   3.361834e-05   2.888991e-05   2.796957e-06   7.468842e-07   5.583979e+01 
6.422404e-01   -2.580521e-02   3.327577e-05   2.846674e-05   2.735680e-06   7.502466e-07   5.600139e+01 
6.422262e-01   -2.584345e-02   3.293839e-05   2.805030e-05   2.675857e-06   7.534300e-07   5.616312e+01 
6.422118e-01   -2.588174e-02   3.260601e-05   2.764045e-05   2.617452e-06   7.565038e-07   5.632496e+01 
6.421974e-01   -2.592007e-02   3.227863e-05   2.723705e-05   2.560428e-06   7.595077e-07   5.648692e+01 
6.421828e-01   -2.595845e-02   3.195624e-05   2.683998e-05   2.504748e-06   7.624638e-07   5.664900e+01 
6.421682e-01   -2.599687e-02   3.163876e-05   2.644910e-05   2.450377e-06   7.653894e-07   5.681121e+01 
6.421535e-01   -2.603534e-02   3.132607e-05   2.606431e-05   2.397282e-06   7.682580e-07   5.697353e+01 
6.421387e-01   -2.607386e-02   3.101812e-05   2.568547e-05   2.345431e-06   7.710469e-07   5.713597e+01 
6.421238e-01   -2.611242e-02   3.071479e-05   2.531247e-05   2.294791e-06   7.737674e-07   5.729853e+01 
6.421088e-01   -2.615102e-02   3.041600e-05   2.494521e-05   2.245333e-06   7.764244e-07   5.746121e+01 
6.420937e-01   -2.618967e-02   3.012161e-05   2.458357e-05   2.197027e-06   7.790555e-07   5.762400e+01 
6.420785e-01   -2.622837e-02   2.983164e-05   2.422744e-05   2.149842e-06   7.816163e-07   5.778692e+01 
6.420633e-01   -2.626711e-02   2.954591e-05   2.387675e-05   2.103745e-06   7.839812e-07   5.794996e+01 
6.420480e-01   -2.630590e-02   2.926426e-05   2.353137e-05   2.058729e-06   7.863439e-07   5.811312e+01 
6.420326e-01   -2.634473e-02   2.898666e-05   2.319121e-05   2.014734e-06   7.885812e-07   5.827639e+01 
6.420171e-01   -2.638361e-02   2.871326e-05   2.285618e-05   1.971747e-06   7.907353e-07   5.843979e+01 
6.420014e-01   -2.642255e-02   2.844413e-05   2.252615e-05   1.929758e-06   7.929127e-07   5.860330e+01 
6.419857e-01   -2.646150e-02   2.817917e-05   2.220100e-05   1.888734e-06   7.950917e-07   5.876694e+01 
6.419699e-01   -2.650053e-02   2.791795e-05   2.188074e-05   1.848647e-06   7.971481e-07   5.893069e+01 
6.419541e-01   -2.653959e-02   2.766018e-05   2.156521e-05   1.809476e-06   7.990506e-07   5.909456e+01 
6.419381e-01   -2.657871e-02   2.740585e-05   2.125438e-05   1.771199e-06   8.007562e-07   5.925856e+01 
6.419221e-01   -2.661786e-02   2.715512e-05   2.094812e-05   1.733795e-06   8.023891e-07   5.942267e+01 
6.419060e-01   -2.665706e-02   2.690812e-05   2.064637e-05   1.697241e-06   8.039840e-07   5.958690e+01 
6.418898e-01   -2.669631e-02   2.666477e-05   2.034903e-05   1.661516e-06   8.055475e-07   5.975125e+01 
6.418735e-01   -2.673561e-02   2.642496e-05   2.005603e-05   1.626601e-06   8.070539e-07   5.991572e+01 
6.418571e-01   -2.677495e-02   2.618867e-05   1.976729e-05   1.592476e-06   8.085053e-07   6.008031e+01 
6.418406e-01   -2.681433e-02   2.595577e-05   1.948272e-05   1.559122e-06   8.098885e-07   6.024501e+01 
6.418241e-01   -2.685376e-02   2.572613e-05   1.920226e-05   1.526520e-06   8.111744e-07   6.040984e+01 
6.418074e-01   -2.689324e-02   2.549972e-05   1.892583e-05   1.494652e-06   8.123786e-07   6.057479e+01 
6.417907e-01   -2.693277e-02   2.527653e-05   1.865339e-05   1.463500e-06   8.135190e-07   6.073986e+01 
6.417738e-01   -2.697233e-02   2.505650e-05   1.838485e-05   1.433047e-06   8.145966e-07   6.090504e+01 
6.417569e-01   -2.701195e-02   2.483959e-05   1.812015e-05   1.403277e-06   8.156129e-07   6.107035e+01 
6.417399e-01   -2.705162e-02   2.462579e-05   1.785923e-05   1.374172e-06   8.165859e-07   6.123577e+01 
6.417228e-01   -2.709133e-02   2.441503e-05   1.760202e-05   1.345718e-06   8.175031e-07   6.140132e+01 
6.417056e-01   -2.713108e-02   2.420723e-05   1.734845e-05   1.317899e-06   8.183499e-07   6.156698e+01 
6.416883e-01   -2.717089e-02   2.400232e-05   1.709845e-05   1.290700e-06   8.191199e-07   6.173276e+01 
6.416709e-01   -2.721073e-02   2.380026e-05   1.685196e-05   1.264106e-06   8.198141e-07   6.189866e+01 
6.416535e-01   -2.725063e-02   2.360099e-05   1.660893e-05   1.238102e-06   8.204311e-07   6.206469e+01 
6.416359e-01   -2.729057e-02   2.340447e-05   1.636932e-05   1.212675e-06   8.209786e-07   6.223083e+01 
6.416183e-01   -2.733056e-02   2.321065e-05   1.613306e-05   1.187812e-06   8.214547e-07   6.239709e+01 
6.416005e-01   -2.737059e-02   2.301946e-05   1.590009e-05   1.163499e-06   8.218490e-07   6.256347e+01 
6.415827e-01   -2.741067e-02   2.283086e-05   1.567037e-05   1.139723e-06   8.221483e-07   6.272996e+01 
6.415648e-01   -2.745080e-02   2.264485e-05   1.544381e-05   1.116471e-06   8.223796e-07   6.289658e+01 
6.415468e-01   -2.749098e-02   2.246142e-05   1.522039e-05   1.093732e-06   8.225592e-07   6.306332e+01 
6.415288e-01   -2.753120e-02   2.228055e-05   1.500005e-05   1.071494e-06   8.226884e-07   6.323018e+01 
6.415106e-01   -2.757147e-02   2.210220e-05   1.478275e-05   1.049745e-06   8.227671e-07   6.339715e+01 
6.414923e-01   -2.761178e-02   2.192632e-05   1.456842e-05   1.028473e-06   8.227885e-07   6.356425e+01 
6.414739e-01   -2.765214e-02   2.175286e-05   1.435703e-05   1.007668e-06   8.227509e-07   6.373146e+01 
6.414555e-01   -2.769255e-02   2.158179e-05   1.414852e-05   9.873181e-07   8.226533e-07   6.389880e+01 
6.414369e-01   -2.773300e-02   2.141305e-05   1.394285e-05   9.674139e-07   8.224934e-07   6.406625e+01 
6.414183e-01   -2.777350e-02   2.124662e-05   1.373998e-05   9.479446e-07   8.222716e-07   6.423383e+01 
6.413996e-01   -2.781405e-02   2.108243e-05   1.353986e-05   9.289004e-07   8.219860e-07   6.440152e+01 
6.413808e-01   -2.785464e-02   2.092047e-05   1.334244e-05   9.102715e-07   8.216364e-07   6.456933e+01 
6.413619e-01   -2.789528e-02   2.076070e-05   1.314769e-05   8.920483e-07   8.212266e-07   6.473726e+01 
6.413429e-01   -2.793597e-02   2.060309e-05   1.295557e-05   8.742216e-07   8.207567e-07   6.490531e+01 
6.413238e-01   -2.797671e-02   2.044762e-05   1.276603e-05   8.567824e-07   8.202299e-07   6.507348e+01 
6.413046e-01   -2.801749e-02   2.029426e-05   1.257903e-05   8.397218e-07   8.196450e-07   6.524177e+01 
6.412853e-01   -2.805832e-02   2.014296e-05   1.239453e-05   8.230312e-07   8.190012e-07   6.541018e+01 
6.412660e-01   -2.809919e-02   1.999370e-05   1.221250e-05   8.067023e-07   8.182974e-07   6.557871e+01 
6.412465e-01   -2.814011e-02   1.984646e-05   1.203290e-05   7.907270e-07   8.175418e-07   6.574736e+01 
6.412270e-01   -2.818108e-02   1.970119e-05   1.185568e-05   7.750971e-07   8.167267e-07   6.591612e+01 
6.412073e-01   -2.822210e-02   1.955788e-05   1.168082e-05   7.598049e-07   8.158535e-07   6.608501e+01 
6.411876e-01   -2.826316e-02   1.941648e-05   1.150828e-05   7.448428e-07   8.149242e-07   6.625401e+01 
6.411678e-01   -2.830427e-02   1.927698e-05   1.133801e-05   7.302033e-07   8.139373e-07   6.642314e+01 
6.411479e-01   -2.834543e-02   1.913934e-05   1.117000e-05   7.158793e-07   8.128929e-07   6.659238e+01 
6.411279e-01   -2.838663e-02   1.900356e-05   1.100420e-05   7.018656e-07   8.117921e-07   6.676175e+01 
6.411078e-01   -2.842788e-02   1.886956e-05   1.084058e-05   6.881504e-07   8.106365e-07   6.693123e+01 
6.410876e-01   -2.846918e-02   1.873734e-05   1.067911e-05   6.747301e-07   8.094229e-07   6.710083e+01 
6.410673e-01   -2.851052e-02   1.860688e-05   1.051977e-05   6.615988e-07   8.081575e-07   6.727055e+01 
6.410469e-01   -2.855191e-02   1.847816e-05   1.036250e-05   6.487492e-07   8.068376e-07   6.744040e+01 
6.410265e-01   -2.859335e-02   1.835115e-05   1.020729e-05   6.361751e-07   8.054643e-07   6.761036e+01 
6.410059e-01   -2.863484e-02   1.822584e-05   1.005411e-05   6.238704e-07   8.040430e-07   6.778044e+01 
6.409853e-01   -2.867637e-02   1.810220e-05   9.902920e-06   6.118291e-07   8.025677e-07   6.795064e+01 
6.409646e-01   -2.871795e-02   1.798020e-05   9.753698e-06   6.000453e-07   8.010379e-07   6.812095e+01 
6.409437e-01   -2.875958e-02   1.785984e-05   9.606415e-06   5.885134e-07   7.994517e-07   6.829139e+01 
6.409228e-01   -2.880125e-02   1.774103e-05   9.461043e-06   5.772279e-07   7.978302e-07   6.846195e+01 
6.409018e-01   -2.884297e-02   1.762376e-05   9.317550e-06   5.661832e-07   7.961397e-07   6.863263e+01 
6.408807e-01   -2.888474e-02   1.750808e-05   9.175917e-06   5.553742e-07   7.944104e-07   6.880342e+01 
6.408595e-01   -2.892656e-02   1.739398e-05   9.036112e-06   5.447956e-07   7.926363e-07   6.897434e+01 
6.408382e-01   -2.896842e-02   1.728140e-05   8.898109e-06   5.344424e-07   7.908120e-07   6.914537e+01 
6.408168e-01   -2.901033e-02   1.717029e-05   8.761888e-06   5.243097e-07   7.889320e-07   6.931653e+01 
6.407953e-01   -2.905229e-02   1.706062e-05   8.627418e-06   5.143926e-07   7.869979e-07   6.948780e+01 
6.407738e-01   -2.909429e-02   1.695236e-05   8.494677e-06   5.046862e-07   7.850145e-07   6.965919e+01 
6.407521e-01   -2.913634e-02   1.684551e-05   8.363642e-06   4.951861e-07   7.829844e-07   6.983071e+01 
6.407304e-01   -2.917844e-02   1.674007e-05   8.234287e-06   4.858878e-07   7.809077e-07   7.000234e+01 
6.407085e-01   -2.922059e-02   1.663603e-05   8.106587e-06   4.767869e-07   7.787832e-07   7.017409e+01 
6.406866e-01   -2.926278e-02   1.653337e-05   7.980524e-06   4.678792e-07   7.766107e-07   7.034596e+01 
6.406646e-01   -2.930502e-02   1.643206e-05   7.856072e-06   4.591604e-07   7.743897e-07   7.051795e+01 
6.406425e-01   -2.934731e-02   1.633208e-05   7.733210e-06   4.506264e-07   7.721236e-07   7.069006e+01 
6.406202e-01   -2.938965e-02   1.623340e-05   7.611917e-06   4.422732e-07   7.698109e-07   7.086229e+01 
6.405979e-01   -2.943203e-02   1.613604e-05   7.492170e-06   4.340969e-07   7.674524e-07   7.103463e+01 
6.405755e-01   -2.947446e-02   1.603994e-05   7.373952e-06   4.260936e-07   7.650487e-07   7.120710e+01 
6.405531e-01   -2.951694e-02   1.594512e-05   7.257240e-06   4.182596e-07   7.626014e-07   7.137969e+01 
6.405305e-01   -2.955947e-02   1.585153e-05   7.142012e-06   4.105912e-07   7.601067e-07   7.155239e+01 
6.405078e-01   -2.960204e-02   1.575917e-05   7.028249e-06   4.030849e-07   7.575680e-07   7.172522e+01 
6.404850e-01   -2.964466e-02   1.566802e-05   6.915932e-06   3.957372e-07   7.549838e-07   7.189816e+01 
6.404622e-01   -2.968733e-02   1.557806e-05   6.805042e-06   3.885446e-07   7.523551e-07   7.207123e+01 
6.404392e-01   -2.973004e-02   1.548929e-05   6.695561e-06   3.815039e-07   7.496831e-07   7.224441e+01 
6.404162e-01   -2.977280e-02   1.540167e-05   6.587470e-06   3.746118e-07   7.469669e-07   7.241771e+01 
6.403930e-01   -2.981561e-02   1.531521e-05   6.480749e-06   3.678651e-07   7.442102e-07   7.259114e+01 
6.403698e-01   -2.985847e-02   1.522988e-05   6.375384e-06   3.612606e-07   7.414129e-07   7.276468e+01 
6.403465e-01   -2.990138e-02   1.514567e-05   6.271352e-06   3.547953e-07   7.385734e-07   7.293834e+01 
6.403231e-01   -2.994433e-02   1.506256e-05   6.168642e-06   3.484663e-07   7.356921e-07   7.311212e+01 
6.402996e-01   -2.998733e-02   1.498054e-05   6.067232e-06   3.422706e-07   7.327656e-07   7.328602e+01 
6.402760e-01   -3.003038e-02   1.489961e-05   5.967108e-06   3.362054e-07   7.297988e-07   7.346004e+01 
6.402523e-01   -3.007347e-02   1.481974e-05   5.868253e-06   3.302678e-07   7.267903e-07   7.363418e+01 
6.402285e-01   -3.011662e-02   1.474091e-05   5.770650e-06   3.244553e-07   7.237427e-07   7.380843e+01 
6.402046e-01   -3.015981e-02   1.466311e-05   5.674284e-06   3.187650e-07   7.206564e-07   7.398281e+01 
6.401806e-01   -3.020305e-02   1.458634e-05   5.579141e-06   3.131944e-07   7.175307e-07   7.415731e+01 
6.401566e-01   -3.024633e-02   1.451058e-05   5.485202e-06   3.077410e-07   7.143621e-07   7.433192e+01 
6.401324e-01   -3.028967e-02   1.443581e-05   5.392455e-06   3.024022e-07   7.111572e-07   7.450666e+01 
6.401082e-01   -3.033305e-02   1.436203e-05   5.300884e-06   2.971756e-07   7.079120e-07   7.468151e+01 
6.400838e-01   -3.037648e-02   1.428922e-05   5.210475e-06   2.920589e-07   7.046287e-07   7.485649e+01 
6.400594e-01   -3.041995e-02   1.421737e-05   5.121214e-06   2.870497e-07   7.013062e-07   7.503158e+01 
6.400349e-01   -3.046348e-02   1.414646e-05   5.033085e-06   2.821458e-07   6.979475e-07   7.520679e+01 
6.400103e-01   -3.050705e-02   1.407649e-05   4.946077e-06   2.773448e-07   6.945494e-07   7.538212e+01 
6.399856e-01   -3.055067e-02   1.400743e-05   4.860173e-06   2.726448e-07   6.911146e-07   7.555757e+01 
6.399608e-01   -3.059434e-02   1.393929e-05   4.775364e-06   2.680434e-07   6.876418e-07   7.573315e+01 
6.399359e-01   -3.063805e-02   1.387204e-05   4.691634e-06   2.635387e-07   6.841323e-07   7.590884e+01 
6.399109e-01   -3.068181e-02   1.380569e-05   4.608970e-06   2.591286e-07   6.805869e-07   7.608465e+01 
6.398858e-01   -3.072562e-02   1.374022e-05   4.527361e-06   2.548111e-07   6.770060e-07   7.626057e+01 
6.398606e-01   -3.076948e-02   1.367562e-05   4.446793e-06   2.505843e-07   6.733880e-07   7.643662e+01 
6.398354e-01   -3.081339e-02   1.361188e-05   4.367254e-06   2.464463e-07   6.697348e-07   7.661279e+01 
6.398100e-01   -3.085734e-02   1.354899e-05   4.288732e-06   2.423952e-07   6.660479e-07   7.678908e+01 
6.397846e-01   -3.090134e-02   1.348695e-05   4.211216e-06   2.384291e-07   6.623275e-07   7.696548e+01 
6.397590e-01   -3.094539e-02   1.342572e-05   4.134694e-06   2.345464e-07   6.585721e-07   7.714201e+01 
6.397334e-01   -3.098949e-02   1.336532e-05   4.059153e-06   2.307453e-07   6.547820e-07   7.731865e+01 
6.397077e-01   -3.103363e-02   1.330572e-05   3.984583e-06   2.270241e-07   6.509569e-07   7.749542e+01 
6.396819e-01   -3.107783e-02   1.324691e-05   3.910974e-06   2.233811e-07   6.471010e-07   7.767230e+01 
6.396560e-01   -3.112207e-02   1.318890e-05   3.838314e-06   2.198147e-07   6.432085e-07   7.784930e+01 
6.396300e-01   -3.116636e-02   1.313167e-05   3.766591e-06   2.163233e-07   6.392845e-07   7.802643e+01 
6.396039e-01   -3.121069e-02   1.307521e-05   3.695797e-06   2.129053e-07   6.353281e-07   7.820367e+01 
6.395777e-01   -3.125508e-02   1.301950e-05   3.625921e-06   2.095593e-07   6.313384e-07   7.838103e+01 
6.395514e-01   -3.129951e-02   1.296455e-05   3.556950e-06   2.062837e-07   6.273172e-07   7.855851e+01 
6.395251e-01   -3.134399e-02   1.291034e-05   3.488878e-06   2.030772e-07   6.232652e-07   7.873611e+01 
6.394986e-01   -3.138851e-02   1.285687e-05   3.421693e-06   1.999381e-07   6.191798e-07   7.891383e+01 
6.394721e-01   -3.143309e-02   1.280413e-05   3.355385e-06   1.968653e-07   6.150618e-07   7.909167e+01 
6.394454e-01   -3.147771e-02   1.275211e-05   3.289946e-06   1.938572e-07   6.109129e-07   7.926963e+01 
6.394187e-01   -3.152238e-02   1.270080e-05   3.225365e-06   1.909127e-07   6.067327e-07   7.944770e+01 
6.393919e-01   -3.156710e-02   1.265019e-05   3.161635e-06   1.880303e-07   6.025211e-07   7.962590e+01 
6.393650e-01   -3.161187e-02   1.260028e-05   3.098745e-06   1.852088e-07   5.982807e-07   7.980422e+01 
6.393380e-01   -3.165669e-02   1.255105e-05   3.036686e-06   1.824469e-07   5.940108e-07   7.998265e+01 
6.393109e-01   -3.170155e-02   1.250250e-05   2.975450e-06   1.797435e-07   5.897136e-07   8.016121e+01 
6.392837e-01   -3.174646e-02   1.245461e-05   2.915029e-06   1.770973e-07   5.853863e-07   8.033988e+01 
6.392564e-01   -3.179142e-02   1.240740e-05   2.855414e-06   1.745072e-07   5.810327e-07   8.051868e+01 
6.392290e-01   -3.183642e-02   1.236083e-05   2.796596e-06   1.719721e-07   5.766483e-07   8.069759e+01 
6.392016e-01   -3.188148e-02   1.231493e-05   2.738568e-06   1.694907e-07   5.722354e-07   8.087662e+01 
6.391740e-01   -3.192658e-02   1.226967e-05   2.681321e-06   1.670621e-07   5.677928e-07   8.105577e+01 
6.391464e-01   -3.197173e-02   1.222506e-05   2.624849e-06   1.646851e-07   5.633208e-07   8.123504e+01 
6.391187e-01   -3.201693e-02   1.218108e-05   2.569142e-06   1.623588e-07   5.588205e-07   8.141443e+01 
6.390908e-01   -3.206218e-02   1.213773e-05   2.514193e-06   1.600819e-07   5.542918e-07   8.159394e+01 
6.390629e-01   -3.210747e-02   1.209500e-05   2.459995e-06   1.578537e-07   5.497350e-07   8.177357e+01 
6.390349e-01   -3.215281e-02   1.205288e-05   2.406541e-06   1.556730e-07   5.451523e-07   8.195332e+01 
6.390068e-01   -3.219821e-02   1.201138e-05   2.353823e-06   1.535389e-07   5.405421e-07   8.213319e+01 
6.389787e-01   -3.224364e-02   1.197048e-05   2.301834e-06   1.514504e-07   5.359064e-07   8.231318e+01 
6.389504e-01   -3.228913e-02   1.193018e-05   2.250568e-06   1.494067e-07   5.312437e-07   8.249328e+01 
6.389220e-01   -3.233466e-02   1.189048e-05   2.200017e-06   1.474068e-07   5.265550e-07   8.267351e+01 
6.388936e-01   -3.238025e-02   1.185138e-05   2.150175e-06   1.454499e-07   5.218400e-07   8.285385e+01 
6.388651e-01   -3.242588e-02   1.181287e-05   2.101034e-06   1.435351e-07   5.170997e-07   8.303432e+01 
6.388364e-01   -3.247156e-02   1.177493e-05   2.052589e-06   1.416615e-07   5.123331e-07   8.321490e+01 
6.388077e-01   -3.251728e-02   1.173756e-05   2.004832e-06   1.398283e-07   5.075427e-07   8.339561e+01 
6.387789e-01   -3.256306e-02   1.170071e-05   1.957756e-06   1.380347e-07   5.027282e-07   8.357643e+01 
6.387500e-01   -3.260888e-02   1.166437e-05   1.911357e-06   1.362799e-07   4.978927e-07   8.375737e+01 
6.387210e-01   -3.265475e-02   1.162851e-05   1.865627e-06   1.345632e-07   4.930356e-07   8.393843e+01 
6.386919e-01   -3.270067e-02   1.159309e-05   1.820561e-06   1.328837e-07   4.881586e-07   8.411961e+01 
6.386628e-01   -3.274664e-02   1.155809e-05   1.776152e-06   1.312407e-07   4.832645e-07   8.430091e+01 
6.386335e-01   -3.279265e-02   1.152348e-05   1.732397e-06   1.296336e-07   4.783510e-07   8.448233e+01 
6.386041e-01   -3.283871e-02   1.148928e-05   1.689290e-06   1.280615e-07   4.734182e-07   8.466387e+01 
6.385746e-01   -3.288482e-02   1.145548e-05   1.646826e-06   1.265238e-07   4.684643e-07   8.484553e+01 
6.385450e-01   -3.293098e-02   1.142211e-05   1.605002e-06   1.250197e-07   4.634898e-07   8.502731e+01 
6.385153e-01   -3.297718e-02   1.138924e-05   1.563811e-06   1.235488e-07   4.584903e-07   8.520921e+01 
6.384856e-01   -3.302343e-02   1.135695e-05   1.523249e-06   1.221102e-07   4.534671e-07   8.539122e+01 
6.384557e-01   -3.306974e-02   1.132531e-05   1.483310e-06   1.207034e-07   4.484155e-07   8.557336e+01 
6.384259e-01   -3.311609e-02   1.129443e-05   1.443987e-06   1.193277e-07   4.433367e-07   8.575561e+01 
6.383959e-01   -3.316249e-02   1.126435e-05   1.405274e-06   1.179826e-07   4.382300e-07   8.593799e+01 
6.383659e-01   -3.320894e-02   1.123508e-05   1.367167e-06   1.166675e-07   4.330934e-07   8.612048e+01 
6.383358e-01   -3.325544e-02   1.120656e-05   1.329657e-06   1.153818e-07   4.279316e-07   8.630310e+01 
6.383057e-01   -3.330199e-02   1.117869e-05   1.292741e-06   1.141250e-07   4.227450e-07   8.648583e+01 
6.382754e-01   -3.334858e-02   1.115129e-05   1.256413e-06   1.128964e-07   4.175362e-07   8.666868e+01 
6.382451e-01   -3.339523e-02   1.112420e-05   1.220671e-06   1.116955e-07   4.123060e-07   8.685165e+01 
6.382146e-01   -3.344192e-02   1.109730e-05   1.185509e-06   1.105219e-07   4.070582e-07   8.703474e+01 
6.381840e-01   -3.348865e-02   1.107055e-05   1.150927e-06   1.093750e-07   4.017966e-07   8.721795e+01 
6.381534e-01   -3.353544e-02   1.104401e-05   1.116918e-06   1.082544e-07   3.965191e-07   8.740128e+01 
6.381226e-01   -3.358227e-02   1.101778e-05   1.083481e-06   1.071595e-07   3.912307e-07   8.758473e+01 
6.380917e-01   -3.362915e-02   1.099197e-05   1.050612e-06   1.060900e-07   3.859296e-07   8.776830e+01 
6.380608e-01   -3.367607e-02   1.096666e-05   1.018306e-06   1.050453e-07   3.806133e-07   8.795199e+01 
6.380298e-01   -3.372305e-02   1.094188e-05   9.865603e-07   1.040250e-07   3.752805e-07   8.813579e+01 
6.379986e-01   -3.377007e-02   1.091764e-05   9.553702e-07   1.030287e-07   3.699291e-07   8.831972e+01 
6.379675e-01   -3.381714e-02   1.089390e-05   9.247331e-07   1.020559e-07   3.645586e-07   8.850377e+01 
6.379362e-01   -3.386426e-02   1.087063e-05   8.946438e-07   1.011062e-07   3.591671e-07   8.868793e+01 
6.379048e-01   -3.391143e-02   1.084778e-05   8.650993e-07   1.001792e-07   3.537565e-07   8.887222e+01 
6.378734e-01   -3.395865e-02   1.082534e-05   8.360953e-07   9.927448e-08   3.483293e-07   8.905662e+01 
6.378419e-01   -3.400591e-02   1.080332e-05   8.076292e-07   9.839166e-08   3.428848e-07   8.924114e+01 
6.378103e-01   -3.405323e-02   1.078171e-05   7.796965e-07   9.753038e-08   3.374239e-07   8.942579e+01 
6.377785e-01   -3.410059e-02   1.076052e-05   7.522952e-07   9.669028e-08   3.319441e-07   8.961055e+01 
6.377468e-01   -3.414800e-02   1.073971e-05   7.254218e-07   9.587101e-08   3.264442e-07   8.979543e+01 
6.377149e-01   -3.419546e-02   1.071925e-05   6.990744e-07   9.507224e-08   3.209217e-07   8.998043e+01 
6.376830e-01   -3.424297e-02   1.069922e-05   6.732489e-07   9.429364e-08   3.153788e-07   9.016555e+01 
6.376510e-01   -3.429052e-02   1.067980e-05   6.479408e-07   9.353489e-08   3.098342e-07   9.035079e+01 
6.376188e-01   -3.433812e-02   1.066128e-05   6.231423e-07   9.279564e-08   3.043078e-07   9.053615e+01 
6.375861e-01   -3.438575e-02   1.064362e-05   5.988502e-07   9.207558e-08   2.988055e-07   9.072163e+01 
6.375530e-01   -3.443340e-02   1.062587e-05   5.750704e-07   9.137439e-08   2.932697e-07   9.090722e+01 
6.375199e-01   -3.448110e-02   1.060586e-05   5.518251e-07   9.069178e-08   2.875636e-07   9.109294e+01 
6.374888e-01   -3.452897e-02   1.058065e-05   5.291474e-07   9.002730e-08   2.815114e-07   9.127878e+01 
6.374625e-01   -3.457715e-02   1.054808e-05   5.070633e-07   8.938008e-08   2.750016e-07   9.146473e+01 
6.374448e-01   -3.462587e-02   1.050849e-05   4.855716e-07   8.874851e-08   2.680829e-07   9.165081e+01 
6.374386e-01   -3.467528e-02   1.046524e-05   4.646404e-07   8.813035e-08   2.609790e-07   9.183700e+01 
6.374450e-01   -3.472543e-02   1.042335e-05   4.442174e-07   8.752339e-08   2.539904e-07   9.202332e+01 
6.374627e-01   -3.477625e-02   1.038719e-05   4.242557e-07   8.692655e-08   2.473442e-07   9.220975e+01 
6.374888e-01   -3.482758e-02   1.035877e-05   4.047303e-07   8.634050e-08   2.411181e-07   9.239630e+01 
6.375200e-01   -3.487923e-02   1.033764e-05   3.856386e-07   8.576736e-08   2.352486e-07   9.258297e+01 
6.375533e-01   -3.493103e-02   1.032197e-05   3.669910e-07   8.520959e-08   2.296139e-07   9.276976e+01 
6.375866e-01   -3.498289e-02   1.030976e-05   3.487986e-07   8.466893e-08   2.241009e-07   9.295667e+01 
6.376188e-01   -3.503472e-02   1.029948e-05   3.310698e-07   8.414609e-08   2.186317e-07   9.314370e+01 
6.376493e-01   -3.508652e-02   1.029011e-05   3.138100e-07   8.364099e-08   2.131615e-07   9.333085e+01 
6.376780e-01   -3.513826e-02   1.028111e-05   2.970206e-07   8.315321e-08   2.076713e-07   9.351812e+01 
6.377048e-01   -3.518996e-02   1.027226e-05   2.807015e-07   8.268235e-08   2.021545e-07   9.370551e+01 
6.377300e-01   -3.524161e-02   1.026350e-05   2.648521e-07   8.222800e-08   1.966125e-07   9.389302e+01 
6.377535e-01   -3.529323e-02   1.025482e-05   2.494713e-07   8.178981e-08   1.910472e-07   9.408064e+01 
6.377756e-01   -3.534482e-02   1.024626e-05   2.345572e-07   8.136742e-08   1.854597e-07   9.426839e+01 
6.377964e-01   -3.539640e-02   1.023784e-05   2.201095e-07   8.096053e-08   1.798545e-07   9.445626e+01 
6.378159e-01   -3.544795e-02   1.022960e-05   2.061263e-07   8.056885e-08   1.742300e-07   9.464424e+01 
6.378343e-01   -3.549950e-02   1.022154e-05   1.926072e-07   8.019213e-08   1.685902e-07   9.483234e+01 
6.378516e-01   -3.555103e-02   1.021368e-05   1.795508e-07   7.983011e-08   1.629337e-07   9.502057e+01 
6.378679e-01   -3.560257e-02   1.020604e-05   1.669569e-07   7.948257e-08   1.572629e-07   9.520891e+01 
6.378833e-01   -3.565410e-02   1.019863e-05   1.548237e-07   7.914927e-08   1.515789e-07   9.539737e+01 
6.378977e-01   -3.570564e-02   1.019146e-05   1.431515e-07   7.883002e-08   1.458815e-07   9.558596e+01 
6.379114e-01   -3.575718e-02   1.018455e-05   1.319387e-07   7.852463e-08   1.401724e-07   9.577466e+01 
6.379242e-01   -3.580873e-02   1.017789e-05   1.211851e-07   7.823294e-08   1.344509e-07   9.596348e+01 
6.379363e-01   -3.586029e-02   1.017150e-05   1.108899e-07   7.795478e-08   1.287186e-07   9.615242e+01 
6.379476e-01   -3.591186e-02   1.016538e-05   1.010528e-07   7.769001e-08   1.229737e-07   9.634148e+01 
6.379583e-01   -3.596345e-02   1.015953e-05   9.167314e-08   7.743847e-08   1.172182e-07   9.653065e+01 
6.379682e-01   -3.601505e-02   1.015396e-05   8.275068e-08   7.720001e-08   1.114511e-07   9.671995e+01 
6.379776e-01   -3.606666e-02   1.014866e-05   7.428503e-08   7.697452e-08   1.056747e-07   9.690937e+01 
6.379863e-01   -3.611830e-02   1.014365e-05   6.627590e-08   7.676185e-08   9.988675e-08   9.709891e+01 
6.379944e-01   -3.616995e-02   1.013892e-05   5.872327e-08   7.656192e-08   9.408850e-08   9.728856e+01 
6.380020e-01   -3.622162e-02   1.013447e-05   5.162658e-08   7.637461e-08   8.828036e-08   9.747834e+01 
6.380090e-01   -3.627332e-02   1.013031e-05   4.498605e-08   7.619983e-08   8.246259e-08   9.766823e+01 
6.380156e-01   -3.632504e-02   1.012643e-05   3.880155e-08   7.603750e-08   7.663378e-08   9.785825e+01 
6.380216e-01   -3.637678e-02   1.012286e-05   3.307319e-08   7.588757e-08   7.079470e-08   9.804838e+01 
6.380271e-01   -3.642854e-02   1.011958e-05   2.780085e-08   7.574994e-08   6.494756e-08   9.823863e+01 
6.380321e-01   -3.648033e-02   1.011658e-05   2.298504e-08   7.562455e-08   5.908979e-08   9.842900e+01 
6.380367e-01   -3.653215e-02   1.011389e-05   1.862552e-08   7.551134e-08   5.322223e-08   9.861950e+01 
6.380409e-01   -3.658400e-02   1.011150e-05   1.472299e-08   7.541030e-08   4.734603e-08   9.881011e+01 
6.380446e-01   -3.663587e-02   1.010941e-05   1.127744e-08   7.532139e-08   4.145927e-08   9.900084e+01 
6.380479e-01   -3.668777e-02   1.010762e-05   8.289496e-09   7.524458e-08   3.556427e-08   9.919169e+01 
6.380509e-01   -3.673971e-02   1.010614e-05   5.759528e-09   7.517983e-08   2.965964e-08   9.938266e+01 
6.380534e-01   -3.679167e-02   1.010497e-05   3.688045e-09   7.512710e-08   2.374496e-08   9.957374e+01 
6.380556e-01   -3.684367e-02   1.010412e-05   2.075682e-09   7.508641e-08   1.782287e-08   9.976495e+01 
6.380575e-01   -3.689570e-02   1.010357e-05   9.230578e-10   7.505779e-08   1.189077e-08   9.995628e+01 
6.380590e-01   -3.694776e-02   1.010334e-05   2.309102e-10   7.504120e-08   5.949418e-09   1.001477e+02 
6.380604e-01   -3.699985e-02   1.010348e-05   1.756408e-17   7.503689e-08   -1.353084e-16   1.003393e+02 
