% The data presented here were obtained from a direct numerical simulation of a turbulent 
% boundary layer developing under a pressure gradient. All the data shown here are 
% not normalized. Please refer to the references below for rmore detailed information.
 
 
% We compute the boundary layer thickness using the method of Griffin et al. (2021). 
% The pressure-gradient parameters of beta_{ZS} and beta_i are computed as follows. 
% beta_{ZS}=(delta)/(rho U_{ZS}^2)(dp_e/dx) and beta_i = (nu/rho u_tau^3)(d p_w/dx) 
% where $delta$ is the boundary layer thickness, $U_{ZS}$ is the Zagorola-Smits velocity, 
% $p_e$ and $p_w$ are the pressure at the edge of boundary layer and wall, respectively. 
 
 
% Please check this report for rmore detailed information about the data: 
% Gungor, T. R., Gungor, A. G.., Maciel, Y. (2024). Datasets of  
% three non-equilibrium pressure gradient turbulent boundary layers.  
 
 
% Please cite this paper when referencing the data: 
% Gungor, A. G., Maciel, Y., Simens, M. P., & Soria, J. (2016).  
% Scaling  and statistics of large-defect adverse pressure gradient turbulent
% boundary layers. International Journal of Heat and Fluid Flow, 59, 109-124.  
 
  
% ========================================================================================= 
% 	 	 	************ Position 3 of DNS16 ************ 
% ========================================================================================= 

% 	 Re_tau = 3.953467e+02 
% 	 Re_theta=2.540790e+03 
% 	 utau=1.864548e-02 
% 	 U_e=7.484413e-01 
% 	 theta=9.699356e-01 
% 	 delta_star=1.941384e+00 
% 	 delta=6.058100e+00 
%  	 x_pos=6.100122e+01 
% 	 H=2.001559e+00 
% 	 C_f=1.217936e-03 
% 	 nu=2.857143e-04 
% 	 beta_RC=1.206164e+01 
% 	 beta_i=1.247374e-01 
% 	 beta_ZS=3.039175e-01 
 
% ========================================================================================================== 
% 	 U   	   V   	   u2   	   v2   	   w2   	   uv   	   y        
% ========================================================================================================= 
2.571493e-03   1.283509e-07   6.551706e-06   6.897715e-10   6.507443e-06   -1.024439e-08   2.100000e-03 
5.804443e-03   6.430449e-07   3.198382e-05   1.559278e-08   3.096269e-05   -1.148622e-07   4.700000e-03 
9.994813e-03   1.874167e-06   8.963643e-05   1.194986e-07   8.348104e-05   -5.862136e-07   8.000000e-03 
1.508047e-02   4.181717e-06   1.907394e-04   5.223864e-07   1.684645e-04   -1.989872e-06   1.190000e-02 
2.110295e-02   8.018271e-06   3.474107e-04   1.649064e-06   2.876988e-04   -5.280082e-06   1.640000e-02 
2.809028e-02   1.391478e-05   5.703699e-04   4.187388e-06   4.386286e-04   -1.181113e-05   2.150000e-02 
3.617151e-02   2.263613e-05   8.722196e-04   9.184743e-06   6.184532e-04   -2.340200e-05   2.730000e-02 
4.500454e-02   3.452113e-05   1.242386e-03   1.759088e-05   8.125067e-04   -4.113315e-05   3.360000e-02 
5.474471e-02   5.059560e-05   1.682706e-03   3.085264e-05   1.017624e-03   -6.653210e-05   4.060000e-02 
6.493794e-02   7.102283e-05   2.161862e-03   4.966653e-05   1.219575e-03   -9.904749e-05   4.810000e-02 
7.564242e-02   9.692871e-05   2.667515e-03   7.540547e-05   1.417190e-03   -1.388644e-04   5.630000e-02 
8.649410e-02   1.285934e-04   3.166842e-03   1.084340e-04   1.603403e-03   -1.842417e-04   6.510000e-02 
9.728020e-02   1.664946e-04   3.636841e-03   1.490261e-04   1.776068e-03   -2.335137e-04   7.450000e-02 
1.078199e-01   2.110471e-04   4.060876e-03   1.971595e-04   1.934502e-03   -2.849972e-04   8.450000e-02 
1.179731e-01   2.625736e-04   4.429457e-03   2.525520e-04   2.078900e-03   -3.372190e-04   9.510000e-02 
1.276433e-01   3.212726e-04   4.739517e-03   3.147031e-04   2.209905e-03   -3.890342e-04   1.063000e-01 
1.367727e-01   3.872176e-04   4.992818e-03   3.829373e-04   2.328415e-03   -4.396380e-04   1.181000e-01 
1.454020e-01   4.609962e-04   5.195779e-03   4.570465e-04   2.436416e-03   -4.889147e-04   1.306000e-01 
1.533940e-01   5.413649e-04   5.351943e-03   5.349576e-04   2.533500e-03   -5.358277e-04   1.436000e-01 
1.608915e-01   6.295193e-04   5.471017e-03   6.169507e-04   2.622434e-03   -5.809931e-04   1.573000e-01 
1.678627e-01   7.249056e-04   5.558681e-03   7.015204e-04   2.703477e-03   -6.240426e-04   1.716000e-01 
1.743499e-01   8.276310e-04   5.621314e-03   7.878282e-04   2.777448e-03   -6.650717e-04   1.865000e-01 
1.804004e-01   9.376749e-04   5.664854e-03   8.750929e-04   2.845400e-03   -7.042147e-04   2.020000e-01 
1.860641e-01   1.054805e-03   5.695002e-03   9.625762e-04   2.908547e-03   -7.416809e-04   2.181000e-01 
1.913884e-01   1.178705e-03   5.716761e-03   1.049559e-03   2.967901e-03   -7.777458e-04   2.348000e-01 
1.964146e-01   1.309177e-03   5.733851e-03   1.135359e-03   3.024314e-03   -8.126423e-04   2.521000e-01 
2.012040e-01   1.447019e-03   5.748921e-03   1.219824e-03   3.078767e-03   -8.466891e-04   2.701000e-01 
2.057337e-01   1.590888e-03   5.763336e-03   1.301524e-03   3.130944e-03   -8.795921e-04   2.886000e-01 
2.100814e-01   1.742718e-03   5.778164e-03   1.380964e-03   3.181720e-03   -9.117930e-04   3.078000e-01 
2.142518e-01   1.902394e-03   5.793976e-03   1.457480e-03   3.230673e-03   -9.432641e-04   3.276000e-01 
2.182752e-01   2.070643e-03   5.810993e-03   1.531146e-03   3.276973e-03   -9.740628e-04   3.480000e-01 
2.221796e-01   2.247737e-03   5.829586e-03   1.602185e-03   3.320660e-03   -1.004086e-03   3.690000e-01 
2.259888e-01   2.433172e-03   5.850632e-03   1.670755e-03   3.362698e-03   -1.033372e-03   3.906000e-01 
2.297216e-01   2.626145e-03   5.874052e-03   1.736887e-03   3.403165e-03   -1.062159e-03   4.128000e-01 
2.333961e-01   2.826353e-03   5.898796e-03   1.800683e-03   3.441363e-03   -1.090736e-03   4.356000e-01 
2.370425e-01   3.034742e-03   5.924336e-03   1.862553e-03   3.478121e-03   -1.119578e-03   4.591000e-01 
2.406379e-01   3.249345e-03   5.950671e-03   1.922063e-03   3.514131e-03   -1.148663e-03   4.831000e-01 
2.442200e-01   3.472425e-03   5.978866e-03   1.979726e-03   3.549775e-03   -1.178139e-03   5.078000e-01 
2.477690e-01   3.703416e-03   6.008815e-03   2.035060e-03   3.584396e-03   -1.207465e-03   5.330000e-01 
2.513151e-01   3.944605e-03   6.040503e-03   2.088471e-03   3.617774e-03   -1.236700e-03   5.589000e-01 
2.548370e-01   4.193834e-03   6.074367e-03   2.139665e-03   3.649357e-03   -1.265617e-03   5.854000e-01 
2.583390e-01   4.449854e-03   6.110766e-03   2.188819e-03   3.678359e-03   -1.294160e-03   6.125000e-01 
2.618371e-01   4.713316e-03   6.148908e-03   2.235987e-03   3.704982e-03   -1.322396e-03   6.402000e-01 
2.653550e-01   4.986217e-03   6.188534e-03   2.281004e-03   3.730514e-03   -1.350361e-03   6.686000e-01 
2.688775e-01   5.266691e-03   6.230669e-03   2.323284e-03   3.755460e-03   -1.377427e-03   6.975000e-01 
2.724312e-01   5.555120e-03   6.277458e-03   2.363222e-03   3.780870e-03   -1.403561e-03   7.270000e-01 
2.760331e-01   5.851211e-03   6.328785e-03   2.401116e-03   3.807207e-03   -1.428975e-03   7.572000e-01 
2.796626e-01   6.153104e-03   6.384462e-03   2.437187e-03   3.833113e-03   -1.453564e-03   7.880000e-01 
2.833199e-01   6.461553e-03   6.444238e-03   2.471661e-03   3.858743e-03   -1.477189e-03   8.194000e-01 
2.870033e-01   6.776658e-03   6.506611e-03   2.504688e-03   3.886055e-03   -1.499921e-03   8.513000e-01 
2.907430e-01   7.100545e-03   6.567681e-03   2.536815e-03   3.915108e-03   -1.522293e-03   8.839000e-01 
2.945369e-01   7.433900e-03   6.624679e-03   2.568325e-03   3.945330e-03   -1.544288e-03   9.172000e-01 
2.983591e-01   7.774678e-03   6.677420e-03   2.599256e-03   3.975887e-03   -1.565460e-03   9.510000e-01 
3.022312e-01   8.123428e-03   6.728232e-03   2.629410e-03   4.005502e-03   -1.585943e-03   9.854000e-01 
3.061718e-01   8.481577e-03   6.780813e-03   2.657782e-03   4.036392e-03   -1.605893e-03   1.020500e+00 
3.101585e-01   8.846097e-03   6.835184e-03   2.683533e-03   4.068076e-03   -1.625045e-03   1.056100e+00 
3.142186e-01   9.219481e-03   6.891109e-03   2.707049e-03   4.098291e-03   -1.643430e-03   1.092400e+00 
3.183355e-01   9.601181e-03   6.946830e-03   2.728878e-03   4.126956e-03   -1.661237e-03   1.129200e+00 
3.225407e-01   9.991222e-03   7.000323e-03   2.749786e-03   4.154499e-03   -1.679178e-03   1.166700e+00 
3.268274e-01   1.038835e-02   7.049852e-03   2.770394e-03   4.182657e-03   -1.697059e-03   1.204800e+00 
3.311944e-01   1.079650e-02   7.095696e-03   2.790878e-03   4.210882e-03   -1.714006e-03   1.243500e+00 
3.356623e-01   1.122066e-02   7.140315e-03   2.811203e-03   4.236723e-03   -1.729502e-03   1.282900e+00 
3.402117e-01   1.165937e-02   7.187402e-03   2.830239e-03   4.260708e-03   -1.743622e-03   1.322800e+00 
3.448408e-01   1.211154e-02   7.238517e-03   2.847063e-03   4.284093e-03   -1.757246e-03   1.363300e+00 
3.495475e-01   1.257563e-02   7.292474e-03   2.861327e-03   4.307099e-03   -1.770214e-03   1.404500e+00 
3.543080e-01   1.305138e-02   7.343754e-03   2.873625e-03   4.330019e-03   -1.781596e-03   1.446200e+00 
3.591506e-01   1.354035e-02   7.388565e-03   2.885222e-03   4.352632e-03   -1.792165e-03   1.488600e+00 
3.640756e-01   1.404045e-02   7.423974e-03   2.896559e-03   4.374267e-03   -1.802099e-03   1.531600e+00 
3.690973e-01   1.455351e-02   7.451864e-03   2.907065e-03   4.395075e-03   -1.811783e-03   1.575200e+00 
3.741922e-01   1.507883e-02   7.475063e-03   2.916639e-03   4.414850e-03   -1.820951e-03   1.619400e+00 
3.793270e-01   1.561407e-02   7.494015e-03   2.924649e-03   4.430563e-03   -1.829005e-03   1.664200e+00 
3.845170e-01   1.615797e-02   7.512008e-03   2.931279e-03   4.440873e-03   -1.836104e-03   1.709600e+00 
3.897963e-01   1.671322e-02   7.530018e-03   2.934760e-03   4.447430e-03   -1.841856e-03   1.755700e+00 
3.951302e-01   1.727352e-02   7.544157e-03   2.934626e-03   4.448404e-03   -1.848106e-03   1.802300e+00 
4.005161e-01   1.783994e-02   7.553028e-03   2.931759e-03   4.446490e-03   -1.854249e-03   1.849600e+00 
4.059327e-01   1.841583e-02   7.555513e-03   2.928063e-03   4.445778e-03   -1.858887e-03   1.897500e+00 
4.114039e-01   1.900143e-02   7.549739e-03   2.924959e-03   4.446365e-03   -1.862697e-03   1.945900e+00 
4.169895e-01   1.960145e-02   7.534842e-03   2.921267e-03   4.447533e-03   -1.866264e-03   1.995000e+00 
4.226332e-01   2.021331e-02   7.516385e-03   2.916368e-03   4.448865e-03   -1.869401e-03   2.044700e+00 
4.282946e-01   2.083497e-02   7.496844e-03   2.909572e-03   4.450796e-03   -1.870424e-03   2.095000e+00 
4.340295e-01   2.146800e-02   7.475640e-03   2.899860e-03   4.451629e-03   -1.868632e-03   2.146000e+00 
4.398508e-01   2.211283e-02   7.451549e-03   2.887455e-03   4.452859e-03   -1.864406e-03   2.197500e+00 
4.457323e-01   2.276592e-02   7.426129e-03   2.873007e-03   4.452914e-03   -1.858818e-03   2.249600e+00 
4.516746e-01   2.342957e-02   7.402407e-03   2.857097e-03   4.445480e-03   -1.851500e-03   2.302400e+00 
4.577135e-01   2.410568e-02   7.374206e-03   2.840425e-03   4.429436e-03   -1.843316e-03   2.355800e+00 
4.638164e-01   2.479156e-02   7.333852e-03   2.823591e-03   4.404719e-03   -1.834320e-03   2.409700e+00 
4.699615e-01   2.548693e-02   7.281512e-03   2.805863e-03   4.371741e-03   -1.823663e-03   2.464300e+00 
4.761588e-01   2.619355e-02   7.227993e-03   2.785102e-03   4.339164e-03   -1.809797e-03   2.519500e+00 
4.824282e-01   2.691409e-02   7.172230e-03   2.760837e-03   4.305790e-03   -1.793217e-03   2.575300e+00 
4.887288e-01   2.764602e-02   7.112119e-03   2.733956e-03   4.268495e-03   -1.774309e-03   2.631800e+00 
4.950013e-01   2.838119e-02   7.047792e-03   2.704503e-03   4.230661e-03   -1.753734e-03   2.688800e+00 
5.012934e-01   2.912323e-02   6.981830e-03   2.672785e-03   4.190813e-03   -1.731873e-03   2.746400e+00 
5.076212e-01   2.987130e-02   6.917171e-03   2.636607e-03   4.147221e-03   -1.710430e-03   2.804700e+00 
5.139233e-01   3.062741e-02   6.839384e-03   2.597192e-03   4.096695e-03   -1.688159e-03   2.863500e+00 
5.202498e-01   3.139912e-02   6.749754e-03   2.555599e-03   4.038300e-03   -1.661734e-03   2.923000e+00 
5.266292e-01   3.218271e-02   6.654123e-03   2.513243e-03   3.976168e-03   -1.633395e-03   2.983100e+00 
5.330595e-01   3.297372e-02   6.547477e-03   2.471581e-03   3.913268e-03   -1.605101e-03   3.043800e+00 
5.395483e-01   3.377111e-02   6.432511e-03   2.430178e-03   3.851866e-03   -1.576053e-03   3.105100e+00 
5.460755e-01   3.457354e-02   6.319015e-03   2.389084e-03   3.786206e-03   -1.545162e-03   3.167000e+00 
5.526311e-01   3.538122e-02   6.202953e-03   2.346439e-03   3.719277e-03   -1.512343e-03   3.229500e+00 
5.592366e-01   3.619615e-02   6.081695e-03   2.302447e-03   3.649445e-03   -1.479966e-03   3.292700e+00 
5.658402e-01   3.701833e-02   5.962401e-03   2.257410e-03   3.572240e-03   -1.446895e-03   3.356400e+00 
5.724427e-01   3.784845e-02   5.841887e-03   2.209304e-03   3.487396e-03   -1.412738e-03   3.420800e+00 
5.790410e-01   3.868382e-02   5.715538e-03   2.156708e-03   3.394771e-03   -1.378599e-03   3.485800e+00 
5.856047e-01   3.952619e-02   5.587267e-03   2.100970e-03   3.297817e-03   -1.342351e-03   3.551300e+00 
5.921356e-01   4.037219e-02   5.460478e-03   2.043474e-03   3.200726e-03   -1.304359e-03   3.617500e+00 
5.986528e-01   4.122390e-02   5.329398e-03   1.984474e-03   3.105297e-03   -1.265161e-03   3.684300e+00 
6.051752e-01   4.208459e-02   5.190587e-03   1.924666e-03   3.006795e-03   -1.224039e-03   3.751700e+00 
6.116871e-01   4.294910e-02   5.044556e-03   1.864200e-03   2.904619e-03   -1.182088e-03   3.819800e+00 
6.181282e-01   4.381315e-02   4.884500e-03   1.804845e-03   2.802474e-03   -1.139977e-03   3.888400e+00 
6.244526e-01   4.467198e-02   4.718736e-03   1.745502e-03   2.694446e-03   -1.099035e-03   3.957700e+00 
6.306977e-01   4.552828e-02   4.552198e-03   1.685409e-03   2.586358e-03   -1.057038e-03   4.027500e+00 
6.369384e-01   4.639102e-02   4.382640e-03   1.622902e-03   2.477199e-03   -1.012840e-03   4.098000e+00 
6.431130e-01   4.725165e-02   4.214526e-03   1.558425e-03   2.361165e-03   -9.673083e-04   4.169100e+00 
6.492273e-01   4.811342e-02   4.042207e-03   1.493673e-03   2.240812e-03   -9.201644e-04   4.240700e+00 
6.552903e-01   4.897971e-02   3.861803e-03   1.429728e-03   2.120031e-03   -8.719033e-04   4.313000e+00 
6.612520e-01   4.984018e-02   3.674998e-03   1.365835e-03   2.003856e-03   -8.247993e-04   4.385900e+00 
6.671242e-01   5.069559e-02   3.487893e-03   1.301792e-03   1.888046e-03   -7.778071e-04   4.459500e+00 
6.729044e-01   5.154532e-02   3.300647e-03   1.237375e-03   1.775072e-03   -7.312629e-04   4.533600e+00 
6.785939e-01   5.238842e-02   3.112763e-03   1.172326e-03   1.661053e-03   -6.858780e-04   4.608300e+00 
6.841791e-01   5.322603e-02   2.928215e-03   1.107450e-03   1.547309e-03   -6.398120e-04   4.683700e+00 
6.896415e-01   5.405570e-02   2.741784e-03   1.044367e-03   1.437246e-03   -5.941627e-04   4.759700e+00 
6.949625e-01   5.487525e-02   2.556004e-03   9.842344e-04   1.328449e-03   -5.493902e-04   4.836200e+00 
7.001507e-01   5.568708e-02   2.372855e-03   9.268244e-04   1.219308e-03   -5.049775e-04   4.913400e+00 
7.051916e-01   5.648962e-02   2.189603e-03   8.713951e-04   1.113264e-03   -4.610736e-04   4.991200e+00 
7.100349e-01   5.727539e-02   2.011162e-03   8.169433e-04   1.011361e-03   -4.186781e-04   5.069600e+00 
7.146723e-01   5.804400e-02   1.835947e-03   7.625912e-04   9.155843e-04   -3.776208e-04   5.148600e+00 
7.191264e-01   5.880035e-02   1.660333e-03   7.086451e-04   8.262130e-04   -3.377780e-04   5.228300e+00 
7.233454e-01   5.953721e-02   1.488296e-03   6.560555e-04   7.389116e-04   -3.000769e-04   5.308500e+00 
7.272880e-01   6.024816e-02   1.325458e-03   6.051589e-04   6.543540e-04   -2.651402e-04   5.389400e+00 
7.309306e-01   6.092954e-02   1.173122e-03   5.558134e-04   5.758987e-04   -2.335369e-04   5.470800e+00 
7.342894e-01   6.158658e-02   1.028094e-03   5.085021e-04   5.037095e-04   -2.045386e-04   5.552900e+00 
7.373552e-01   6.221779e-02   8.917199e-04   4.638988e-04   4.374285e-04   -1.781868e-04   5.635600e+00 
7.401368e-01   6.282245e-02   7.642454e-04   4.215412e-04   3.785446e-04   -1.546748e-04   5.718900e+00 
7.426382e-01   6.340174e-02   6.484085e-04   3.812067e-04   3.271566e-04   -1.333863e-04   5.802800e+00 
7.448475e-01   6.395574e-02   5.459793e-04   3.434008e-04   2.806934e-04   -1.140386e-04   5.887300e+00 
7.467728e-01   6.448488e-02   4.554756e-04   3.081662e-04   2.386784e-04   -9.682639e-05   5.972400e+00 
7.484413e-01   6.499115e-02   3.766345e-04   2.753185e-04   2.014565e-04   -8.181252e-05   6.058100e+00 
7.498898e-01   6.547922e-02   3.078297e-04   2.449232e-04   1.682284e-04   -6.831137e-05   6.144500e+00 
7.511214e-01   6.594788e-02   2.502217e-04   2.168243e-04   1.391700e-04   -5.618241e-05   6.231400e+00 
7.521390e-01   6.639723e-02   2.030115e-04   1.909368e-04   1.146237e-04   -4.565146e-05   6.319000e+00 
7.529657e-01   6.682937e-02   1.642899e-04   1.673922e-04   9.412604e-05   -3.659963e-05   6.407200e+00 
7.536229e-01   6.724594e-02   1.332658e-04   1.459732e-04   7.679894e-05   -2.903864e-05   6.496000e+00 
7.541405e-01   6.765007e-02   1.080455e-04   1.266171e-04   6.225762e-05   -2.267031e-05   6.585400e+00 
7.545519e-01   6.804532e-02   8.779709e-05   1.093027e-04   5.054643e-05   -1.725297e-05   6.675400e+00 
7.548712e-01   6.843279e-02   7.204565e-05   9.401177e-05   4.126502e-05   -1.293383e-05   6.766000e+00 
7.551094e-01   6.881355e-02   5.950332e-05   8.072921e-05   3.387145e-05   -9.675089e-06   6.857200e+00 
7.552822e-01   6.918952e-02   4.949695e-05   6.932005e-05   2.785660e-05   -7.317799e-06   6.949100e+00 
7.554062e-01   6.956175e-02   4.184568e-05   5.961066e-05   2.290004e-05   -5.676471e-06   7.041500e+00 
7.554937e-01   6.993282e-02   3.587995e-05   5.138585e-05   1.895930e-05   -4.533020e-06   7.134600e+00 
7.555484e-01   7.030302e-02   3.108561e-05   4.444534e-05   1.581772e-05   -3.679072e-06   7.228300e+00 
7.555729e-01   7.067276e-02   2.706636e-05   3.862494e-05   1.319870e-05   -2.992211e-06   7.322600e+00 
7.555693e-01   7.104235e-02   2.367743e-05   3.375883e-05   1.113635e-05   -2.373558e-06   7.417500e+00 
7.555360e-01   7.141149e-02   2.092603e-05   2.961813e-05   9.534900e-06   -1.862363e-06   7.513000e+00 
7.554714e-01   7.177998e-02   1.855668e-05   2.607469e-05   8.217617e-06   -1.506816e-06   7.609100e+00 
7.553762e-01   7.214793e-02   1.652948e-05   2.306245e-05   7.092389e-06   -1.250814e-06   7.705800e+00 
7.552536e-01   7.251612e-02   1.483268e-05   2.051204e-05   6.146644e-06   -1.037409e-06   7.803200e+00 
7.551073e-01   7.288410e-02   1.339573e-05   1.833544e-05   5.368787e-06   -8.614747e-07   7.901100e+00 
7.549395e-01   7.325278e-02   1.215990e-05   1.644165e-05   4.732098e-06   -7.420042e-07   7.999700e+00 
7.547549e-01   7.362188e-02   1.104471e-05   1.478686e-05   4.208451e-06   -6.616354e-07   8.098800e+00 
7.545593e-01   7.399281e-02   1.001096e-05   1.334610e-05   3.769081e-06   -5.852326e-07   8.198600e+00 
7.543572e-01   7.436562e-02   9.094414e-06   1.209178e-05   3.385944e-06   -5.270067e-07   8.299000e+00 
7.541525e-01   7.474064e-02   8.283749e-06   1.099035e-05   3.054218e-06   -4.955847e-07   8.400000e+00 
7.539489e-01   7.511830e-02   7.561840e-06   1.002006e-05   2.768701e-06   -4.725795e-07   8.501600e+00 
7.537485e-01   7.549918e-02   6.917880e-06   9.162715e-06   2.519232e-06   -4.537073e-07   8.603900e+00 
7.535527e-01   7.588266e-02   6.339498e-06   8.403675e-06   2.298010e-06   -4.400696e-07   8.706700e+00 
7.533622e-01   7.626920e-02   5.820497e-06   7.727740e-06   2.100530e-06   -4.276824e-07   8.810100e+00 
7.531765e-01   7.665917e-02   5.354796e-06   7.122300e-06   1.923756e-06   -4.149332e-07   8.914200e+00 
7.529953e-01   7.705215e-02   4.936899e-06   6.578151e-06   1.765238e-06   -4.021579e-07   9.018900e+00 
7.528175e-01   7.744763e-02   4.561652e-06   6.087792e-06   1.622787e-06   -3.893579e-07   9.124100e+00 
7.526414e-01   7.784626e-02   4.224087e-06   5.643905e-06   1.494043e-06   -3.761393e-07   9.230000e+00 
7.524659e-01   7.824750e-02   3.919724e-06   5.241533e-06   1.377348e-06   -3.624952e-07   9.336500e+00 
7.522897e-01   7.865125e-02   3.643998e-06   4.875855e-06   1.271354e-06   -3.485931e-07   9.443600e+00 
7.521114e-01   7.905775e-02   3.393021e-06   4.542336e-06   1.174848e-06   -3.346783e-07   9.551400e+00 
7.519305e-01   7.946616e-02   3.164275e-06   4.237923e-06   1.086967e-06   -3.210045e-07   9.659700e+00 
7.517459e-01   7.987676e-02   2.954998e-06   3.959163e-06   1.006705e-06   -3.076971e-07   9.768600e+00 
7.515570e-01   8.028989e-02   2.762835e-06   3.703163e-06   9.332160e-07   -2.948381e-07   9.878200e+00 
7.513634e-01   8.070512e-02   2.586104e-06   3.467858e-06   8.658883e-07   -2.824971e-07   9.988400e+00 
7.511653e-01   8.112205e-02   2.423361e-06   3.251401e-06   8.041658e-07   -2.706971e-07   1.009910e+01 
7.509619e-01   8.154142e-02   2.272969e-06   3.051607e-06   7.474026e-07   -2.594309e-07   1.021050e+01 
7.507534e-01   8.196286e-02   2.133901e-06   2.867101e-06   6.951839e-07   -2.487080e-07   1.032250e+01 
7.505397e-01   8.238634e-02   2.005124e-06   2.696492e-06   6.470859e-07   -2.385170e-07   1.043510e+01 
7.503207e-01   8.281226e-02   1.885599e-06   2.538408e-06   6.026971e-07   -2.288222e-07   1.054840e+01 
7.500965e-01   8.323985e-02   1.774704e-06   2.392028e-06   5.617595e-07   -2.196148e-07   1.066220e+01 
7.498671e-01   8.366949e-02   1.671579e-06   2.256230e-06   5.239303e-07   -2.108251e-07   1.077660e+01 
7.496320e-01   8.410155e-02   1.575489e-06   2.130023e-06   4.889124e-07   -2.024261e-07   1.089170e+01 
7.493918e-01   8.453528e-02   1.485995e-06   2.012828e-06   4.565229e-07   -1.943743e-07   1.100730e+01 
7.491458e-01   8.497142e-02   1.402426e-06   1.903721e-06   4.264862e-07   -1.866569e-07   1.112360e+01 
7.488945e-01   8.540962e-02   1.324368e-06   1.802146e-06   3.986343e-07   -1.792281e-07   1.124050e+01 
7.486374e-01   8.584983e-02   1.251408e-06   1.707496e-06   3.727870e-07   -1.721158e-07   1.135800e+01 
7.483751e-01   8.629211e-02   1.183125e-06   1.619240e-06   3.487826e-07   -1.652486e-07   1.147610e+01 
7.481066e-01   8.673639e-02   1.119203e-06   1.536869e-06   3.264733e-07   -1.586834e-07   1.159480e+01 
7.478331e-01   8.718276e-02   1.059267e-06   1.459946e-06   3.057254e-07   -1.523168e-07   1.171410e+01 
7.475529e-01   8.763147e-02   1.003030e-06   1.387983e-06   2.864017e-07   -1.462302e-07   1.183410e+01 
7.472682e-01   8.808194e-02   9.502523e-07   1.320752e-06   2.684235e-07   -1.402992e-07   1.195460e+01 
7.469762e-01   8.853468e-02   9.006753e-07   1.257764e-06   2.516590e-07   -1.346377e-07   1.207580e+01 
7.466802e-01   8.898925e-02   8.540700e-07   1.198843e-06   2.360441e-07   -1.290860e-07   1.219750e+01 
7.463760e-01   8.944601e-02   8.102511e-07   1.143564e-06   2.214674e-07   -1.238010e-07   1.231990e+01 
7.460684e-01   8.990504e-02   7.689628e-07   1.091753e-06   2.078655e-07   -1.185946e-07   1.244290e+01 
7.457517e-01   9.036580e-02   7.301404e-07   1.043120e-06   1.951664e-07   -1.136530e-07   1.256650e+01 
7.454327e-01   9.082892e-02   6.935039e-07   9.974862e-07   1.833053e-07   -1.087750e-07   1.269070e+01 
7.451030e-01   9.129405e-02   6.589821e-07   9.545685e-07   1.722130e-07   -1.041338e-07   1.281560e+01 
7.447726e-01   9.176128e-02   6.263919e-07   9.142787e-07   1.618528e-07   -9.957754e-08   1.294100e+01 
7.444307e-01   9.223008e-02   5.956540e-07   8.763836e-07   1.521636e-07   -9.520351e-08   1.306700e+01 
7.440885e-01   9.270178e-02   5.665767e-07   8.407006e-07   1.430924e-07   -9.095632e-08   1.319370e+01 
7.437342e-01   9.317507e-02   5.391013e-07   8.071215e-07   1.346037e-07   -8.679981e-08   1.332100e+01 
7.433805e-01   9.365048e-02   5.131724e-07   7.755019e-07   1.266633e-07   -8.283628e-08   1.344880e+01 
7.430147e-01   9.412796e-02   4.886147e-07   7.457212e-07   1.192222e-07   -7.883332e-08   1.357730e+01 
7.426480e-01   9.460773e-02   4.654766e-07   7.176093e-07   1.122528e-07   -7.506723e-08   1.370640e+01 
7.422702e-01   9.508937e-02   4.435585e-07   6.911578e-07   1.057239e-07   -7.114241e-08   1.383610e+01 
7.418887e-01   9.557288e-02   4.229512e-07   6.661459e-07   9.960616e-08   -6.748709e-08   1.396640e+01 
7.414972e-01   9.605886e-02   4.033780e-07   6.425791e-07   9.386842e-08   -6.365445e-08   1.409740e+01 
7.410990e-01   9.654588e-02   3.849397e-07   6.202769e-07   8.849433e-08   -6.011001e-08   1.422890e+01 
7.406930e-01   9.703568e-02   3.673745e-07   5.992168e-07   8.345163e-08   -5.651488e-08   1.436110e+01 
7.402785e-01   9.752629e-02   3.507352e-07   5.792851e-07   7.872720e-08   -5.311747e-08   1.449380e+01 
7.398578e-01   9.801990e-02   3.349203e-07   5.603998e-07   7.429189e-08   -4.984069e-08   1.462720e+01 
7.394291e-01   9.851480e-02   3.198770e-07   5.425554e-07   7.013335e-08   -4.652329e-08   1.476120e+01 
7.389927e-01   9.901211e-02   3.056876e-07   5.255984e-07   6.623063e-08   -4.348168e-08   1.489580e+01 
7.385513e-01   9.951110e-02   2.921454e-07   5.096211e-07   6.257176e-08   -4.018488e-08   1.503100e+01 
7.380972e-01   1.000118e-01   2.794159e-07   4.943843e-07   5.913677e-08   -3.727262e-08   1.516680e+01 
7.376429e-01   1.005149e-01   2.672347e-07   4.800220e-07   5.591675e-08   -3.409491e-08   1.530320e+01 
7.371698e-01   1.010193e-01   2.557361e-07   4.663097e-07   5.289089e-08   -3.123588e-08   1.544030e+01 
7.367016e-01   1.015263e-01   2.447757e-07   4.533347e-07   5.005671e-08   -2.831056e-08   1.557790e+01 
7.362119e-01   1.020344e-01   2.343563e-07   4.410043e-07   4.739367e-08   -2.542476e-08   1.571620e+01 
7.357274e-01   1.025449e-01   2.245084e-07   4.292359e-07   4.489922e-08   -2.278762e-08   1.585500e+01 
7.352242e-01   1.030571e-01   2.150713e-07   4.181349e-07   4.255628e-08   -1.986112e-08   1.599450e+01 
7.347201e-01   1.035712e-01   2.062006e-07   4.074470e-07   4.036011e-08   -1.741470e-08   1.613460e+01 
7.342049e-01   1.040877e-01   1.976885e-07   3.973989e-07   3.830014e-08   -1.457436e-08   1.627530e+01 
7.336811e-01   1.046049e-01   1.896671e-07   3.877248e-07   3.636931e-08   -1.213429e-08   1.641660e+01 
7.331518e-01   1.051259e-01   1.820137e-07   3.785528e-07   3.455788e-08   -9.542879e-09   1.655860e+01 
7.326107e-01   1.056466e-01   1.747475e-07   3.698207e-07   3.286232e-08   -6.969120e-09   1.670110e+01 
7.320634e-01   1.061705e-01   1.678849e-07   3.614094e-07   3.127345e-08   -4.686200e-09   1.684420e+01 
7.315087e-01   1.066958e-01   1.613153e-07   3.535045e-07   2.978556e-08   -2.014654e-09   1.698800e+01 
7.309387e-01   1.072228e-01   1.551298e-07   3.457986e-07   2.839199e-08   1.262881e-10   1.713240e+01 
7.303722e-01   1.077520e-01   1.492264e-07   3.385659e-07   2.709068e-08   2.652660e-09   1.727730e+01 
7.297807e-01   1.082820e-01   1.436346e-07   3.315674e-07   2.587207e-08   4.905262e-09   1.742290e+01 
7.291973e-01   1.088151e-01   1.383264e-07   3.248539e-07   2.473460e-08   7.079961e-09   1.756910e+01 
7.285901e-01   1.093490e-01   1.332779e-07   3.185142e-07   2.367151e-08   9.520670e-09   1.771590e+01 
7.279838e-01   1.098851e-01   1.284933e-07   3.122670e-07   2.268005e-08   1.140111e-08   1.786340e+01 
7.273657e-01   1.104237e-01   1.239657e-07   3.064541e-07   2.175621e-08   1.381567e-08   1.801140e+01 
7.267360e-01   1.109619e-01   1.196782e-07   3.007367e-07   2.089667e-08   1.577209e-08   1.816000e+01 
7.261026e-01   1.115048e-01   1.156402e-07   2.952916e-07   2.009563e-08   1.787733e-08   1.830930e+01 
7.254540e-01   1.120464e-01   1.118545e-07   2.901191e-07   1.935327e-08   2.014428e-08   1.845910e+01 
7.247956e-01   1.125916e-01   1.082585e-07   2.849821e-07   1.866281e-08   2.192109e-08   1.860960e+01 
7.241330e-01   1.131377e-01   1.049455e-07   2.802296e-07   1.802547e-08   2.428736e-08   1.876070e+01 
7.234447e-01   1.136845e-01   1.017855e-07   2.754694e-07   1.743329e-08   2.610277e-08   1.891240e+01 
7.227652e-01   1.142342e-01   9.887863e-08   2.709433e-07   1.688763e-08   2.811149e-08   1.906470e+01 
7.220543e-01   1.147838e-01   9.621770e-08   2.666162e-07   1.638206e-08   3.026366e-08   1.921760e+01 
7.213467e-01   1.153357e-01   9.368865e-08   2.622505e-07   1.591776e-08   3.187463e-08   1.937120e+01 
7.206222e-01   1.158896e-01   9.150594e-08   2.582318e-07   1.549132e-08   3.410993e-08   1.952530e+01 
7.198838e-01   1.164423e-01   8.935864e-08   2.541242e-07   1.510037e-08   3.571509e-08   1.968000e+01 
7.191442e-01   1.170006e-01   8.735143e-08   2.501689e-07   1.474062e-08   3.743866e-08   1.983540e+01 
7.183888e-01   1.175574e-01   8.544632e-08   2.463865e-07   1.440915e-08   3.935475e-08   1.999140e+01 
7.176253e-01   1.181181e-01   8.342620e-08   2.424820e-07   1.410161e-08   4.065273e-08   2.014800e+01 
7.168649e-01   1.186802e-01   8.172842e-08   2.389059e-07   1.381891e-08   4.263673e-08   2.030510e+01 
7.160731e-01   1.192430e-01   8.006478e-08   2.352361e-07   1.355528e-08   4.416269e-08   2.046300e+01 
7.152956e-01   1.198091e-01   7.861062e-08   2.316302e-07   1.331504e-08   4.564873e-08   2.062140e+01 
7.144877e-01   1.203754e-01   7.750981e-08   2.282478e-07   1.309224e-08   4.757118e-08   2.078040e+01 
7.136769e-01   1.209421e-01   7.628904e-08   2.246637e-07   1.288962e-08   4.871741e-08   2.094000e+01 
7.128587e-01   1.215139e-01   7.544069e-08   2.213594e-07   1.270321e-08   5.045729e-08   2.110030e+01 
7.120185e-01   1.220820e-01   7.461657e-08   2.180451e-07   1.253338e-08   5.196486e-08   2.126110e+01 
7.111755e-01   1.226559e-01   7.375262e-08   2.146586e-07   1.237810e-08   5.309958e-08   2.142260e+01 
7.103232e-01   1.232292e-01   7.330732e-08   2.115833e-07   1.223737e-08   5.490987e-08   2.158470e+01 
7.094428e-01   1.238030e-01   7.263196e-08   2.082988e-07   1.210845e-08   5.598735e-08   2.174740e+01 
7.085770e-01   1.243805e-01   7.219706e-08   2.051724e-07   1.199348e-08   5.732326e-08   2.191070e+01 
7.076737e-01   1.249571e-01   7.199135e-08   2.021925e-07   1.188772e-08   5.891676e-08   2.207460e+01 
7.067726e-01   1.255346e-01   7.149339e-08   1.989903e-07   1.179449e-08   5.975072e-08   2.223910e+01 
7.058612e-01   1.261167e-01   7.147735e-08   1.960996e-07   1.170958e-08   6.129042e-08   2.240420e+01 
7.049244e-01   1.266948e-01   7.135186e-08   1.931277e-07   1.163471e-08   6.247644e-08   2.257000e+01 
7.039874e-01   1.272789e-01   7.112966e-08   1.900795e-07   1.156785e-08   6.332774e-08   2.273630e+01 
7.030390e-01   1.278618e-01   7.142165e-08   1.873475e-07   1.150941e-08   6.489069e-08   2.290330e+01 
7.020586e-01   1.284448e-01   7.132565e-08   1.843703e-07   1.145753e-08   6.569185e-08   2.307090e+01 
7.010959e-01   1.290319e-01   7.145194e-08   1.815163e-07   1.141375e-08   6.669538e-08   2.323910e+01 
7.000940e-01   1.296174e-01   7.190749e-08   1.788522e-07   1.137490e-08   6.808524e-08   2.340780e+01 
6.990885e-01   1.302033e-01   7.187207e-08   1.759012e-07   1.134339e-08   6.862287e-08   2.357730e+01 
6.980788e-01   1.307950e-01   7.236317e-08   1.732349e-07   1.131622e-08   6.980256e-08   2.374730e+01 
6.970393e-01   1.313807e-01   7.284865e-08   1.705675e-07   1.129508e-08   7.087291e-08   2.391790e+01 
6.959947e-01   1.319723e-01   7.296350e-08   1.676950e-07   1.127796e-08   7.132493e-08   2.408910e+01 
6.949480e-01   1.325642e-01   7.375487e-08   1.651720e-07   1.126601e-08   7.258354e-08   2.426100e+01 
6.938573e-01   1.331540e-01   7.420762e-08   1.624742e-07   1.125729e-08   7.331240e-08   2.443350e+01 
6.927866e-01   1.337475e-01   7.453981e-08   1.597140e-07   1.125331e-08   7.378626e-08   2.460650e+01 
6.916840e-01   1.343422e-01   7.554040e-08   1.572788e-07   1.125197e-08   7.501118e-08   2.478020e+01 
6.905618e-01   1.349325e-01   7.594591e-08   1.545588e-07   1.125466e-08   7.542934e-08   2.495450e+01 
6.894440e-01   1.355313e-01   7.654587e-08   1.519219e-07   1.125961e-08   7.599064e-08   2.512940e+01 
6.883011e-01   1.361245e-01   7.765472e-08   1.495308e-07   1.126822e-08   7.707309e-08   2.530490e+01 
6.871314e-01   1.367193e-01   7.805001e-08   1.468072e-07   1.127839e-08   7.726714e-08   2.548100e+01 
6.859798e-01   1.373185e-01   7.890745e-08   1.442953e-07   1.129192e-08   7.789988e-08   2.565780e+01 
6.847793e-01   1.379141e-01   8.006128e-08   1.419162e-07   1.130689e-08   7.879358e-08   2.583510e+01 
6.835781e-01   1.385095e-01   8.047008e-08   1.392156e-07   1.132427e-08   7.882042e-08   2.601310e+01 
6.823730e-01   1.391122e-01   8.156501e-08   1.368090e-07   1.134319e-08   7.949901e-08   2.619170e+01 
6.811327e-01   1.397058e-01   8.271728e-08   1.344355e-07   1.136428e-08   8.017715e-08   2.637080e+01 
6.798815e-01   1.403054e-01   8.317891e-08   1.317779e-07   1.138590e-08   8.009590e-08   2.655060e+01 
6.786385e-01   1.409065e-01   8.446412e-08   1.294616e-07   1.141017e-08   8.076673e-08   2.673100e+01 
6.773397e-01   1.415028e-01   8.560850e-08   1.270961e-07   1.143458e-08   8.124840e-08   2.691200e+01 
6.760541e-01   1.421019e-01   8.612943e-08   1.244897e-07   1.146056e-08   8.107529e-08   2.709370e+01 
6.747533e-01   1.427055e-01   8.757221e-08   1.222503e-07   1.148756e-08   8.171164e-08   2.727590e+01 
6.734147e-01   1.432992e-01   8.870077e-08   1.199015e-07   1.151537e-08   8.200938e-08   2.745870e+01 
6.720743e-01   1.439015e-01   8.928877e-08   1.173513e-07   1.154326e-08   8.176458e-08   2.764220e+01 
6.707326e-01   1.445027e-01   9.083715e-08   1.151708e-07   1.157321e-08   8.232027e-08   2.782630e+01 
6.693347e-01   1.450984e-01   9.197473e-08   1.128481e-07   1.160218e-08   8.247291e-08   2.801090e+01 
6.679563e-01   1.456982e-01   9.260355e-08   1.103507e-07   1.163235e-08   8.213805e-08   2.819620e+01 
6.665552e-01   1.463016e-01   9.423905e-08   1.082205e-07   1.166316e-08   8.260560e-08   2.838210e+01 
6.651152e-01   1.468939e-01   9.540778e-08   1.059383e-07   1.169382e-08   8.264421e-08   2.856860e+01 
6.636764e-01   1.474957e-01   9.605987e-08   1.034810e-07   1.172440e-08   8.221594e-08   2.875570e+01 
6.622343e-01   1.480958e-01   9.773781e-08   1.013886e-07   1.175674e-08   8.256648e-08   2.894350e+01 
6.607315e-01   1.486893e-01   9.896767e-08   9.915579e-08   1.178746e-08   8.252579e-08   2.913180e+01 
6.592498e-01   1.492870e-01   9.961033e-08   9.673684e-08   1.181927e-08   8.198428e-08   2.932080e+01 
6.577473e-01   1.498887e-01   1.013059e-07   9.467741e-08   1.185158e-08   8.220868e-08   2.951030e+01 
6.562011e-01   1.504776e-01   1.026277e-07   9.251191e-08   1.188333e-08   8.211252e-08   2.970050e+01 
6.546526e-01   1.510756e-01   1.032566e-07   9.013620e-08   1.191466e-08   8.146465e-08   2.989130e+01 
6.531090e-01   1.516732e-01   1.049146e-07   8.810393e-08   1.194778e-08   8.152808e-08   3.008270e+01 
6.514977e-01   1.522627e-01   1.063644e-07   8.601921e-08   1.197872e-08   8.140488e-08   3.027470e+01 
6.499012e-01   1.528540e-01   1.069642e-07   8.369126e-08   1.201017e-08   8.064465e-08   3.046730e+01 
6.482947e-01   1.534528e-01   1.085348e-07   8.166859e-08   1.204192e-08   8.052481e-08   3.066050e+01 
6.466403e-01   1.540370e-01   1.101349e-07   7.967411e-08   1.207271e-08   8.039093e-08   3.085440e+01 
6.449693e-01   1.546263e-01   1.107386e-07   7.739892e-08   1.210191e-08   7.955067e-08   3.104880e+01 
6.433202e-01   1.552198e-01   1.121387e-07   7.537414e-08   1.213304e-08   7.920673e-08   3.124390e+01 
6.416019e-01   1.558044e-01   1.138953e-07   7.346967e-08   1.216169e-08   7.906554e-08   3.143950e+01 
6.398765e-01   1.563845e-01   1.145611e-07   7.127733e-08   1.219006e-08   7.818433e-08   3.163580e+01 
6.381579e-01   1.569775e-01   1.157350e-07   6.924526e-08   1.221896e-08   7.759592e-08   3.183270e+01 
6.364002e-01   1.575567e-01   1.175906e-07   6.743009e-08   1.224798e-08   7.740617e-08   3.203020e+01 
6.345954e-01   1.581334e-01   1.184196e-07   6.535632e-08   1.227462e-08   7.654772e-08   3.222830e+01 
6.328261e-01   1.587171e-01   1.193217e-07   6.332301e-08   1.230409e-08   7.570276e-08   3.242700e+01 
6.310061e-01   1.592982e-01   1.211823e-07   6.156431e-08   1.233260e-08   7.541321e-08   3.262640e+01 
6.291475e-01   1.598640e-01   1.222697e-07   5.962176e-08   1.236068e-08   7.463059e-08   3.282630e+01 
6.272940e-01   1.604433e-01   1.229344e-07   5.759019e-08   1.238877e-08   7.357494e-08   3.302690e+01 
6.254387e-01   1.610182e-01   1.246312e-07   5.584492e-08   1.241922e-08   7.309297e-08   3.322800e+01 
6.235037e-01   1.615816e-01   1.260323e-07   5.404588e-08   1.244597e-08   7.241323e-08   3.342980e+01 
6.215869e-01   1.621464e-01   1.265924e-07   5.206003e-08   1.247454e-08   7.122779e-08   3.363220e+01 
6.196619e-01   1.627210e-01   1.279611e-07   5.029586e-08   1.250233e-08   7.047398e-08   3.383520e+01 
6.176876e-01   1.632766e-01   1.296237e-07   4.863007e-08   1.253003e-08   6.985534e-08   3.403880e+01 
6.156741e-01   1.638322e-01   1.302878e-07   4.675022e-08   1.255373e-08   6.866824e-08   3.424300e+01 
6.136984e-01   1.643958e-01   1.312262e-07   4.496165e-08   1.258108e-08   6.760596e-08   3.444790e+01 
6.116620e-01   1.649527e-01   1.329462e-07   4.338677e-08   1.260417e-08   6.694340e-08   3.465330e+01 
6.095849e-01   1.654926e-01   1.339372e-07   4.167072e-08   1.262742e-08   6.586782e-08   3.485940e+01 
6.075149e-01   1.660468e-01   1.345374e-07   3.989592e-08   1.264790e-08   6.457354e-08   3.506600e+01 
6.054456e-01   1.665971e-01   1.360156e-07   3.834785e-08   1.267194e-08   6.371047e-08   3.527330e+01 
6.032878e-01   1.671324e-01   1.373578e-07   3.680253e-08   1.268915e-08   6.276241e-08   3.548120e+01 
6.011406e-01   1.676655e-01   1.379026e-07   3.510918e-08   1.270980e-08   6.138759e-08   3.568970e+01 
5.989962e-01   1.682129e-01   1.389033e-07   3.355288e-08   1.272728e-08   6.022649e-08   3.589880e+01 
5.968057e-01   1.687400e-01   1.404171e-07   3.215196e-08   1.274762e-08   5.929318e-08   3.610850e+01 
5.945520e-01   1.692599e-01   1.412369e-07   3.064934e-08   1.276050e-08   5.799804e-08   3.631880e+01 
5.923413e-01   1.697884e-01   1.418145e-07   2.912960e-08   1.278006e-08   5.656544e-08   3.652980e+01 
5.900871e-01   1.703162e-01   1.431239e-07   2.779929e-08   1.279330e-08   5.547165e-08   3.674130e+01 
5.877837e-01   1.708217e-01   1.443380e-07   2.647710e-08   1.281064e-08   5.430367e-08   3.695350e+01 
5.854505e-01   1.713307e-01   1.447870e-07   2.504230e-08   1.282060e-08   5.277846e-08   3.716620e+01 
5.831509e-01   1.718451e-01   1.456648e-07   2.370535e-08   1.284030e-08   5.142743e-08   3.737960e+01 
5.807892e-01   1.723529e-01   1.469635e-07   2.248509e-08   1.285207e-08   5.027258e-08   3.759360e+01 
5.783713e-01   1.728343e-01   1.476379e-07   2.118028e-08   1.287118e-08   4.883167e-08   3.780820e+01 
5.759581e-01   1.733320e-01   1.482556e-07   1.987775e-08   1.288423e-08   4.732333e-08   3.802340e+01 
5.735802e-01   1.738345e-01   1.491907e-07   1.869342e-08   1.291056e-08   4.597280e-08   3.823920e+01 
5.710660e-01   1.743057e-01   1.500792e-07   1.755396e-08   1.292433e-08   4.459958e-08   3.845570e+01 
5.685668e-01   1.747729e-01   1.509092e-07   1.639981e-08   1.295116e-08   4.312233e-08   3.867270e+01 
5.660928e-01   1.752652e-01   1.512643e-07   1.524677e-08   1.296891e-08   4.149714e-08   3.889040e+01 
5.635505e-01   1.757252e-01   1.521024e-07   1.422420e-08   1.299860e-08   4.006319e-08   3.910870e+01 
5.609557e-01   1.761815e-01   1.532573e-07   1.325398e-08   1.301432e-08   3.869418e-08   3.932750e+01 
5.583826e-01   1.766370e-01   1.533251e-07   1.219261e-08   1.304463e-08   3.694382e-08   3.954700e+01 
5.557484e-01   1.770872e-01   1.539820e-07   1.123077e-08   1.305962e-08   3.538199e-08   3.976710e+01 
5.531502e-01   1.775403e-01   1.550781e-07   1.036643e-08   1.309291e-08   3.397099e-08   3.998780e+01 
5.504335e-01   1.779674e-01   1.551342e-07   9.445216e-09   1.310569e-08   3.222988e-08   4.020910e+01 
5.477131e-01   1.783830e-01   1.558756e-07   8.590071e-09   1.313722e-08   3.064098e-08   4.043110e+01 
5.450457e-01   1.788346e-01   1.565215e-07   7.787117e-09   1.315585e-08   2.904356e-08   4.065360e+01 
5.422928e-01   1.792453e-01   1.567076e-07   7.028880e-09   1.319070e-08   2.733713e-08   4.087680e+01 
5.394481e-01   1.796373e-01   1.573800e-07   6.324664e-09   1.320780e-08   2.572552e-08   4.110050e+01 
5.366711e-01   1.800444e-01   1.577806e-07   5.623212e-09   1.324805e-08   2.401638e-08   4.132490e+01 
5.338562e-01   1.804556e-01   1.582856e-07   4.989939e-09   1.327187e-08   2.236188e-08   4.154990e+01 
5.310111e-01   1.808428e-01   1.583493e-07   4.387276e-09   1.331483e-08   2.059491e-08   4.177550e+01 
5.280335e-01   1.811972e-01   1.585672e-07   3.830139e-09   1.334020e-08   1.885702e-08   4.200170e+01 
5.251552e-01   1.815778e-01   1.597869e-07   3.347041e-09   1.338396e-08   1.734727e-08   4.222850e+01 
5.222607e-01   1.819705e-01   1.592060e-07   2.849038e-09   1.341738e-08   1.540897e-08   4.245590e+01 
5.192309e-01   1.822982e-01   1.591421e-07   2.431898e-09   1.345768e-08   1.360869e-08   4.268400e+01 
5.161971e-01   1.826413e-01   1.604072e-07   2.085266e-09   1.349291e-08   1.212261e-08   4.291260e+01 
5.132084e-01   1.829903e-01   1.599961e-07   1.709913e-09   1.352806e-08   1.023552e-08   4.314190e+01 
5.101330e-01   1.833221e-01   1.599805e-07   1.389465e-09   1.356977e-08   8.455169e-09   4.337180e+01 
5.070501e-01   1.836421e-01   1.604471e-07   1.148652e-09   1.358573e-08   6.785940e-09   4.360220e+01 
5.039388e-01   1.839424e-01   1.601733e-07   8.488856e-10   1.363644e-08   5.018531e-09   4.383330e+01 
5.006133e-01   1.842317e-01   1.605318e-07   6.805068e-10   1.360868e-08   3.324325e-09   4.406500e+01 
4.980218e-01   1.845393e-01   1.608628e-07   3.463492e-10   1.370249e-08   1.639483e-09   4.429740e+01 
4.935123e-01   1.847576e-01   1.612247e-07   1.734723e-16   1.359985e-08   1.249001e-16   4.453030e+01 
