% The data presented here were obtained from a direct numerical simulation of a turbulent 
% boundary layer developing under a pressure gradient. All the data shown here are 
% not normalized. Please refer to the references below for rmore detailed information.
 
 
% We compute the boundary layer thickness using the method of Griffin et al. (2021). 
% The pressure-gradient parameters of beta_{ZS} and beta_i are computed as follows. 
% beta_{ZS}=(delta)/(rho U_{ZS}^2)(dp_e/dx) and beta_i = (nu/rho u_tau^3)(d p_w/dx) 
% where $delta$ is the boundary layer thickness, $U_{ZS}$ is the Zagorola-Smits velocity, 
% $p_e$ and $p_w$ are the pressure at the edge of boundary layer and wall, respectively. 
 
 
% Please check this report for rmore detailed information about the data: 
% Gungor, T. R., Gungor, A. G.., Maciel, Y. (2024). Datasets of  
% three non-equilibrium pressure gradient turbulent boundary layers.  
 
 
% Please cite this paper when referencing the data: 
% Gungor, A. G., Maciel, Y., Simens, M. P., & Soria, J. (2016).  
% Scaling  and statistics of large-defect adverse pressure gradient turbulent
% boundary layers. International Journal of Heat and Fluid Flow, 59, 109-124.  
 
  
% ========================================================================================= 
% 	 	 	************ Position 6 of DNS16 ************ 
% ========================================================================================= 

% 	 Re_tau = 2.244172e+02 
% 	 Re_theta=3.492577e+03 
% 	 utau=6.867584e-03 
% 	 U_e=6.795284e-01 
% 	 theta=1.468488e+00 
% 	 delta_star=4.215145e+00 
% 	 delta=9.336500e+00 
%  	 x_pos=8.708037e+01 
% 	 H=2.870398e+00 
% 	 C_f=2.011873e-04 
% 	 nu=2.857143e-04 
% 	 beta_RC=6.441828e+01 
% 	 beta_i=8.547357e-01 
% 	 beta_ZS=1.052226e-01 
 
% ========================================================================================================== 
% 	 U   	   V   	   u2   	   v2   	   w2   	   uv   	   y        
% ========================================================================================================= 
3.522448e-04   -8.476165e-09   2.027305e-06   1.190337e-10   2.055072e-06   -1.138534e-09   2.100000e-03 
8.052852e-04   -3.183661e-08   9.838838e-06   2.774134e-09   9.965474e-06   -1.266045e-08   4.700000e-03 
1.410683e-03   -6.913581e-08   2.729716e-05   2.183299e-08   2.759047e-05   -6.621798e-08   8.000000e-03 
2.174760e-03   -9.043240e-08   5.720749e-05   9.863885e-08   5.757958e-05   -2.317429e-07   1.190000e-02 
3.117344e-03   -3.159515e-08   1.022087e-04   3.235406e-07   1.021574e-04   -6.344026e-07   1.640000e-02 
4.259619e-03   2.193098e-07   1.642290e-04   8.573080e-07   1.624392e-04   -1.467581e-06   2.150000e-02 
5.643023e-03   8.482476e-07   2.459106e-04   1.970283e-06   2.397115e-04   -3.018927e-06   2.730000e-02 
7.230719e-03   2.075380e-06   3.445973e-04   3.959422e-06   3.298410e-04   -5.527198e-06   3.360000e-02 
9.074643e-03   4.253740e-06   4.624988e-04   7.300220e-06   4.330009e-04   -9.353812e-06   4.060000e-02 
1.111335e-02   7.693977e-06   5.943539e-04   1.234753e-05   5.428191e-04   -1.460514e-05   4.810000e-02 
1.338138e-02   1.290904e-05   7.408490e-04   1.969488e-05   6.583893e-04   -2.153410e-05   5.630000e-02 
1.582278e-02   2.030704e-05   8.968044e-04   2.970933e-05   7.745068e-04   -3.007604e-05   6.510000e-02 
1.840243e-02   3.032810e-05   1.058536e-03   4.274207e-05   8.879831e-04   -4.012948e-05   7.450000e-02 
2.108283e-02   4.337965e-05   1.222453e-03   5.904531e-05   9.963964e-04   -5.152656e-05   8.450000e-02 
2.382697e-02   5.980933e-05   1.385278e-03   7.875795e-05   1.098177e-03   -6.406408e-05   9.510000e-02 
2.660065e-02   7.988292e-05   1.544184e-03   1.019038e-04   1.192539e-03   -7.752796e-05   1.063000e-01 
2.937409e-02   1.037767e-04   1.696860e-03   1.284009e-04   1.279304e-03   -9.170763e-05   1.181000e-01 
3.214441e-02   1.318267e-04   1.842670e-03   1.583243e-04   1.359309e-03   -1.065248e-04   1.306000e-01 
3.484873e-02   1.636428e-04   1.978103e-03   1.909548e-04   1.431742e-03   -1.215683e-04   1.436000e-01 
3.751574e-02   1.997724e-04   2.104551e-03   2.265032e-04   1.498275e-03   -1.369195e-04   1.573000e-01 
4.011604e-02   2.400570e-04   2.220647e-03   2.644007e-04   1.558902e-03   -1.523380e-04   1.716000e-01 
4.264558e-02   2.845545e-04   2.326462e-03   3.043147e-04   1.614175e-03   -1.677301e-04   1.865000e-01 
4.510301e-02   3.332389e-04   2.422345e-03   3.459176e-04   1.664595e-03   -1.830315e-04   2.020000e-01 
4.748897e-02   3.859833e-04   2.508845e-03   3.889048e-04   1.710590e-03   -1.982074e-04   2.181000e-01 
4.980551e-02   4.425962e-04   2.586642e-03   4.330063e-04   1.752494e-03   -2.132443e-04   2.348000e-01 
5.205587e-02   5.028198e-04   2.656584e-03   4.779883e-04   1.790571e-03   -2.281473e-04   2.521000e-01 
5.425628e-02   5.666047e-04   2.720102e-03   5.238975e-04   1.825335e-03   -2.430406e-04   2.701000e-01 
5.638717e-02   6.326342e-04   2.777873e-03   5.700361e-04   1.856861e-03   -2.578624e-04   2.886000e-01 
5.847620e-02   7.009702e-04   2.832083e-03   6.167180e-04   1.885945e-03   -2.729246e-04   3.078000e-01 
6.051545e-02   7.708393e-04   2.883804e-03   6.635024e-04   1.912759e-03   -2.883128e-04   3.276000e-01 
6.250809e-02   8.422524e-04   2.933942e-03   7.102030e-04   1.937697e-03   -3.041690e-04   3.480000e-01 
6.445697e-02   9.157057e-04   2.982999e-03   7.566252e-04   1.961251e-03   -3.205553e-04   3.690000e-01 
6.636451e-02   9.919803e-04   3.031416e-03   8.025638e-04   1.983698e-03   -3.374595e-04   3.906000e-01 
6.823175e-02   1.071775e-03   3.079759e-03   8.478145e-04   2.004948e-03   -3.548493e-04   4.128000e-01 
7.005875e-02   1.155686e-03   3.128651e-03   8.922061e-04   2.024967e-03   -3.726777e-04   4.356000e-01 
7.185443e-02   1.244857e-03   3.178816e-03   9.357909e-04   2.044431e-03   -3.909461e-04   4.591000e-01 
7.360755e-02   1.339518e-03   3.230033e-03   9.781398e-04   2.064122e-03   -4.094185e-04   4.831000e-01 
7.533753e-02   1.441377e-03   3.282367e-03   1.019624e-03   2.084576e-03   -4.281527e-04   5.078000e-01 
7.703490e-02   1.550089e-03   3.334459e-03   1.059988e-03   2.105201e-03   -4.468424e-04   5.330000e-01 
7.871992e-02   1.666310e-03   3.385627e-03   1.099667e-03   2.125846e-03   -4.655378e-04   5.589000e-01 
8.039452e-02   1.788577e-03   3.435381e-03   1.138559e-03   2.147297e-03   -4.842981e-04   5.854000e-01 
8.206472e-02   1.915785e-03   3.484598e-03   1.176637e-03   2.171112e-03   -5.033926e-04   6.125000e-01 
8.373223e-02   2.048067e-03   3.534002e-03   1.213763e-03   2.198338e-03   -5.228942e-04   6.402000e-01 
8.540379e-02   2.186720e-03   3.583832e-03   1.249881e-03   2.229150e-03   -5.427138e-04   6.686000e-01 
8.707324e-02   2.330120e-03   3.633975e-03   1.284683e-03   2.262619e-03   -5.626297e-04   6.975000e-01 
8.875432e-02   2.477187e-03   3.684778e-03   1.318433e-03   2.297439e-03   -5.827672e-04   7.270000e-01 
9.045716e-02   2.626827e-03   3.736578e-03   1.351429e-03   2.332274e-03   -6.032955e-04   7.572000e-01 
9.217827e-02   2.776945e-03   3.789396e-03   1.383831e-03   2.365983e-03   -6.241866e-04   7.880000e-01 
9.391698e-02   2.926454e-03   3.843190e-03   1.415984e-03   2.397795e-03   -6.453611e-04   8.194000e-01 
9.566438e-02   3.075231e-03   3.898095e-03   1.448103e-03   2.427286e-03   -6.667083e-04   8.513000e-01 
9.743080e-02   3.226512e-03   3.954832e-03   1.480505e-03   2.455387e-03   -6.880598e-04   8.839000e-01 
9.922419e-02   3.382159e-03   4.013326e-03   1.513025e-03   2.483108e-03   -7.092213e-04   9.172000e-01 
1.010412e-01   3.542649e-03   4.073163e-03   1.545087e-03   2.511194e-03   -7.303160e-04   9.510000e-01 
1.028815e-01   3.710865e-03   4.134061e-03   1.576290e-03   2.540308e-03   -7.512684e-04   9.854000e-01 
1.047340e-01   3.888552e-03   4.195787e-03   1.606476e-03   2.569922e-03   -7.718073e-04   1.020500e+00 
1.065812e-01   4.075269e-03   4.257642e-03   1.635889e-03   2.598471e-03   -7.915651e-04   1.056100e+00 
1.084470e-01   4.271768e-03   4.320451e-03   1.665510e-03   2.625269e-03   -8.105776e-04   1.092400e+00 
1.103371e-01   4.473973e-03   4.383894e-03   1.695740e-03   2.650322e-03   -8.287796e-04   1.129200e+00 
1.122717e-01   4.679368e-03   4.447163e-03   1.726761e-03   2.673701e-03   -8.464127e-04   1.166700e+00 
1.142577e-01   4.886307e-03   4.509978e-03   1.758167e-03   2.696768e-03   -8.641530e-04   1.204800e+00 
1.163040e-01   5.095448e-03   4.571601e-03   1.789463e-03   2.722067e-03   -8.826980e-04   1.243500e+00 
1.184096e-01   5.308669e-03   4.633992e-03   1.820127e-03   2.751624e-03   -9.019926e-04   1.282900e+00 
1.205514e-01   5.526882e-03   4.699851e-03   1.849661e-03   2.786265e-03   -9.214424e-04   1.322800e+00 
1.227403e-01   5.751119e-03   4.772311e-03   1.878271e-03   2.824587e-03   -9.408318e-04   1.363300e+00 
1.249929e-01   5.982543e-03   4.850607e-03   1.906062e-03   2.865531e-03   -9.608441e-04   1.404500e+00 
1.272997e-01   6.219669e-03   4.924706e-03   1.933102e-03   2.908122e-03   -9.816481e-04   1.446200e+00 
1.296781e-01   6.461822e-03   4.993245e-03   1.959734e-03   2.953224e-03   -1.003876e-03   1.488600e+00 
1.321161e-01   6.708439e-03   5.063110e-03   1.986061e-03   3.000999e-03   -1.027535e-03   1.531600e+00 
1.345965e-01   6.962636e-03   5.137222e-03   2.012455e-03   3.048979e-03   -1.051503e-03   1.575200e+00 
1.371110e-01   7.223026e-03   5.215240e-03   2.039290e-03   3.094685e-03   -1.075352e-03   1.619400e+00 
1.396689e-01   7.488635e-03   5.298562e-03   2.066813e-03   3.136776e-03   -1.098230e-03   1.664200e+00 
1.422729e-01   7.758176e-03   5.385097e-03   2.094957e-03   3.177282e-03   -1.119888e-03   1.709600e+00 
1.449302e-01   8.034670e-03   5.470530e-03   2.124314e-03   3.217921e-03   -1.140352e-03   1.755700e+00 
1.476627e-01   8.323989e-03   5.552609e-03   2.155346e-03   3.260327e-03   -1.159959e-03   1.802300e+00 
1.504918e-01   8.629937e-03   5.632057e-03   2.187770e-03   3.303204e-03   -1.179103e-03   1.849600e+00 
1.533810e-01   8.952380e-03   5.709545e-03   2.220698e-03   3.346413e-03   -1.197160e-03   1.897500e+00 
1.563154e-01   9.286684e-03   5.785017e-03   2.252759e-03   3.393418e-03   -1.215257e-03   1.945900e+00 
1.593148e-01   9.632131e-03   5.858150e-03   2.282534e-03   3.445306e-03   -1.233286e-03   1.995000e+00 
1.623717e-01   9.987064e-03   5.932707e-03   2.309473e-03   3.498193e-03   -1.250529e-03   2.044700e+00 
1.654990e-01   1.034970e-02   6.013766e-03   2.335372e-03   3.548328e-03   -1.266406e-03   2.095000e+00 
1.687187e-01   1.072375e-02   6.096588e-03   2.362137e-03   3.595154e-03   -1.280843e-03   2.146000e+00 
1.720142e-01   1.110527e-02   6.175103e-03   2.390440e-03   3.637524e-03   -1.295817e-03   2.197500e+00 
1.754100e-01   1.149110e-02   6.245905e-03   2.421611e-03   3.675492e-03   -1.312367e-03   2.249600e+00 
1.789550e-01   1.188758e-02   6.309162e-03   2.455595e-03   3.714386e-03   -1.331828e-03   2.302400e+00 
1.826398e-01   1.229202e-02   6.365881e-03   2.489237e-03   3.759286e-03   -1.354458e-03   2.355800e+00 
1.864671e-01   1.271361e-02   6.420871e-03   2.520027e-03   3.807742e-03   -1.378670e-03   2.409700e+00 
1.904502e-01   1.315502e-02   6.477287e-03   2.548212e-03   3.862537e-03   -1.402885e-03   2.464300e+00 
1.945517e-01   1.359944e-02   6.537308e-03   2.574629e-03   3.925573e-03   -1.426024e-03   2.519500e+00 
1.987566e-01   1.403983e-02   6.600068e-03   2.599719e-03   3.989538e-03   -1.449029e-03   2.575300e+00 
2.030349e-01   1.447969e-02   6.664783e-03   2.624195e-03   4.046888e-03   -1.469435e-03   2.631800e+00 
2.073469e-01   1.491674e-02   6.731033e-03   2.650408e-03   4.100118e-03   -1.487213e-03   2.688800e+00 
2.117336e-01   1.535896e-02   6.789674e-03   2.677935e-03   4.159099e-03   -1.505210e-03   2.746400e+00 
2.162067e-01   1.580928e-02   6.842844e-03   2.706186e-03   4.219035e-03   -1.524183e-03   2.804700e+00 
2.207043e-01   1.626111e-02   6.896029e-03   2.732547e-03   4.283659e-03   -1.543009e-03   2.863500e+00 
2.252786e-01   1.672064e-02   6.948802e-03   2.758864e-03   4.345539e-03   -1.562255e-03   2.923000e+00 
2.299833e-01   1.719286e-02   6.997489e-03   2.785234e-03   4.394562e-03   -1.583650e-03   2.983100e+00 
2.348090e-01   1.769042e-02   7.044651e-03   2.810065e-03   4.441679e-03   -1.603189e-03   3.043800e+00 
2.397351e-01   1.821842e-02   7.085864e-03   2.831917e-03   4.488423e-03   -1.618454e-03   3.105100e+00 
2.447721e-01   1.877814e-02   7.116284e-03   2.852430e-03   4.538321e-03   -1.630781e-03   3.167000e+00 
2.499158e-01   1.935002e-02   7.146573e-03   2.871775e-03   4.595828e-03   -1.642212e-03   3.229500e+00 
2.551846e-01   1.993180e-02   7.185883e-03   2.890455e-03   4.648494e-03   -1.654896e-03   3.292700e+00 
2.605909e-01   2.051959e-02   7.230449e-03   2.908008e-03   4.692693e-03   -1.671400e-03   3.356400e+00 
2.661300e-01   2.112151e-02   7.279786e-03   2.924333e-03   4.729282e-03   -1.688652e-03   3.420800e+00 
2.717317e-01   2.174047e-02   7.330005e-03   2.941054e-03   4.754790e-03   -1.706362e-03   3.485800e+00 
2.773336e-01   2.236422e-02   7.376764e-03   2.956398e-03   4.777570e-03   -1.723088e-03   3.551300e+00 
2.829261e-01   2.298637e-02   7.422877e-03   2.970745e-03   4.801622e-03   -1.736553e-03   3.617500e+00 
2.885138e-01   2.360661e-02   7.485310e-03   2.980208e-03   4.821715e-03   -1.744681e-03   3.684300e+00 
2.941187e-01   2.423156e-02   7.552187e-03   2.986283e-03   4.836229e-03   -1.751893e-03   3.751700e+00 
2.998542e-01   2.487533e-02   7.609797e-03   2.993340e-03   4.852214e-03   -1.759061e-03   3.819800e+00 
3.057256e-01   2.554757e-02   7.659110e-03   3.005061e-03   4.856276e-03   -1.765759e-03   3.888400e+00 
3.117021e-01   2.623498e-02   7.701401e-03   3.017718e-03   4.845785e-03   -1.770355e-03   3.957700e+00 
3.177540e-01   2.693987e-02   7.739174e-03   3.027092e-03   4.843078e-03   -1.775371e-03   4.027500e+00 
3.238286e-01   2.764672e-02   7.777514e-03   3.032662e-03   4.845707e-03   -1.782042e-03   4.098000e+00 
3.298633e-01   2.835530e-02   7.819295e-03   3.035543e-03   4.846034e-03   -1.785778e-03   4.169100e+00 
3.359008e-01   2.906682e-02   7.858787e-03   3.036032e-03   4.849999e-03   -1.784602e-03   4.240700e+00 
3.420641e-01   2.979943e-02   7.891095e-03   3.038149e-03   4.858726e-03   -1.782961e-03   4.313000e+00 
3.483347e-01   3.055363e-02   7.908746e-03   3.043906e-03   4.861633e-03   -1.779993e-03   4.385900e+00 
3.547225e-01   3.132043e-02   7.911587e-03   3.049349e-03   4.864399e-03   -1.777420e-03   4.459500e+00 
3.612051e-01   3.208866e-02   7.902328e-03   3.054945e-03   4.855789e-03   -1.779530e-03   4.533600e+00 
3.677449e-01   3.286169e-02   7.881128e-03   3.058305e-03   4.836307e-03   -1.781385e-03   4.608300e+00 
3.743692e-01   3.364919e-02   7.849641e-03   3.057313e-03   4.811027e-03   -1.782228e-03   4.683700e+00 
3.810214e-01   3.443563e-02   7.819405e-03   3.048436e-03   4.775742e-03   -1.784198e-03   4.759700e+00 
3.877248e-01   3.522981e-02   7.791558e-03   3.032156e-03   4.750092e-03   -1.784578e-03   4.836200e+00 
3.944707e-01   3.603365e-02   7.753442e-03   3.009647e-03   4.733602e-03   -1.783685e-03   4.913400e+00 
4.012040e-01   3.685463e-02   7.709430e-03   2.983538e-03   4.718794e-03   -1.780113e-03   4.991200e+00 
4.079928e-01   3.769474e-02   7.661945e-03   2.953408e-03   4.698966e-03   -1.772728e-03   5.069600e+00 
4.148477e-01   3.855438e-02   7.612732e-03   2.915997e-03   4.669116e-03   -1.759923e-03   5.148600e+00 
4.217935e-01   3.943670e-02   7.558969e-03   2.877285e-03   4.622445e-03   -1.743728e-03   5.228300e+00 
4.287624e-01   4.031841e-02   7.498044e-03   2.837602e-03   4.574592e-03   -1.727005e-03   5.308500e+00 
4.357732e-01   4.121492e-02   7.418022e-03   2.797180e-03   4.541450e-03   -1.707001e-03   5.389400e+00 
4.428300e-01   4.212595e-02   7.330414e-03   2.758297e-03   4.501873e-03   -1.686515e-03   5.470800e+00 
4.499279e-01   4.304997e-02   7.244125e-03   2.721141e-03   4.445983e-03   -1.663491e-03   5.552900e+00 
4.570396e-01   4.399251e-02   7.136313e-03   2.685891e-03   4.374073e-03   -1.637131e-03   5.635600e+00 
4.641984e-01   4.494805e-02   7.012876e-03   2.645944e-03   4.292741e-03   -1.608658e-03   5.718900e+00 
4.713987e-01   4.591156e-02   6.890068e-03   2.604690e-03   4.198086e-03   -1.576294e-03   5.802800e+00 
4.785448e-01   4.686207e-02   6.773687e-03   2.559597e-03   4.088132e-03   -1.544250e-03   5.887300e+00 
4.856288e-01   4.779748e-02   6.663771e-03   2.508050e-03   3.981003e-03   -1.512534e-03   5.972400e+00 
4.926884e-01   4.872823e-02   6.543727e-03   2.449406e-03   3.879280e-03   -1.483179e-03   6.058100e+00 
4.997160e-01   4.966019e-02   6.409721e-03   2.387167e-03   3.771271e-03   -1.454527e-03   6.144500e+00 
5.067119e-01   5.060091e-02   6.269458e-03   2.326007e-03   3.657356e-03   -1.422787e-03   6.231400e+00 
5.136846e-01   5.154605e-02   6.138166e-03   2.264936e-03   3.549870e-03   -1.389603e-03   6.319000e+00 
5.206759e-01   5.250787e-02   5.988640e-03   2.205367e-03   3.450712e-03   -1.355096e-03   6.407200e+00 
5.276994e-01   5.348702e-02   5.831626e-03   2.145179e-03   3.350449e-03   -1.316701e-03   6.496000e+00 
5.346745e-01   5.445794e-02   5.682958e-03   2.080739e-03   3.242521e-03   -1.276876e-03   6.585400e+00 
5.416049e-01   5.542905e-02   5.512767e-03   2.017454e-03   3.125915e-03   -1.237162e-03   6.675400e+00 
5.485104e-01   5.641147e-02   5.328343e-03   1.955894e-03   3.005435e-03   -1.194767e-03   6.766000e+00 
5.553877e-01   5.740059e-02   5.137627e-03   1.893893e-03   2.878379e-03   -1.149856e-03   6.857200e+00 
5.622591e-01   5.839553e-02   4.937207e-03   1.829252e-03   2.742198e-03   -1.103475e-03   6.949100e+00 
5.690757e-01   5.938643e-02   4.737838e-03   1.760282e-03   2.605222e-03   -1.053386e-03   7.041500e+00 
5.758311e-01   6.037310e-02   4.540432e-03   1.689365e-03   2.473950e-03   -1.000636e-03   7.134600e+00 
5.825021e-01   6.135308e-02   4.345746e-03   1.618474e-03   2.349835e-03   -9.469533e-04   7.228300e+00 
5.890134e-01   6.231166e-02   4.153547e-03   1.545731e-03   2.227708e-03   -8.940864e-04   7.322600e+00 
5.953970e-01   6.325413e-02   3.957845e-03   1.470197e-03   2.102515e-03   -8.426420e-04   7.417500e+00 
6.017094e-01   6.419532e-02   3.747545e-03   1.394928e-03   1.971659e-03   -7.908691e-04   7.513000e+00 
6.078962e-01   6.512826e-02   3.523374e-03   1.321468e-03   1.839218e-03   -7.398210e-04   7.609100e+00 
6.139736e-01   6.605205e-02   3.297606e-03   1.250471e-03   1.707339e-03   -6.900353e-04   7.705800e+00 
6.199654e-01   6.696864e-02   3.072562e-03   1.181520e-03   1.578806e-03   -6.428073e-04   7.803200e+00 
6.257902e-01   6.787078e-02   2.848282e-03   1.115325e-03   1.454624e-03   -5.968805e-04   7.901100e+00 
6.314621e-01   6.876242e-02   2.618630e-03   1.052179e-03   1.336803e-03   -5.497135e-04   7.999700e+00 
6.369620e-01   6.963907e-02   2.387629e-03   9.908969e-04   1.223505e-03   -5.034090e-04   8.098800e+00 
6.422315e-01   7.048900e-02   2.160426e-03   9.280876e-04   1.107639e-03   -4.584443e-04   8.198600e+00 
6.472371e-01   7.130701e-02   1.940044e-03   8.638489e-04   9.917304e-04   -4.135841e-04   8.299000e+00 
6.519816e-01   7.209528e-02   1.725531e-03   7.997685e-04   8.813609e-04   -3.695014e-04   8.400000e+00 
6.564248e-01   7.284472e-02   1.521310e-03   7.377829e-04   7.774573e-04   -3.273333e-04   8.501600e+00 
6.605784e-01   7.355880e-02   1.324265e-03   6.792203e-04   6.754280e-04   -2.868535e-04   8.603900e+00 
6.644407e-01   7.423828e-02   1.135990e-03   6.242104e-04   5.810660e-04   -2.487800e-04   8.706700e+00 
6.679409e-01   7.487014e-02   9.658766e-04   5.704497e-04   4.979547e-04   -2.142295e-04   8.810100e+00 
6.710368e-01   7.544864e-02   8.143779e-04   5.171431e-04   4.250038e-04   -1.827191e-04   8.914200e+00 
6.737160e-01   7.597360e-02   6.800777e-04   4.662376e-04   3.607003e-04   -1.540550e-04   9.018900e+00 
6.759800e-01   7.644359e-02   5.664839e-04   4.183648e-04   3.033507e-04   -1.293774e-04   9.124100e+00 
6.778973e-01   7.686984e-02   4.696657e-04   3.734884e-04   2.532858e-04   -1.082811e-04   9.230000e+00 
6.795284e-01   7.726143e-02   3.862920e-04   3.318894e-04   2.098316e-04   -8.972672e-05   9.336500e+00 
6.808939e-01   7.762044e-02   3.160080e-04   2.936703e-04   1.733216e-04   -7.312299e-05   9.443600e+00 
6.820179e-01   7.795090e-02   2.574510e-04   2.594474e-04   1.419390e-04   -5.801263e-05   9.551400e+00 
6.829086e-01   7.825211e-02   2.100732e-04   2.283364e-04   1.165747e-04   -4.517923e-05   9.659700e+00 
6.835739e-01   7.852496e-02   1.719698e-04   2.004722e-04   9.599023e-05   -3.510806e-05   9.768600e+00 
6.840563e-01   7.877543e-02   1.416590e-04   1.757267e-04   7.832737e-05   -2.702179e-05   9.878200e+00 
6.843957e-01   7.900880e-02   1.180129e-04   1.536368e-04   6.331327e-05   -2.059546e-05   9.988400e+00 
6.846105e-01   7.922701e-02   1.002525e-04   1.340609e-04   5.147441e-05   -1.544317e-05   1.009910e+01 
6.847157e-01   7.943243e-02   8.606279e-05   1.169592e-04   4.206019e-05   -1.128368e-05   1.021050e+01 
6.847289e-01   7.962785e-02   7.396879e-05   1.022545e-04   3.443530e-05   -7.992514e-06   1.032250e+01 
6.846635e-01   7.981517e-02   6.388645e-05   8.977596e-05   2.804855e-05   -5.573505e-06   1.043510e+01 
6.845339e-01   7.999566e-02   5.587559e-05   7.918356e-05   2.297413e-05   -3.744133e-06   1.054840e+01 
6.843510e-01   8.017001e-02   4.960284e-05   7.011417e-05   1.931817e-05   -2.338591e-06   1.066220e+01 
6.841216e-01   8.034026e-02   4.439492e-05   6.245750e-05   1.653089e-05   -1.365630e-06   1.077660e+01 
6.838519e-01   8.050736e-02   4.003370e-05   5.599156e-05   1.437030e-05   -7.485950e-07   1.089170e+01 
6.835542e-01   8.067156e-02   3.641626e-05   5.041553e-05   1.274577e-05   -2.641005e-07   1.100730e+01 
6.832370e-01   8.083433e-02   3.340744e-05   4.546342e-05   1.142067e-05   8.545713e-08   1.112360e+01 
6.829062e-01   8.099687e-02   3.057483e-05   4.118728e-05   1.006161e-05   2.043347e-07   1.124050e+01 
6.825676e-01   8.116052e-02   2.793923e-05   3.756002e-05   8.870353e-06   2.650715e-07   1.135800e+01 
6.822282e-01   8.132605e-02   2.557629e-05   3.441483e-05   7.946163e-06   3.032749e-07   1.147610e+01 
6.818911e-01   8.149382e-02   2.348722e-05   3.165005e-05   7.190675e-06   3.173062e-07   1.159480e+01 
6.815596e-01   8.166414e-02   2.166450e-05   2.919642e-05   6.508674e-06   3.504225e-07   1.171410e+01 
6.812330e-01   8.183717e-02   2.004755e-05   2.699553e-05   5.883163e-06   3.933095e-07   1.183410e+01 
6.809113e-01   8.201234e-02   1.855948e-05   2.502178e-05   5.339256e-06   4.174626e-07   1.195460e+01 
6.805929e-01   8.218993e-02   1.719381e-05   2.325411e-05   4.873948e-06   4.337668e-07   1.207580e+01 
6.802784e-01   8.236956e-02   1.597901e-05   2.166782e-05   4.466312e-06   4.563692e-07   1.219750e+01 
6.799655e-01   8.255143e-02   1.489216e-05   2.023204e-05   4.100041e-06   4.839773e-07   1.231990e+01 
6.796532e-01   8.273509e-02   1.391080e-05   1.892637e-05   3.769488e-06   5.132936e-07   1.244290e+01 
6.793393e-01   8.292046e-02   1.302118e-05   1.773422e-05   3.470407e-06   5.428787e-07   1.256650e+01 
6.790232e-01   8.310731e-02   1.221178e-05   1.664250e-05   3.198913e-06   5.726000e-07   1.269070e+01 
6.787027e-01   8.329573e-02   1.147167e-05   1.563913e-05   2.951584e-06   6.010109e-07   1.281560e+01 
6.783786e-01   8.348527e-02   1.079357e-05   1.471640e-05   2.726171e-06   6.281433e-07   1.294100e+01 
6.780487e-01   8.367606e-02   1.016955e-05   1.386528e-05   2.520180e-06   6.535451e-07   1.306700e+01 
6.777137e-01   8.386816e-02   9.593490e-06   1.307798e-05   2.331492e-06   6.767139e-07   1.319370e+01 
6.773723e-01   8.406146e-02   9.060986e-06   1.234921e-05   2.158535e-06   6.982285e-07   1.332100e+01 
6.770258e-01   8.425569e-02   8.568048e-06   1.167388e-05   1.999893e-06   7.173264e-07   1.344880e+01 
6.766726e-01   8.445131e-02   8.110502e-06   1.104637e-05   1.853971e-06   7.348537e-07   1.357730e+01 
6.763138e-01   8.464798e-02   7.685378e-06   1.046296e-05   1.719706e-06   7.506561e-07   1.370640e+01 
6.759484e-01   8.484589e-02   7.290062e-06   9.919839e-06   1.596031e-06   7.647058e-07   1.383610e+01 
6.755775e-01   8.504488e-02   6.922067e-06   9.413814e-06   1.482000e-06   7.777941e-07   1.396640e+01 
6.751993e-01   8.524522e-02   6.578730e-06   8.941293e-06   1.376685e-06   7.892121e-07   1.409740e+01 
6.748162e-01   8.544653e-02   6.258813e-06   8.500466e-06   1.279489e-06   7.997884e-07   1.422890e+01 
6.744256e-01   8.564919e-02   5.959698e-06   8.088107e-06   1.189573e-06   8.093103e-07   1.436110e+01 
6.740300e-01   8.585280e-02   5.680338e-06   7.702516e-06   1.106459e-06   8.176112e-07   1.449380e+01 
6.736269e-01   8.605779e-02   5.418850e-06   7.341289e-06   1.029460e-06   8.255028e-07   1.462720e+01 
6.732182e-01   8.626385e-02   5.173827e-06   7.002599e-06   9.581395e-07   8.321105e-07   1.476120e+01 
6.728026e-01   8.647120e-02   4.944409e-06   6.684960e-06   8.920364e-07   8.382649e-07   1.489580e+01 
6.723812e-01   8.667957e-02   4.729141e-06   6.386768e-06   8.307352e-07   8.437703e-07   1.503100e+01 
6.719527e-01   8.688923e-02   4.527125e-06   6.106486e-06   7.738560e-07   8.483208e-07   1.516680e+01 
6.715187e-01   8.709997e-02   4.337592e-06   5.843066e-06   7.210557e-07   8.528170e-07   1.530320e+01 
6.710767e-01   8.731209e-02   4.159149e-06   5.594883e-06   6.719828e-07   8.563692e-07   1.544030e+01 
6.706300e-01   8.752518e-02   3.991737e-06   5.361364e-06   6.264240e-07   8.596377e-07   1.557790e+01 
6.701750e-01   8.773964e-02   3.834067e-06   5.141186e-06   5.840466e-07   8.626615e-07   1.571620e+01 
6.697149e-01   8.795501e-02   3.685644e-06   4.933540e-06   5.446729e-07   8.648056e-07   1.585500e+01 
6.692470e-01   8.817185e-02   3.546014e-06   4.737554e-06   5.080231e-07   8.671067e-07   1.599450e+01 
6.687732e-01   8.838968e-02   3.414114e-06   4.552349e-06   4.739244e-07   8.686749e-07   1.613460e+01 
6.682922e-01   8.860887e-02   3.289869e-06   4.377279e-06   4.421888e-07   8.698706e-07   1.627530e+01 
6.678056e-01   8.882908e-02   3.172680e-06   4.211797e-06   4.126451e-07   8.711141e-07   1.641660e+01 
6.673108e-01   8.905074e-02   3.061663e-06   4.054891e-06   3.851143e-07   8.714614e-07   1.655860e+01 
6.668116e-01   8.927339e-02   2.957250e-06   3.906509e-06   3.594922e-07   8.720054e-07   1.670110e+01 
6.663041e-01   8.949729e-02   2.858397e-06   3.765858e-06   3.356200e-07   8.722179e-07   1.684420e+01 
6.657916e-01   8.972247e-02   2.765014e-06   3.632290e-06   3.133618e-07   8.719729e-07   1.698800e+01 
6.652711e-01   8.994900e-02   2.677284e-06   3.505737e-06   2.926188e-07   8.722953e-07   1.713240e+01 
6.647450e-01   9.017630e-02   2.594326e-06   3.385537e-06   2.732980e-07   8.721159e-07   1.727730e+01 
6.642108e-01   9.040514e-02   2.516564e-06   3.271343e-06   2.552749e-07   8.722747e-07   1.742290e+01 
6.636698e-01   9.063479e-02   2.443408e-06   3.162890e-06   2.384737e-07   8.728065e-07   1.756910e+01 
6.631194e-01   9.086562e-02   2.374140e-06   3.059535e-06   2.228082e-07   8.727398e-07   1.771590e+01 
6.625625e-01   9.109748e-02   2.309113e-06   2.961208e-06   2.081932e-07   8.731568e-07   1.786340e+01 
6.619952e-01   9.133021e-02   2.247109e-06   2.867472e-06   1.945729e-07   8.730598e-07   1.801140e+01 
6.614222e-01   9.156383e-02   2.188177e-06   2.777939e-06   1.818712e-07   8.723718e-07   1.816000e+01 
6.608392e-01   9.179883e-02   2.132549e-06   2.692592e-06   1.700164e-07   8.720665e-07   1.830930e+01 
6.602500e-01   9.203442e-02   2.079267e-06   2.610952e-06   1.589669e-07   8.709353e-07   1.845910e+01 
6.596520e-01   9.227160e-02   2.029275e-06   2.532964e-06   1.486535e-07   8.700224e-07   1.860960e+01 
6.590473e-01   9.250946e-02   1.982160e-06   2.458524e-06   1.390345e-07   8.694455e-07   1.876070e+01 
6.584327e-01   9.274856e-02   1.937168e-06   2.387110e-06   1.300618e-07   8.681555e-07   1.891240e+01 
6.578126e-01   9.298852e-02   1.895278e-06   2.318923e-06   1.216941e-07   8.674709e-07   1.906470e+01 
6.571811e-01   9.322950e-02   1.855197e-06   2.253540e-06   1.138886e-07   8.664849e-07   1.921760e+01 
6.565437e-01   9.347147e-02   1.816931e-06   2.190651e-06   1.066050e-07   8.649072e-07   1.937120e+01 
6.558967e-01   9.371456e-02   1.781315e-06   2.130566e-06   9.981657e-08   8.639884e-07   1.952530e+01 
6.552427e-01   9.395818e-02   1.746838e-06   2.072703e-06   9.348615e-08   8.623400e-07   1.968000e+01 
6.545793e-01   9.420343e-02   1.714420e-06   2.017067e-06   8.757950e-08   8.606454e-07   1.983540e+01 
6.539094e-01   9.444928e-02   1.684172e-06   1.963770e-06   8.207339e-08   8.594958e-07   1.999140e+01 
6.532284e-01   9.469629e-02   1.654746e-06   1.912260e-06   7.693997e-08   8.574697e-07   2.014800e+01 
6.525434e-01   9.494403e-02   1.627605e-06   1.862839e-06   7.215935e-08   8.558768e-07   2.030510e+01 
6.518455e-01   9.519312e-02   1.601961e-06   1.815257e-06   6.769818e-08   8.544756e-07   2.046300e+01 
6.511422e-01   9.544267e-02   1.577028e-06   1.769183e-06   6.354538e-08   8.522304e-07   2.062140e+01 
6.504290e-01   9.569365e-02   1.554440e-06   1.724976e-06   5.967714e-08   8.507536e-07   2.078040e+01 
6.497081e-01   9.594490e-02   1.532707e-06   1.682267e-06   5.607556e-08   8.490275e-07   2.094000e+01 
6.489763e-01   9.619768e-02   1.511757e-06   1.640810e-06   5.272061e-08   8.466960e-07   2.110030e+01 
6.482395e-01   9.645089e-02   1.493018e-06   1.601045e-06   4.960168e-08   8.452226e-07   2.126110e+01 
6.474888e-01   9.670517e-02   1.474522e-06   1.562392e-06   4.669804e-08   8.431066e-07   2.142260e+01 
6.467338e-01   9.696017e-02   1.456997e-06   1.524904e-06   4.399931e-08   8.406791e-07   2.158470e+01 
6.459668e-01   9.721638e-02   1.441363e-06   1.488858e-06   4.149098e-08   8.390328e-07   2.174740e+01 
6.451926e-01   9.747275e-02   1.425508e-06   1.453669e-06   3.916183e-08   8.364390e-07   2.191070e+01 
6.444087e-01   9.773073e-02   1.411055e-06   1.419590e-06   3.699966e-08   8.339683e-07   2.207460e+01 
6.436179e-01   9.798892e-02   1.398361e-06   1.386781e-06   3.499477e-08   8.322532e-07   2.223910e+01 
6.428136e-01   9.824811e-02   1.385461e-06   1.354662e-06   3.313571e-08   8.296198e-07   2.240420e+01 
6.420049e-01   9.850807e-02   1.374441e-06   1.323624e-06   3.141399e-08   8.275511e-07   2.257000e+01 
6.411811e-01   9.876864e-02   1.364821e-06   1.293657e-06   2.982139e-08   8.260245e-07   2.273630e+01 
6.403495e-01   9.902932e-02   1.354767e-06   1.264200e-06   2.834892e-08   8.234701e-07   2.290330e+01 
6.395058e-01   9.929136e-02   1.346705e-06   1.235759e-06   2.698854e-08   8.216528e-07   2.307090e+01 
6.386523e-01   9.955294e-02   1.339367e-06   1.208140e-06   2.573347e-08   8.199548e-07   2.323910e+01 
6.377850e-01   9.981534e-02   1.331443e-06   1.180919e-06   2.457603e-08   8.171755e-07   2.340780e+01 
6.369117e-01   1.000783e-01   1.325520e-06   1.154615e-06   2.350926e-08   8.152046e-07   2.357730e+01 
6.360216e-01   1.003417e-01   1.319829e-06   1.128952e-06   2.252715e-08   8.130679e-07   2.374730e+01 
6.351260e-01   1.006052e-01   1.313215e-06   1.103548e-06   2.162408e-08   8.097354e-07   2.391790e+01 
6.342186e-01   1.008701e-01   1.308257e-06   1.078973e-06   2.079250e-08   8.071154e-07   2.408910e+01 
6.333033e-01   1.011349e-01   1.302800e-06   1.054818e-06   2.002673e-08   8.039692e-07   2.426100e+01 
6.323770e-01   1.014013e-01   1.296539e-06   1.030883e-06   1.932055e-08   7.997974e-07   2.443350e+01 
6.314499e-01   1.016683e-01   1.292607e-06   1.007853e-06   1.867099e-08   7.967939e-07   2.460650e+01 
6.305059e-01   1.019361e-01   1.288688e-06   9.852433e-07   1.807154e-08   7.935739e-07   2.478020e+01 
6.295592e-01   1.022043e-01   1.284429e-06   9.628658e-07   1.752072e-08   7.896013e-07   2.495450e+01 
6.285993e-01   1.024739e-01   1.282616e-06   9.413188e-07   1.701410e-08   7.868238e-07   2.512940e+01 
6.276302e-01   1.027425e-01   1.280203e-06   9.200584e-07   1.654971e-08   7.834668e-07   2.530490e+01 
6.266477e-01   1.030126e-01   1.277052e-06   8.989246e-07   1.612339e-08   7.791834e-07   2.548100e+01 
6.256606e-01   1.032827e-01   1.276149e-06   8.785673e-07   1.573355e-08   7.759927e-07   2.565780e+01 
6.246545e-01   1.035531e-01   1.274573e-06   8.584682e-07   1.537606e-08   7.722424e-07   2.583510e+01 
6.236448e-01   1.038235e-01   1.272180e-06   8.384723e-07   1.504963e-08   7.675814e-07   2.601310e+01 
6.226207e-01   1.040954e-01   1.272236e-06   8.192459e-07   1.475073e-08   7.641027e-07   2.619170e+01 
6.215877e-01   1.043658e-01   1.271597e-06   8.002627e-07   1.447854e-08   7.600880e-07   2.637080e+01 
6.205399e-01   1.046378e-01   1.269962e-06   7.813177e-07   1.422948e-08   7.551040e-07   2.655060e+01 
6.194890e-01   1.049095e-01   1.270816e-06   7.631150e-07   1.400357e-08   7.512890e-07   2.673100e+01 
6.184163e-01   1.051814e-01   1.271114e-06   7.451426e-07   1.379722e-08   7.470545e-07   2.691200e+01 
6.173401e-01   1.054531e-01   1.270013e-06   7.271402e-07   1.361059e-08   7.416925e-07   2.709370e+01 
6.162498e-01   1.057261e-01   1.271508e-06   7.098521e-07   1.344110e-08   7.375139e-07   2.727590e+01 
6.151495e-01   1.059974e-01   1.272642e-06   6.928237e-07   1.328857e-08   7.330563e-07   2.745870e+01 
6.140325e-01   1.062701e-01   1.272081e-06   6.756952e-07   1.315049e-08   7.273763e-07   2.764220e+01 
6.129141e-01   1.065425e-01   1.274014e-06   6.592250e-07   1.302764e-08   7.227747e-07   2.782630e+01 
6.117727e-01   1.068147e-01   1.276066e-06   6.430695e-07   1.291726e-08   7.181604e-07   2.801090e+01 
6.106269e-01   1.070862e-01   1.275947e-06   6.267599e-07   1.282000e-08   7.121643e-07   2.819620e+01 
6.094666e-01   1.073594e-01   1.278126e-06   6.110182e-07   1.273390e-08   7.070820e-07   2.838210e+01 
6.082971e-01   1.076306e-01   1.280997e-06   5.956791e-07   1.265923e-08   7.022857e-07   2.856860e+01 
6.071074e-01   1.079024e-01   1.281401e-06   5.801397e-07   1.259386e-08   6.960433e-07   2.875570e+01 
6.059183e-01   1.081743e-01   1.283550e-06   5.650568e-07   1.253875e-08   6.903981e-07   2.894350e+01 
6.047058e-01   1.084460e-01   1.287291e-06   5.504798e-07   1.249151e-08   6.854548e-07   2.913180e+01 
6.034859e-01   1.087159e-01   1.288275e-06   5.356878e-07   1.245269e-08   6.790209e-07   2.932080e+01 
6.022526e-01   1.089878e-01   1.290274e-06   5.212135e-07   1.242072e-08   6.728105e-07   2.951030e+01 
6.010119e-01   1.092578e-01   1.294582e-06   5.073287e-07   1.239593e-08   6.675927e-07   2.970050e+01 
5.997456e-01   1.095275e-01   1.296394e-06   4.932826e-07   1.237624e-08   6.610950e-07   2.989130e+01 
5.984819e-01   1.097970e-01   1.298027e-06   4.793815e-07   1.236273e-08   6.542775e-07   3.008270e+01 
5.971963e-01   1.100672e-01   1.302677e-06   4.661296e-07   1.235344e-08   6.487012e-07   3.027470e+01 
5.959008e-01   1.103342e-01   1.305468e-06   4.528477e-07   1.234874e-08   6.422158e-07   3.046730e+01 
5.945880e-01   1.106029e-01   1.306851e-06   4.395208e-07   1.234736e-08   6.348906e-07   3.066050e+01 
5.932745e-01   1.108707e-01   1.311341e-06   4.268218e-07   1.235013e-08   6.287699e-07   3.085440e+01 
5.919308e-01   1.111372e-01   1.315303e-06   4.142724e-07   1.235500e-08   6.223554e-07   3.104880e+01 
5.905862e-01   1.114023e-01   1.316618e-06   4.015319e-07   1.236321e-08   6.146393e-07   3.124390e+01 
5.892248e-01   1.116693e-01   1.320554e-06   3.893094e-07   1.237345e-08   6.078502e-07   3.143950e+01 
5.878531e-01   1.119327e-01   1.325470e-06   3.774330e-07   1.238623e-08   6.013973e-07   3.163580e+01 
5.864557e-01   1.121962e-01   1.327322e-06   3.653240e-07   1.240006e-08   5.935483e-07   3.183270e+01 
5.850640e-01   1.124593e-01   1.330239e-06   3.535125e-07   1.241636e-08   5.859587e-07   3.203020e+01 
5.836437e-01   1.127221e-01   1.335759e-06   3.422203e-07   1.243305e-08   5.793057e-07   3.222830e+01 
5.822156e-01   1.129811e-01   1.338644e-06   3.307975e-07   1.245087e-08   5.715317e-07   3.242700e+01 
5.807681e-01   1.132421e-01   1.340663e-06   3.194080e-07   1.246858e-08   5.632365e-07   3.262640e+01 
5.793223e-01   1.135011e-01   1.345924e-06   3.086117e-07   1.248715e-08   5.560807e-07   3.282630e+01 
5.778398e-01   1.137585e-01   1.350286e-06   2.979034e-07   1.250447e-08   5.485103e-07   3.302690e+01 
5.763598e-01   1.140136e-01   1.351828e-06   2.870416e-07   1.252239e-08   5.397479e-07   3.322800e+01 
5.748608e-01   1.142712e-01   1.356089e-06   2.766623e-07   1.253977e-08   5.318497e-07   3.342980e+01 
5.733518e-01   1.145238e-01   1.361478e-06   2.666335e-07   1.255783e-08   5.243216e-07   3.363220e+01 
5.718110e-01   1.147757e-01   1.363610e-06   2.564087e-07   1.257528e-08   5.154791e-07   3.383520e+01 
5.702832e-01   1.150277e-01   1.366418e-06   2.464410e-07   1.259473e-08   5.067631e-07   3.403880e+01 
5.687204e-01   1.152785e-01   1.372032e-06   2.369803e-07   1.261383e-08   4.989617e-07   3.424300e+01 
5.671490e-01   1.155242e-01   1.375580e-06   2.274725e-07   1.263457e-08   4.903263e-07   3.444790e+01 
5.655587e-01   1.157724e-01   1.377468e-06   2.179734e-07   1.265493e-08   4.810252e-07   3.465330e+01 
5.639688e-01   1.160174e-01   1.381849e-06   2.089172e-07   1.267720e-08   4.724684e-07   3.485940e+01 
5.623424e-01   1.162607e-01   1.386988e-06   2.001178e-07   1.269818e-08   4.640542e-07   3.506600e+01 
5.607176e-01   1.165009e-01   1.389014e-06   1.912201e-07   1.272105e-08   4.545735e-07   3.527330e+01 
5.590639e-01   1.167417e-01   1.391656e-06   1.825384e-07   1.274309e-08   4.451452e-07   3.548120e+01 
5.574181e-01   1.169802e-01   1.397210e-06   1.743269e-07   1.276865e-08   4.365567e-07   3.568970e+01 
5.557259e-01   1.172154e-01   1.400564e-06   1.661215e-07   1.279295e-08   4.272653e-07   3.589880e+01 
5.540375e-01   1.174469e-01   1.402130e-06   1.578851e-07   1.282187e-08   4.172244e-07   3.610850e+01 
5.523367e-01   1.176834e-01   1.406500e-06   1.500907e-07   1.284998e-08   4.079720e-07   3.631880e+01 
5.506160e-01   1.179105e-01   1.411015e-06   1.425537e-07   1.288193e-08   3.987806e-07   3.652980e+01 
5.488560e-01   1.181360e-01   1.413281e-06   1.349479e-07   1.291099e-08   3.887053e-07   3.674130e+01 
5.471287e-01   1.183644e-01   1.415426e-06   1.275577e-07   1.294574e-08   3.785724e-07   3.695350e+01 
5.453452e-01   1.185874e-01   1.419952e-06   1.205956e-07   1.297585e-08   3.691280e-07   3.716620e+01 
5.435600e-01   1.188044e-01   1.423945e-06   1.137393e-07   1.301281e-08   3.593521e-07   3.737960e+01 
5.417536e-01   1.190251e-01   1.424873e-06   1.068621e-07   1.304397e-08   3.486950e-07   3.759360e+01 
5.399474e-01   1.192397e-01   1.427906e-06   1.003477e-07   1.308342e-08   3.385612e-07   3.780820e+01 
5.381016e-01   1.194536e-01   1.432796e-06   9.414383e-08   1.311447e-08   3.288208e-07   3.802340e+01 
5.362580e-01   1.196614e-01   1.434528e-06   8.793343e-08   1.315446e-08   3.182087e-07   3.823920e+01 
5.343763e-01   1.198695e-01   1.436149e-06   8.189264e-08   1.318315e-08   3.074579e-07   3.845570e+01 
5.325156e-01   1.200754e-01   1.439662e-06   7.619244e-08   1.322377e-08   2.971501e-07   3.867270e+01 
5.305956e-01   1.202767e-01   1.443104e-06   7.070868e-08   1.324906e-08   2.867972e-07   3.889040e+01 
5.286850e-01   1.204725e-01   1.444617e-06   6.529734e-08   1.328873e-08   2.758737e-07   3.910870e+01 
5.267426e-01   1.206703e-01   1.445933e-06   6.008964e-08   1.330981e-08   2.648650e-07   3.932750e+01 
5.248117e-01   1.208633e-01   1.449791e-06   5.523461e-08   1.334824e-08   2.544059e-07   3.954700e+01 
5.228243e-01   1.210523e-01   1.451761e-06   5.049735e-08   1.336394e-08   2.434839e-07   3.976710e+01 
5.208406e-01   1.212334e-01   1.452792e-06   4.588953e-08   1.340001e-08   2.322385e-07   3.998780e+01 
5.188387e-01   1.214211e-01   1.455317e-06   4.156301e-08   1.341045e-08   2.212732e-07   4.020910e+01 
5.168402e-01   1.216007e-01   1.456581e-06   3.745026e-08   1.344537e-08   2.100892e-07   4.043110e+01 
5.147643e-01   1.217712e-01   1.459194e-06   3.359003e-08   1.344908e-08   1.991143e-07   4.065360e+01 
5.127341e-01   1.219440e-01   1.460392e-06   2.985698e-08   1.348473e-08   1.877458e-07   4.087680e+01 
5.106542e-01   1.221158e-01   1.460167e-06   2.630856e-08   1.348499e-08   1.761033e-07   4.110050e+01 
5.085767e-01   1.222775e-01   1.463761e-06   2.309417e-08   1.352274e-08   1.651523e-07   4.132490e+01 
5.064453e-01   1.224378e-01   1.464054e-06   1.997767e-08   1.352160e-08   1.535143e-07   4.154990e+01 
5.043298e-01   1.225904e-01   1.464314e-06   1.706699e-08   1.356181e-08   1.417926e-07   4.177550e+01 
5.021870e-01   1.227499e-01   1.466846e-06   1.445301e-08   1.356137e-08   1.304917e-07   4.200170e+01 
5.000411e-01   1.228953e-01   1.465918e-06   1.199134e-08   1.360332e-08   1.185403e-07   4.222850e+01 
4.978171e-01   1.230347e-01   1.467373e-06   9.803643e-09   1.360662e-08   1.069490e-07   4.245590e+01 
4.956545e-01   1.231765e-01   1.469295e-06   7.841111e-09   1.365017e-08   9.535332e-08   4.268400e+01 
4.934240e-01   1.233162e-01   1.467180e-06   6.049942e-09   1.366149e-08   8.312888e-08   4.291260e+01 
4.911991e-01   1.234420e-01   1.468305e-06   4.534331e-09   1.369711e-08   7.142265e-08   4.314190e+01 
4.889201e-01   1.235680e-01   1.469375e-06   3.245330e-09   1.371936e-08   5.976385e-08   4.337180e+01 
4.866575e-01   1.236883e-01   1.468347e-06   2.156249e-09   1.373141e-08   4.769699e-08   4.360220e+01 
4.843959e-01   1.238077e-01   1.467772e-06   1.289541e-09   1.379092e-08   3.579393e-08   4.383330e+01 
4.819740e-01   1.239174e-01   1.467620e-06   6.819040e-10   1.374255e-08   2.388664e-08   4.406500e+01 
4.800014e-01   1.240065e-01   1.467055e-06   2.223520e-10   1.390935e-08   1.194851e-08   4.429740e+01 
4.767120e-01   1.239176e-01   1.466586e-06   8.326673e-17   1.375220e-08   1.595946e-16   4.453030e+01 
