% The data presented here were obtained from a direct numerical simulation of a turbulent 
% boundary layer developing under a pressure gradient. All the data shown here are 
% not normalized. Please refer to the references below for rmore detailed information.
 
 
% We compute the boundary layer thickness using the method of Griffin et al. (2021). 
% The pressure-gradient parameters of beta_{ZS} and beta_i are computed as follows. 
% beta_{ZS}=(delta)/(rho U_{ZS}^2)(dp_e/dx) and beta_i = (nu/rho u_tau^3)(d p_w/dx) 
% where $delta$ is the boundary layer thickness, $U_{ZS}$ is the Zagorola-Smits velocity, 
% $p_e$ and $p_w$ are the pressure at the edge of boundary layer and wall, respectively. 
 
 
% Please check this report for rmore detailed information about the data: 
% Gungor, T. R., Gungor, A. G.., Maciel, Y. (2024). Datasets of  
% three non-equilibrium pressure gradient turbulent boundary layers.  
 
 
% Please cite this paper when referencing the data: 
% Gungor, A. G., Maciel, Y., Simens, M. P., & Soria, J. (2016).  
% Scaling  and statistics of large-defect adverse pressure gradient turbulent
% boundary layers. International Journal of Heat and Fluid Flow, 59, 109-124.  
 
  
% ========================================================================================= 
% 	 	 	************ Position 1 of DNS16 ************ 
% ========================================================================================= 

% 	 Re_tau = 4.435745e+02 
% 	 Re_theta=1.237553e+03 
% 	 utau=4.001755e-02 
% 	 U_e=9.356767e-01 
% 	 theta=3.778939e-01 
% 	 delta_star=5.668488e-01 
% 	 delta=3.167000e+00 
%  	 x_pos=2.225720e+01 
% 	 H=1.500021e+00 
% 	 C_f=3.580437e-03 
% 	 nu=2.857143e-04 
% 	 beta_RC=1.385132e+00 
% 	 beta_i=1.861513e-02 
% 	 beta_ZS=4.722339e-01 
 
% ========================================================================================================== 
% 	 U   	   V   	   u2   	   v2   	   w2   	   uv   	   y        
% ========================================================================================================= 
1.179360e-02   2.881039e-07   3.346611e-05   4.132186e-09   1.726502e-05   -8.059956e-08   2.100000e-03 
2.646462e-02   1.432388e-06   1.661355e-04   8.933934e-08   7.994739e-05   -9.192672e-07   4.700000e-03 
4.519583e-02   4.131357e-06   4.760393e-04   6.586593e-07   2.076765e-04   -4.667314e-06   8.000000e-03 
6.745528e-02   9.088172e-06   1.037182e-03   2.745261e-06   4.002066e-04   -1.565420e-05   1.190000e-02 
9.314884e-02   1.712325e-05   1.921667e-03   8.207130e-06   6.499171e-04   -4.071949e-05   1.640000e-02 
1.220010e-01   2.910818e-05   3.166226e-03   1.964694e-05   9.400774e-04   -8.815349e-05   2.150000e-02 
1.540085e-01   4.623973e-05   4.765533e-03   4.048868e-05   1.257299e-03   -1.664433e-04   2.730000e-02 
1.872397e-01   6.874299e-05   6.545219e-03   7.291305e-05   1.574023e-03   -2.752306e-04   3.360000e-02 
2.217257e-01   9.803963e-05   8.385057e-03   1.203167e-04   1.889221e-03   -4.140527e-04   4.060000e-02 
2.554398e-01   1.338360e-04   1.005866e-02   1.828897e-04   2.188115e-03   -5.702099e-04   4.810000e-02 
2.883625e-01   1.773911e-04   1.148179e-02   2.629515e-04   2.476148e-03   -7.367365e-04   5.630000e-02 
3.193410e-01   2.283267e-04   1.256809e-02   3.594732e-04   2.747693e-03   -9.011204e-04   6.510000e-02 
3.479700e-01   2.866027e-04   1.331392e-02   4.713233e-04   3.000943e-03   -1.055725e-03   7.450000e-02 
3.740879e-01   3.521308e-04   1.375345e-02   5.966019e-04   3.233731e-03   -1.196028e-03   8.450000e-02 
3.977190e-01   4.247928e-04   1.393914e-02   7.328493e-04   3.443784e-03   -1.320141e-03   9.510000e-02 
4.190045e-01   5.044652e-04   1.392678e-02   8.771747e-04   3.629371e-03   -1.428121e-03   1.063000e-01 
4.381446e-01   5.908673e-04   1.376671e-02   1.026403e-03   3.789619e-03   -1.521189e-03   1.181000e-01 
4.554914e-01   6.842626e-04   1.349958e-02   1.178507e-03   3.926086e-03   -1.601714e-03   1.306000e-01 
4.709947e-01   7.827699e-04   1.316558e-02   1.328027e-03   4.038356e-03   -1.670276e-03   1.436000e-01 
4.851163e-01   8.878073e-04   1.278853e-02   1.474644e-03   4.130916e-03   -1.729365e-03   1.573000e-01 
4.979436e-01   9.986684e-04   1.239331e-02   1.615052e-03   4.206043e-03   -1.779707e-03   1.716000e-01 
5.096679e-01   1.115404e-03   1.199584e-02   1.747769e-03   4.266268e-03   -1.822786e-03   1.865000e-01 
5.204505e-01   1.238155e-03   1.160794e-02   1.871710e-03   4.313552e-03   -1.859645e-03   2.020000e-01 
5.304306e-01   1.367266e-03   1.123604e-02   1.985953e-03   4.349562e-03   -1.890927e-03   2.181000e-01 
5.397266e-01   1.502922e-03   1.088259e-02   2.089875e-03   4.375578e-03   -1.917155e-03   2.348000e-01 
5.484401e-01   1.645208e-03   1.054998e-02   2.183448e-03   4.391846e-03   -1.938882e-03   2.521000e-01 
5.567030e-01   1.794848e-03   1.023941e-02   2.267191e-03   4.399608e-03   -1.956851e-03   2.701000e-01 
5.644987e-01   1.950056e-03   9.954104e-03   2.340347e-03   4.400691e-03   -1.971311e-03   2.886000e-01 
5.719790e-01   2.112524e-03   9.689066e-03   2.404057e-03   4.397006e-03   -1.982433e-03   3.078000e-01 
5.791628e-01   2.281425e-03   9.445474e-03   2.457978e-03   4.389626e-03   -1.990219e-03   3.276000e-01 
5.860994e-01   2.456882e-03   9.223092e-03   2.502862e-03   4.377783e-03   -1.995202e-03   3.480000e-01 
5.928286e-01   2.638158e-03   9.021078e-03   2.540116e-03   4.360420e-03   -1.997828e-03   3.690000e-01 
5.993917e-01   2.824449e-03   8.836815e-03   2.571109e-03   4.337740e-03   -1.998641e-03   3.906000e-01 
6.058200e-01   3.015677e-03   8.667825e-03   2.596402e-03   4.311900e-03   -1.998251e-03   4.128000e-01 
6.121364e-01   3.211742e-03   8.509804e-03   2.616278e-03   4.284166e-03   -1.996631e-03   4.356000e-01 
6.183833e-01   3.413769e-03   8.360005e-03   2.631076e-03   4.254261e-03   -1.993722e-03   4.591000e-01 
6.245140e-01   3.621329e-03   8.219947e-03   2.640818e-03   4.223424e-03   -1.989546e-03   4.831000e-01 
6.305842e-01   3.836216e-03   8.089893e-03   2.645663e-03   4.192643e-03   -1.983506e-03   5.078000e-01 
6.365552e-01   4.056415e-03   7.968776e-03   2.646014e-03   4.162078e-03   -1.975453e-03   5.330000e-01 
6.424908e-01   4.284149e-03   7.850829e-03   2.643135e-03   4.129328e-03   -1.966085e-03   5.589000e-01 
6.483779e-01   4.517342e-03   7.735270e-03   2.638001e-03   4.094136e-03   -1.955554e-03   5.854000e-01 
6.542179e-01   4.754757e-03   7.620623e-03   2.630597e-03   4.059069e-03   -1.943750e-03   6.125000e-01 
6.600122e-01   4.997323e-03   7.505148e-03   2.620912e-03   4.025297e-03   -1.930676e-03   6.402000e-01 
6.657910e-01   5.246504e-03   7.388985e-03   2.608748e-03   3.992735e-03   -1.916393e-03   6.686000e-01 
6.715209e-01   5.500560e-03   7.272099e-03   2.593947e-03   3.959746e-03   -1.900741e-03   6.975000e-01 
6.772217e-01   5.760245e-03   7.156066e-03   2.576968e-03   3.923942e-03   -1.883684e-03   7.270000e-01 
6.829159e-01   6.026384e-03   7.042358e-03   2.558538e-03   3.885700e-03   -1.865689e-03   7.572000e-01 
6.885918e-01   6.298100e-03   6.929969e-03   2.539154e-03   3.845305e-03   -1.847089e-03   7.880000e-01 
6.942545e-01   6.574884e-03   6.818452e-03   2.518550e-03   3.801720e-03   -1.828048e-03   8.194000e-01 
6.998894e-01   6.854954e-03   6.710183e-03   2.496308e-03   3.757169e-03   -1.808795e-03   8.513000e-01 
7.055352e-01   7.141368e-03   6.604411e-03   2.472186e-03   3.712839e-03   -1.788374e-03   8.839000e-01 
7.112019e-01   7.434674e-03   6.499535e-03   2.446425e-03   3.667959e-03   -1.766526e-03   9.172000e-01 
7.168468e-01   7.730870e-03   6.394349e-03   2.419480e-03   3.621780e-03   -1.743864e-03   9.510000e-01 
7.224793e-01   8.031081e-03   6.288254e-03   2.391598e-03   3.573109e-03   -1.720092e-03   9.854000e-01 
7.281176e-01   8.336910e-03   6.182435e-03   2.362149e-03   3.521756e-03   -1.695831e-03   1.020500e+00 
7.337129e-01   8.646838e-03   6.079266e-03   2.330909e-03   3.470087e-03   -1.670958e-03   1.056100e+00 
7.392919e-01   8.961835e-03   5.976646e-03   2.298091e-03   3.419796e-03   -1.644927e-03   1.092400e+00 
7.448412e-01   9.280512e-03   5.872414e-03   2.264730e-03   3.369034e-03   -1.617854e-03   1.129200e+00 
7.504024e-01   9.605541e-03   5.762303e-03   2.230632e-03   3.315560e-03   -1.589601e-03   1.166700e+00 
7.559493e-01   9.934534e-03   5.649058e-03   2.195522e-03   3.259273e-03   -1.561134e-03   1.204800e+00 
7.614664e-01   1.026632e-02   5.535313e-03   2.159466e-03   3.202088e-03   -1.532713e-03   1.243500e+00 
7.669742e-01   1.060295e-02   5.419565e-03   2.122740e-03   3.145000e-03   -1.504094e-03   1.282900e+00 
7.724498e-01   1.094337e-02   5.301165e-03   2.085383e-03   3.087395e-03   -1.475014e-03   1.322800e+00 
7.779129e-01   1.128731e-02   5.179498e-03   2.047037e-03   3.028813e-03   -1.445049e-03   1.363300e+00 
7.833883e-01   1.163511e-02   5.054914e-03   2.007192e-03   2.968896e-03   -1.414230e-03   1.404500e+00 
7.888525e-01   1.198598e-02   4.928933e-03   1.965416e-03   2.908028e-03   -1.382559e-03   1.446200e+00 
7.943333e-01   1.234226e-02   4.800550e-03   1.922014e-03   2.846088e-03   -1.349883e-03   1.488600e+00 
7.998242e-01   1.270298e-02   4.673129e-03   1.877982e-03   2.781459e-03   -1.316028e-03   1.531600e+00 
8.053215e-01   1.306798e-02   4.546529e-03   1.833420e-03   2.711500e-03   -1.281172e-03   1.575200e+00 
8.108110e-01   1.343580e-02   4.421183e-03   1.788097e-03   2.637102e-03   -1.245232e-03   1.619400e+00 
8.162832e-01   1.380642e-02   4.298367e-03   1.741821e-03   2.558837e-03   -1.208645e-03   1.664200e+00 
8.217166e-01   1.418049e-02   4.177725e-03   1.694224e-03   2.477404e-03   -1.171701e-03   1.709600e+00 
8.271180e-01   1.455950e-02   4.055721e-03   1.645561e-03   2.395254e-03   -1.133598e-03   1.755700e+00 
8.324653e-01   1.494219e-02   3.930994e-03   1.596338e-03   2.312208e-03   -1.095279e-03   1.802300e+00 
8.377765e-01   1.532868e-02   3.803031e-03   1.546825e-03   2.226021e-03   -1.056849e-03   1.849600e+00 
8.430326e-01   1.571631e-02   3.674374e-03   1.497560e-03   2.136314e-03   -1.018135e-03   1.897500e+00 
8.482164e-01   1.610375e-02   3.546741e-03   1.448052e-03   2.044879e-03   -9.792641e-04   1.945900e+00 
8.533549e-01   1.649513e-02   3.416864e-03   1.397757e-03   1.952868e-03   -9.394059e-04   1.995000e+00 
8.584345e-01   1.688943e-02   3.284672e-03   1.346523e-03   1.859439e-03   -8.988527e-04   2.044700e+00 
8.634630e-01   1.728744e-02   3.148875e-03   1.294647e-03   1.764309e-03   -8.573652e-04   2.095000e+00 
8.684632e-01   1.769130e-02   3.011040e-03   1.242288e-03   1.668298e-03   -8.145881e-04   2.146000e+00 
8.734076e-01   1.809911e-02   2.871661e-03   1.189529e-03   1.571310e-03   -7.708010e-04   2.197500e+00 
8.782851e-01   1.850969e-02   2.729168e-03   1.136594e-03   1.474876e-03   -7.262628e-04   2.249600e+00 
8.830878e-01   1.892160e-02   2.582603e-03   1.083638e-03   1.379611e-03   -6.814571e-04   2.302400e+00 
8.878012e-01   1.933248e-02   2.430078e-03   1.031100e-03   1.284697e-03   -6.370798e-04   2.355800e+00 
8.924060e-01   1.974104e-02   2.273213e-03   9.792016e-04   1.190442e-03   -5.932348e-04   2.409700e+00 
8.968946e-01   2.014976e-02   2.114217e-03   9.272323e-04   1.097612e-03   -5.496681e-04   2.464300e+00 
9.012409e-01   2.055807e-02   1.955966e-03   8.751933e-04   1.007455e-03   -5.068175e-04   2.519500e+00 
9.054224e-01   2.096588e-02   1.801419e-03   8.232039e-04   9.208793e-04   -4.647959e-04   2.575300e+00 
9.094195e-01   2.137386e-02   1.649118e-03   7.715590e-04   8.376760e-04   -4.238627e-04   2.631800e+00 
9.132097e-01   2.178022e-02   1.496910e-03   7.213806e-04   7.574743e-04   -3.847341e-04   2.688800e+00 
9.167929e-01   2.218234e-02   1.347037e-03   6.723916e-04   6.810396e-04   -3.471546e-04   2.746400e+00 
9.201725e-01   2.258007e-02   1.200982e-03   6.239672e-04   6.093000e-04   -3.109896e-04   2.804700e+00 
9.233374e-01   2.297308e-02   1.060211e-03   5.762175e-04   5.419575e-04   -2.764441e-04   2.863500e+00 
9.262858e-01   2.336198e-02   9.258601e-04   5.294031e-04   4.791949e-04   -2.436077e-04   2.923000e+00 
9.290019e-01   2.374464e-02   8.006393e-04   4.839996e-04   4.216659e-04   -2.128086e-04   2.983100e+00 
9.314830e-01   2.412125e-02   6.861499e-04   4.404142e-04   3.689053e-04   -1.841375e-04   3.043800e+00 
9.337118e-01   2.449107e-02   5.825526e-04   3.989176e-04   3.203898e-04   -1.580642e-04   3.105100e+00 
9.356767e-01   2.485367e-02   4.909975e-04   3.597086e-04   2.754150e-04   -1.346325e-04   3.167000e+00 
9.373958e-01   2.520952e-02   4.109390e-04   3.224945e-04   2.346231e-04   -1.135785e-04   3.229500e+00 
9.388920e-01   2.555973e-02   3.421449e-04   2.869785e-04   1.984891e-04   -9.474158e-05   3.292700e+00 
9.401672e-01   2.590327e-02   2.840766e-04   2.536023e-04   1.663985e-04   -7.811498e-05   3.356400e+00 
9.412409e-01   2.624175e-02   2.339514e-04   2.227059e-04   1.386133e-04   -6.374460e-05   3.420800e+00 
9.421332e-01   2.657505e-02   1.910275e-04   1.945418e-04   1.151488e-04   -5.152685e-05   3.485800e+00 
9.428676e-01   2.690364e-02   1.547806e-04   1.692328e-04   9.511353e-05   -4.109105e-05   3.551300e+00 
9.434675e-01   2.722960e-02   1.248934e-04   1.464828e-04   7.821841e-05   -3.207812e-05   3.617500e+00 
9.439436e-01   2.755266e-02   1.012374e-04   1.260512e-04   6.411873e-05   -2.467552e-05   3.684300e+00 
9.443143e-01   2.787352e-02   8.256467e-05   1.079579e-04   5.235083e-05   -1.870146e-05   3.751700e+00 
9.445972e-01   2.819347e-02   6.762907e-05   9.221031e-05   4.263360e-05   -1.396394e-05   3.819800e+00 
9.448057e-01   2.851222e-02   5.582106e-05   7.867588e-05   3.480246e-05   -1.038609e-05   3.888400e+00 
9.449593e-01   2.883151e-02   4.650904e-05   6.699848e-05   2.840248e-05   -7.691813e-06   3.957700e+00 
9.450743e-01   2.915111e-02   3.906640e-05   5.697903e-05   2.316899e-05   -5.634205e-06   4.027500e+00 
9.451591e-01   2.947245e-02   3.310694e-05   4.845935e-05   1.894803e-05   -4.115701e-06   4.098000e+00 
9.452206e-01   2.979531e-02   2.811314e-05   4.130018e-05   1.554556e-05   -3.068617e-06   4.169100e+00 
9.452692e-01   3.011976e-02   2.389795e-05   3.528947e-05   1.286151e-05   -2.304940e-06   4.240700e+00 
9.453141e-01   3.044699e-02   2.033692e-05   3.020516e-05   1.069944e-05   -1.764389e-06   4.313000e+00 
9.453624e-01   3.077691e-02   1.734438e-05   2.592361e-05   8.920644e-06   -1.402726e-06   4.385900e+00 
9.454199e-01   3.111042e-02   1.485130e-05   2.232530e-05   7.482052e-06   -1.121002e-06   4.459500e+00 
9.454870e-01   3.144667e-02   1.279407e-05   1.930765e-05   6.358283e-06   -8.838016e-07   4.533600e+00 
9.455599e-01   3.178592e-02   1.106021e-05   1.678486e-05   5.445949e-06   -6.918033e-07   4.608300e+00 
9.456324e-01   3.212839e-02   9.636791e-06   1.468101e-05   4.688007e-06   -5.557026e-07   4.683700e+00 
9.456978e-01   3.247341e-02   8.468793e-06   1.291382e-05   4.073683e-06   -4.714353e-07   4.759700e+00 
9.457503e-01   3.282040e-02   7.489630e-06   1.141914e-05   3.583936e-06   -3.920620e-07   4.836200e+00 
9.457844e-01   3.317007e-02   6.677289e-06   1.014048e-05   3.169712e-06   -3.195259e-07   4.913400e+00 
9.457960e-01   3.352181e-02   5.993994e-06   9.041976e-06   2.810341e-06   -2.561774e-07   4.991200e+00 
9.457836e-01   3.387555e-02   5.414627e-06   8.091454e-06   2.496243e-06   -1.979596e-07   5.069600e+00 
9.457475e-01   3.423131e-02   4.908237e-06   7.261639e-06   2.220072e-06   -1.499604e-07   5.148600e+00 
9.456897e-01   3.458960e-02   4.459698e-06   6.531961e-06   1.985366e-06   -1.123261e-07   5.228300e+00 
9.456136e-01   3.494965e-02   4.059758e-06   5.888064e-06   1.786471e-06   -8.439591e-08   5.308500e+00 
9.455227e-01   3.531251e-02   3.696813e-06   5.315611e-06   1.613139e-06   -6.384352e-08   5.389400e+00 
9.454217e-01   3.567743e-02   3.365114e-06   4.807619e-06   1.460639e-06   -4.938847e-08   5.470800e+00 
9.453147e-01   3.604551e-02   3.061073e-06   4.355686e-06   1.325185e-06   -4.036376e-08   5.552900e+00 
9.452060e-01   3.641645e-02   2.783691e-06   3.953246e-06   1.204893e-06   -3.507857e-08   5.635600e+00 
9.450990e-01   3.679041e-02   2.532091e-06   3.594581e-06   1.097629e-06   -3.251019e-08   5.718900e+00 
9.449966e-01   3.716751e-02   2.304035e-06   3.274220e-06   1.001279e-06   -3.261246e-08   5.802800e+00 
9.449009e-01   3.754785e-02   2.097638e-06   2.987481e-06   9.147251e-07   -3.373392e-08   5.887300e+00 
9.448127e-01   3.793149e-02   1.911798e-06   2.730278e-06   8.369315e-07   -3.446189e-08   5.972400e+00 
9.447323e-01   3.831845e-02   1.745013e-06   2.498876e-06   7.668207e-07   -3.461796e-08   6.058100e+00 
9.446589e-01   3.870918e-02   1.595223e-06   2.289906e-06   7.034078e-07   -3.420829e-08   6.144500e+00 
9.445916e-01   3.910274e-02   1.460918e-06   2.101270e-06   6.460657e-07   -3.311220e-08   6.231400e+00 
9.445290e-01   3.950001e-02   1.340086e-06   1.930272e-06   5.940026e-07   -3.138559e-08   6.319000e+00 
9.444698e-01   3.990048e-02   1.231273e-06   1.775156e-06   5.467179e-07   -2.917991e-08   6.407200e+00 
9.444127e-01   4.030411e-02   1.132995e-06   1.634202e-06   5.037115e-07   -2.663913e-08   6.496000e+00 
9.443567e-01   4.071087e-02   1.043959e-06   1.505905e-06   4.645452e-07   -2.388678e-08   6.585400e+00 
9.443006e-01   4.112074e-02   9.630449e-07   1.388947e-06   4.288320e-07   -2.101559e-08   6.675400e+00 
9.442439e-01   4.153369e-02   8.892759e-07   1.282168e-06   3.962286e-07   -1.809278e-08   6.766000e+00 
9.441861e-01   4.194972e-02   8.218367e-07   1.184546e-06   3.664293e-07   -1.516884e-08   6.857200e+00 
9.441265e-01   4.236927e-02   7.600012e-07   1.095079e-06   3.391345e-07   -1.229065e-08   6.949100e+00 
9.440653e-01   4.279145e-02   7.033795e-07   1.013161e-06   3.141583e-07   -9.509880e-09   7.041500e+00 
9.440022e-01   4.321717e-02   6.514392e-07   9.379006e-07   2.912278e-07   -6.884393e-09   7.134600e+00 
9.439372e-01   4.364599e-02   6.038975e-07   8.687591e-07   2.701757e-07   -4.477300e-09   7.228300e+00 
9.438702e-01   4.407792e-02   5.604145e-07   8.051751e-07   2.508271e-07   -2.320722e-09   7.322600e+00 
9.438014e-01   4.451299e-02   5.206267e-07   7.466563e-07   2.330263e-07   -4.113330e-10   7.417500e+00 
9.437307e-01   4.495120e-02   4.841786e-07   6.927624e-07   2.166346e-07   1.279464e-09   7.513000e+00 
9.436580e-01   4.539257e-02   4.507387e-07   6.430986e-07   2.015276e-07   2.792314e-09   7.609100e+00 
9.435833e-01   4.583712e-02   4.200028e-07   5.973060e-07   1.875933e-07   4.163349e-09   7.705800e+00 
9.435067e-01   4.628532e-02   3.916850e-07   5.550166e-07   1.747188e-07   5.409630e-09   7.803200e+00 
9.434281e-01   4.673628e-02   3.656208e-07   5.160201e-07   1.628390e-07   6.543229e-09   7.901100e+00 
9.433474e-01   4.719091e-02   3.415570e-07   4.799646e-07   1.518471e-07   7.576484e-09   7.999700e+00 
9.432648e-01   4.764833e-02   3.193645e-07   4.466761e-07   1.416905e-07   8.512113e-09   8.098800e+00 
9.431801e-01   4.810948e-02   2.988407e-07   4.158628e-07   1.322806e-07   9.360580e-09   8.198600e+00 
9.430935e-01   4.857391e-02   2.798669e-07   3.873551e-07   1.235665e-07   1.013684e-08   8.299000e+00 
9.430048e-01   4.904164e-02   2.622951e-07   3.609689e-07   1.154917e-07   1.084151e-08   8.400000e+00 
9.429142e-01   4.951269e-02   2.459809e-07   3.365301e-07   1.080055e-07   1.145707e-08   8.501600e+00 
9.428214e-01   4.998755e-02   2.308018e-07   3.138654e-07   1.010552e-07   1.198481e-08   8.603900e+00 
9.427267e-01   5.046530e-02   2.167144e-07   2.928789e-07   9.461163e-08   1.244576e-08   8.706700e+00 
9.426300e-01   5.094644e-02   2.036430e-07   2.734197e-07   8.862819e-08   1.286171e-08   8.810100e+00 
9.425310e-01   5.143143e-02   1.915053e-07   2.553512e-07   8.306396e-08   1.323923e-08   8.914200e+00 
9.424300e-01   5.191986e-02   1.802342e-07   2.385844e-07   7.789224e-08   1.357548e-08   9.018900e+00 
9.423270e-01   5.241125e-02   1.697648e-07   2.230299e-07   7.308727e-08   1.386769e-08   9.124100e+00 
9.422218e-01   5.290659e-02   1.600113e-07   2.085698e-07   6.861249e-08   1.412163e-08   9.230000e+00 
9.421146e-01   5.340542e-02   1.509226e-07   1.951313e-07   6.444769e-08   1.433683e-08   9.336500e+00 
9.420055e-01   5.390777e-02   1.424471e-07   1.826384e-07   6.056967e-08   1.451066e-08   9.443600e+00 
9.418944e-01   5.441415e-02   1.345271e-07   1.710121e-07   5.695393e-08   1.465038e-08   9.551400e+00 
9.417819e-01   5.492365e-02   1.271312e-07   1.602058e-07   5.358790e-08   1.475661e-08   9.659700e+00 
9.416679e-01   5.543678e-02   1.202106e-07   1.501503e-07   5.045050e-08   1.482725e-08   9.768600e+00 
9.415523e-01   5.595403e-02   1.137278e-07   1.407825e-07   4.752308e-08   1.486998e-08   9.878200e+00 
9.414346e-01   5.647493e-02   1.076732e-07   1.320634e-07   4.479343e-08   1.490180e-08   9.988400e+00 
9.413143e-01   5.699900e-02   1.020361e-07   1.239529e-07   4.224934e-08   1.493612e-08   1.009910e+01 
9.411905e-01   5.752715e-02   9.677274e-08   1.163937e-07   3.987302e-08   1.496794e-08   1.021050e+01 
9.410629e-01   5.805893e-02   9.184065e-08   1.093495e-07   3.765492e-08   1.497861e-08   1.032250e+01 
9.409319e-01   5.859438e-02   8.719893e-08   1.027832e-07   3.558385e-08   1.495257e-08   1.043510e+01 
9.407981e-01   5.913405e-02   8.282057e-08   9.665423e-08   3.364788e-08   1.489434e-08   1.054840e+01 
9.406622e-01   5.967705e-02   7.870627e-08   9.094454e-08   3.184108e-08   1.481750e-08   1.066220e+01 
9.405239e-01   6.022389e-02   7.483871e-08   8.562026e-08   3.015342e-08   1.472913e-08   1.077660e+01 
9.403828e-01   6.077505e-02   7.119538e-08   8.065142e-08   2.857587e-08   1.462697e-08   1.089170e+01 
9.402387e-01   6.132957e-02   6.776225e-08   7.602056e-08   2.710359e-08   1.451139e-08   1.100730e+01 
9.400912e-01   6.188844e-02   6.452284e-08   7.169635e-08   2.572670e-08   1.438025e-08   1.112360e+01 
9.399406e-01   6.245121e-02   6.146691e-08   6.766322e-08   2.444015e-08   1.423939e-08   1.124050e+01 
9.397870e-01   6.301794e-02   5.858250e-08   6.390137e-08   2.323763e-08   1.408504e-08   1.135800e+01 
9.396305e-01   6.358867e-02   5.585595e-08   6.039051e-08   2.211382e-08   1.391959e-08   1.147610e+01 
9.394712e-01   6.416342e-02   5.327538e-08   5.711626e-08   2.106358e-08   1.374474e-08   1.159480e+01 
9.393089e-01   6.474224e-02   5.083009e-08   5.406008e-08   2.008295e-08   1.355730e-08   1.171410e+01 
9.391437e-01   6.532565e-02   4.850662e-08   5.120819e-08   1.916638e-08   1.336019e-08   1.183410e+01 
9.389757e-01   6.591270e-02   4.630370e-08   4.854974e-08   1.831149e-08   1.314887e-08   1.195460e+01 
9.388046e-01   6.650442e-02   4.420863e-08   4.606822e-08   1.751287e-08   1.293227e-08   1.207580e+01 
9.386306e-01   6.709985e-02   4.222157e-08   4.375716e-08   1.676773e-08   1.270621e-08   1.219750e+01 
9.384534e-01   6.770001e-02   4.033158e-08   4.160088e-08   1.607230e-08   1.247524e-08   1.231990e+01 
9.382730e-01   6.830446e-02   3.853194e-08   3.959238e-08   1.542344e-08   1.223783e-08   1.244290e+01 
9.380892e-01   6.891320e-02   3.681787e-08   3.772017e-08   1.481971e-08   1.198826e-08   1.256650e+01 
9.379021e-01   6.952629e-02   3.517999e-08   3.597786e-08   1.425769e-08   1.173465e-08   1.269070e+01 
9.377112e-01   7.014423e-02   3.361507e-08   3.435338e-08   1.373446e-08   1.146727e-08   1.281560e+01 
9.375170e-01   7.076610e-02   3.212283e-08   3.284348e-08   1.324921e-08   1.119262e-08   1.294100e+01 
9.373198e-01   7.139247e-02   3.069237e-08   3.143909e-08   1.279765e-08   1.091235e-08   1.306700e+01 
9.371194e-01   7.202389e-02   2.932276e-08   3.013098e-08   1.237902e-08   1.061660e-08   1.319370e+01 
9.369163e-01   7.265993e-02   2.801594e-08   2.891723e-08   1.199216e-08   1.031766e-08   1.332100e+01 
9.367100e-01   7.330008e-02   2.676782e-08   2.779086e-08   1.163400e-08   1.001299e-08   1.344880e+01 
9.364992e-01   7.394531e-02   2.558079e-08   2.674356e-08   1.130423e-08   9.694031e-09   1.357730e+01 
9.362839e-01   7.459518e-02   2.445269e-08   2.577288e-08   1.100099e-08   9.371906e-09   1.370640e+01 
9.360641e-01   7.524970e-02   2.337485e-08   2.487218e-08   1.072063e-08   9.038325e-09   1.383610e+01 
9.358390e-01   7.590888e-02   2.236534e-08   2.403468e-08   1.046446e-08   8.686042e-09   1.396640e+01 
9.356088e-01   7.657329e-02   2.143374e-08   2.325780e-08   1.023178e-08   8.328166e-09   1.409740e+01 
9.353735e-01   7.724197e-02   2.057828e-08   2.253673e-08   1.001772e-08   7.956954e-09   1.422890e+01 
9.351316e-01   7.791587e-02   1.984121e-08   2.186408e-08   9.821505e-09   7.553533e-09   1.436110e+01 
9.348838e-01   7.859402e-02   1.924432e-08   2.123754e-08   9.647523e-09   7.120965e-09   1.449380e+01 
9.346325e-01   7.927777e-02   1.864454e-08   2.065147e-08   9.494293e-09   6.646155e-09   1.462720e+01 
9.343803e-01   7.996687e-02   1.786206e-08   2.009491e-08   9.354759e-09   6.105776e-09   1.476120e+01 
9.341268e-01   8.066137e-02   1.693251e-08   1.956271e-08   9.223601e-09   5.525879e-09   1.489580e+01 
9.338704e-01   8.136115e-02   1.604392e-08   1.906124e-08   9.100579e-09   4.978857e-09   1.503100e+01 
9.336102e-01   8.206620e-02   1.530658e-08   1.859559e-08   8.987359e-09   4.516389e-09   1.516680e+01 
9.333458e-01   8.277656e-02   1.470908e-08   1.816607e-08   8.884599e-09   4.137552e-09   1.530320e+01 
9.330770e-01   8.349279e-02   1.420426e-08   1.776639e-08   8.791734e-09   3.816449e-09   1.544030e+01 
9.328039e-01   8.421390e-02   1.376275e-08   1.739292e-08   8.708054e-09   3.533237e-09   1.557790e+01 
9.325260e-01   8.494099e-02   1.337079e-08   1.704132e-08   8.632687e-09   3.277829e-09   1.571620e+01 
9.322437e-01   8.567307e-02   1.302112e-08   1.671010e-08   8.565101e-09   3.046569e-09   1.585500e+01 
9.319564e-01   8.641125e-02   1.270709e-08   1.639746e-08   8.504622e-09   2.836066e-09   1.599450e+01 
9.316642e-01   8.715505e-02   1.242390e-08   1.610143e-08   8.450773e-09   2.643068e-09   1.613460e+01 
9.313671e-01   8.790455e-02   1.216790e-08   1.582154e-08   8.403063e-09   2.465876e-09   1.627530e+01 
9.310649e-01   8.865979e-02   1.193596e-08   1.555596e-08   8.361040e-09   2.302625e-09   1.641660e+01 
9.307574e-01   8.942138e-02   1.172420e-08   1.530391e-08   8.324266e-09   2.150938e-09   1.655860e+01 
9.304448e-01   9.018832e-02   1.153129e-08   1.506412e-08   8.292408e-09   2.010294e-09   1.670110e+01 
9.301269e-01   9.096119e-02   1.135538e-08   1.483663e-08   8.265079e-09   1.879601e-09   1.684420e+01 
9.298034e-01   9.174061e-02   1.119381e-08   1.461914e-08   8.241934e-09   1.757190e-09   1.698800e+01 
9.294744e-01   9.252610e-02   1.104546e-08   1.441241e-08   8.222687e-09   1.642796e-09   1.713240e+01 
9.291399e-01   9.331719e-02   1.090939e-08   1.421504e-08   8.207059e-09   1.535661e-09   1.727730e+01 
9.287996e-01   9.411504e-02   1.078463e-08   1.402659e-08   8.194762e-09   1.434952e-09   1.742290e+01 
9.284534e-01   9.491917e-02   1.066955e-08   1.384700e-08   8.185560e-09   1.340192e-09   1.756910e+01 
9.281014e-01   9.572966e-02   1.056366e-08   1.367501e-08   8.179221e-09   1.251176e-09   1.771590e+01 
9.277430e-01   9.654713e-02   1.046603e-08   1.351060e-08   8.175530e-09   1.166822e-09   1.786340e+01 
9.273789e-01   9.737055e-02   1.037585e-08   1.335349e-08   8.174289e-09   1.087010e-09   1.801140e+01 
9.270085e-01   9.820054e-02   1.029269e-08   1.320302e-08   8.175305e-09   1.011392e-09   1.816000e+01 
9.266315e-01   9.903775e-02   1.021599e-08   1.305934e-08   8.178410e-09   9.397947e-10   1.830930e+01 
9.262484e-01   9.988113e-02   1.014534e-08   1.292136e-08   8.183434e-09   8.718974e-10   1.845910e+01 
9.258584e-01   1.007319e-01   1.008002e-08   1.278979e-08   8.190233e-09   8.071361e-10   1.860960e+01 
9.254618e-01   1.015895e-01   1.001984e-08   1.266335e-08   8.198659e-09   7.453298e-10   1.876070e+01 
9.250585e-01   1.024542e-01   9.964121e-09   1.254262e-08   8.208582e-09   6.866094e-10   1.891240e+01 
9.246482e-01   1.033258e-01   9.912757e-09   1.242701e-08   8.219878e-09   6.306601e-10   1.906470e+01 
9.242310e-01   1.042047e-01   9.865571e-09   1.231647e-08   8.232429e-09   5.769792e-10   1.921760e+01 
9.238064e-01   1.050913e-01   9.821882e-09   1.221047e-08   8.246141e-09   5.253149e-10   1.937120e+01 
9.233747e-01   1.059847e-01   9.781810e-09   1.210947e-08   8.260890e-09   4.758841e-10   1.952530e+01 
9.229358e-01   1.068855e-01   9.745194e-09   1.201316e-08   8.276597e-09   4.287371e-10   1.968000e+01 
9.224890e-01   1.077943e-01   9.711198e-09   1.192098e-08   8.293181e-09   3.833927e-10   1.983540e+01 
9.220346e-01   1.087108e-01   9.680326e-09   1.183337e-08   8.310554e-09   3.397586e-10   1.999140e+01 
9.215724e-01   1.096349e-01   9.652315e-09   1.174977e-08   8.328639e-09   2.977536e-10   2.014800e+01 
9.211026e-01   1.105662e-01   9.626521e-09   1.167027e-08   8.347353e-09   2.571695e-10   2.030510e+01 
9.206242e-01   1.115066e-01   9.602875e-09   1.159431e-08   8.366669e-09   2.179002e-10   2.046300e+01 
9.201378e-01   1.124543e-01   9.581576e-09   1.152277e-08   8.386488e-09   1.800759e-10   2.062140e+01 
9.196432e-01   1.134102e-01   9.562444e-09   1.145459e-08   8.406767e-09   1.435221e-10   2.078040e+01 
9.191401e-01   1.143742e-01   9.545197e-09   1.138998e-08   8.427453e-09   1.082164e-10   2.094000e+01 
9.186280e-01   1.153470e-01   9.529843e-09   1.132865e-08   8.448510e-09   7.370238e-11   2.110030e+01 
9.181074e-01   1.163277e-01   9.516074e-09   1.127084e-08   8.469870e-09   3.996414e-11   2.126110e+01 
9.175776e-01   1.173174e-01   9.503948e-09   1.121612e-08   8.491515e-09   7.574386e-12   2.142260e+01 
9.170387e-01   1.183157e-01   9.493439e-09   1.116423e-08   8.513396e-09   -2.402525e-11   2.158470e+01 
9.164905e-01   1.193228e-01   9.484268e-09   1.111533e-08   8.535476e-09   -5.497137e-11   2.174740e+01 
9.159329e-01   1.203386e-01   9.476587e-09   1.106897e-08   8.557723e-09   -8.497954e-11   2.191070e+01 
9.153657e-01   1.213634e-01   9.470453e-09   1.102502e-08   8.580107e-09   -1.141791e-10   2.207460e+01 
9.147887e-01   1.223972e-01   9.465320e-09   1.098301e-08   8.602602e-09   -1.427194e-10   2.223910e+01 
9.142017e-01   1.234401e-01   9.461214e-09   1.094342e-08   8.625183e-09   -1.707975e-10   2.240420e+01 
9.136042e-01   1.244930e-01   9.458363e-09   1.090485e-08   8.647838e-09   -1.982358e-10   2.257000e+01 
9.129968e-01   1.255546e-01   9.456663e-09   1.086795e-08   8.670521e-09   -2.251331e-10   2.273630e+01 
9.123785e-01   1.266263e-01   9.455850e-09   1.083207e-08   8.693241e-09   -2.515536e-10   2.290330e+01 
9.117495e-01   1.277077e-01   9.456224e-09   1.079712e-08   8.715965e-09   -2.768395e-10   2.307090e+01 
9.111095e-01   1.287989e-01   9.457615e-09   1.076287e-08   8.738681e-09   -3.018971e-10   2.323910e+01 
9.104588e-01   1.298993e-01   9.459550e-09   1.072813e-08   8.761357e-09   -3.267610e-10   2.340780e+01 
9.097960e-01   1.310110e-01   9.462277e-09   1.069338e-08   8.784024e-09   -3.512658e-10   2.357730e+01 
9.091221e-01   1.321322e-01   9.465985e-09   1.065847e-08   8.806629e-09   -3.751489e-10   2.374730e+01 
9.084364e-01   1.332637e-01   9.470612e-09   1.062237e-08   8.829175e-09   -3.980819e-10   2.391790e+01 
9.077388e-01   1.344055e-01   9.475885e-09   1.058525e-08   8.851656e-09   -4.210686e-10   2.408910e+01 
9.070285e-01   1.355586e-01   9.481839e-09   1.054653e-08   8.874073e-09   -4.437465e-10   2.426100e+01 
9.063058e-01   1.367224e-01   9.488424e-09   1.050688e-08   8.896410e-09   -4.659097e-10   2.443350e+01 
9.055708e-01   1.378963e-01   9.495569e-09   1.046509e-08   8.918646e-09   -4.875288e-10   2.460650e+01 
9.048225e-01   1.390819e-01   9.503162e-09   1.042142e-08   8.940803e-09   -5.091284e-10   2.478020e+01 
9.040611e-01   1.402786e-01   9.511505e-09   1.037587e-08   8.962865e-09   -5.304697e-10   2.495450e+01 
9.032862e-01   1.414865e-01   9.520809e-09   1.032876e-08   8.984828e-09   -5.511813e-10   2.512940e+01 
9.024976e-01   1.427059e-01   9.530178e-09   1.028015e-08   9.006691e-09   -5.716544e-10   2.530490e+01 
9.016951e-01   1.439367e-01   9.540092e-09   1.023033e-08   9.028453e-09   -5.915902e-10   2.548100e+01 
9.008780e-01   1.451800e-01   9.550676e-09   1.017941e-08   9.050126e-09   -6.116522e-10   2.565780e+01 
9.000468e-01   1.464345e-01   9.561623e-09   1.012850e-08   9.071686e-09   -6.316143e-10   2.583510e+01 
8.992004e-01   1.477017e-01   9.573094e-09   1.007729e-08   9.093158e-09   -6.511372e-10   2.601310e+01 
8.983389e-01   1.489810e-01   9.584990e-09   1.002706e-08   9.114532e-09   -6.706985e-10   2.619170e+01 
8.974625e-01   1.502720e-01   9.597214e-09   9.978744e-09   9.135799e-09   -6.901270e-10   2.637080e+01 
8.965700e-01   1.515761e-01   9.609847e-09   9.931956e-09   9.156984e-09   -7.095448e-10   2.655060e+01 
8.956615e-01   1.528930e-01   9.622995e-09   9.889393e-09   9.178079e-09   -7.287670e-10   2.673100e+01 
8.947367e-01   1.542226e-01   9.636293e-09   9.850458e-09   9.199087e-09   -7.484165e-10   2.691200e+01 
8.937948e-01   1.555660e-01   9.650059e-09   9.816057e-09   9.220024e-09   -7.683483e-10   2.709370e+01 
8.928364e-01   1.569218e-01   9.664399e-09   9.787874e-09   9.240872e-09   -7.881987e-10   2.727590e+01 
8.918608e-01   1.582909e-01   9.679000e-09   9.764754e-09   9.261646e-09   -8.083489e-10   2.745870e+01 
8.908669e-01   1.596744e-01   9.693805e-09   9.748067e-09   9.282365e-09   -8.288094e-10   2.764220e+01 
8.898551e-01   1.610714e-01   9.709018e-09   9.737755e-09   9.303021e-09   -8.494380e-10   2.782630e+01 
8.888255e-01   1.624816e-01   9.724540e-09   9.733126e-09   9.323610e-09   -8.706734e-10   2.801090e+01 
8.877765e-01   1.639066e-01   9.740393e-09   9.734132e-09   9.344158e-09   -8.923241e-10   2.819620e+01 
8.867085e-01   1.653458e-01   9.756561e-09   9.739325e-09   9.364665e-09   -9.139652e-10   2.838210e+01 
8.856209e-01   1.667995e-01   9.772702e-09   9.748217e-09   9.385132e-09   -9.362160e-10   2.856860e+01 
8.845133e-01   1.682677e-01   9.789373e-09   9.757999e-09   9.405568e-09   -9.584907e-10   2.875570e+01 
8.833851e-01   1.697515e-01   9.806287e-09   9.768356e-09   9.425993e-09   -9.807364e-10   2.894350e+01 
8.822362e-01   1.712494e-01   9.823676e-09   9.776828e-09   9.446380e-09   -1.003591e-09   2.913180e+01 
8.810665e-01   1.727635e-01   9.840771e-09   9.781962e-09   9.466791e-09   -1.025797e-09   2.932080e+01 
8.798738e-01   1.742918e-01   9.859116e-09   9.781529e-09   9.487141e-09   -1.048199e-09   2.951030e+01 
8.786619e-01   1.758371e-01   9.875631e-09   9.774072e-09   9.507585e-09   -1.070025e-09   2.970050e+01 
8.774217e-01   1.773970e-01   9.895987e-09   9.758786e-09   9.527911e-09   -1.092270e-09   2.989130e+01 
8.761680e-01   1.789747e-01   9.911149e-09   9.735622e-09   9.548464e-09   -1.112599e-09   3.008270e+01 
8.748754e-01   1.805656e-01   9.934033e-09   9.703778e-09   9.568706e-09   -1.135242e-09   3.027470e+01 
8.735829e-01   1.821776e-01   9.946130e-09   9.665935e-09   9.589517e-09   -1.154088e-09   3.046730e+01 
8.722290e-01   1.837988e-01   9.974674e-09   9.621861e-09   9.609540e-09   -1.176931e-09   3.066050e+01 
8.709047e-01   1.854487e-01   9.980443e-09   9.576647e-09   9.630885e-09   -1.194100e-09   3.085440e+01 
8.694746e-01   1.870983e-01   1.001754e-08   9.529551e-09   9.650418e-09   -1.219071e-09   3.104880e+01 
8.681329e-01   1.887897e-01   1.001435e-08   9.488637e-09   9.672701e-09   -1.234665e-09   3.124390e+01 
8.666057e-01   1.904642e-01   1.006257e-08   9.451914e-09   9.691321e-09   -1.262623e-09   3.143950e+01 
8.652652e-01   1.922028e-01   1.004969e-08   9.426590e-09   9.715107e-09   -1.277526e-09   3.163580e+01 
8.636169e-01   1.938988e-01   1.010603e-08   9.410968e-09   9.732296e-09   -1.308712e-09   3.183270e+01 
8.622923e-01   1.956899e-01   1.009152e-08   9.405664e-09   9.758128e-09   -1.325646e-09   3.203020e+01 
8.605131e-01   1.974048e-01   1.014165e-08   9.415687e-09   9.773599e-09   -1.356712e-09   3.222830e+01 
8.591950e-01   1.992486e-01   1.014774e-08   9.423080e-09   9.801476e-09   -1.379791e-09   3.242700e+01 
8.573104e-01   2.009900e-01   1.016258e-08   9.449867e-09   9.815840e-09   -1.404624e-09   3.262640e+01 
8.559390e-01   2.028744e-01   1.022245e-08   9.453465e-09   9.844537e-09   -1.438606e-09   3.282630e+01 
8.540352e-01   2.046632e-01   1.016998e-08   9.474567e-09   9.859916e-09   -1.450947e-09   3.302690e+01 
8.524934e-01   2.065609e-01   1.030538e-08   9.457237e-09   9.886574e-09   -1.497115e-09   3.322800e+01 
8.506958e-01   2.084304e-01   1.018597e-08   9.444235e-09   9.906496e-09   -1.495230e-09   3.342980e+01 
8.488608e-01   2.103116e-01   1.036381e-08   9.401725e-09   9.927578e-09   -1.546577e-09   3.363220e+01 
8.472457e-01   2.122854e-01   1.024824e-08   9.336387e-09   9.955043e-09   -1.541765e-09   3.383520e+01 
8.451096e-01   2.141457e-01   1.036213e-08   9.278688e-09   9.969230e-09   -1.582000e-09   3.403880e+01 
8.435794e-01   2.162025e-01   1.037586e-08   9.179268e-09   1.000323e-08   -1.593819e-09   3.424300e+01 
8.413387e-01   2.180951e-01   1.031567e-08   9.112200e-09   1.001461e-08   -1.607820e-09   3.444790e+01 
8.396079e-01   2.201604e-01   1.051690e-08   9.042590e-09   1.004842e-08   -1.648828e-09   3.465330e+01 
8.375637e-01   2.221695e-01   1.031650e-08   8.948493e-09   1.006560e-08   -1.639004e-09   3.485940e+01 
8.353923e-01   2.241755e-01   1.055907e-08   8.975649e-09   1.009084e-08   -1.699087e-09   3.506600e+01 
8.336204e-01   2.263281e-01   1.045497e-08   8.835020e-09   1.011970e-08   -1.691727e-09   3.527330e+01 
8.311389e-01   2.283115e-01   1.047668e-08   8.938109e-09   1.013531e-08   -1.736409e-09   3.548120e+01 
8.292960e-01   2.305123e-01   1.066375e-08   8.781157e-09   1.017126e-08   -1.759196e-09   3.568970e+01 
8.269507e-01   2.326049e-01   1.043858e-08   8.819905e-09   1.018673e-08   -1.766178e-09   3.589880e+01 
8.246388e-01   2.347344e-01   1.072260e-08   8.713650e-09   1.021830e-08   -1.813713e-09   3.610850e+01 
8.225908e-01   2.369905e-01   1.061668e-08   8.570575e-09   1.024319e-08   -1.800255e-09   3.631880e+01 
8.199690e-01   2.390979e-01   1.059783e-08   8.518250e-09   1.026679e-08   -1.834082e-09   3.652980e+01 
8.177633e-01   2.413792e-01   1.085586e-08   8.279006e-09   1.029752e-08   -1.837762e-09   3.674130e+01 
8.153700e-01   2.436369e-01   1.060681e-08   8.206908e-09   1.032241e-08   -1.840689e-09   3.695350e+01 
8.126456e-01   2.458262e-01   1.082903e-08   8.059568e-09   1.034858e-08   -1.869170e-09   3.716620e+01 
8.104345e-01   2.482248e-01   1.089553e-08   7.974389e-09   1.038127e-08   -1.871146e-09   3.737960e+01 
8.076325e-01   2.504701e-01   1.070479e-08   7.928515e-09   1.040382e-08   -1.896895e-09   3.759360e+01 
8.049887e-01   2.528036e-01   1.104528e-08   7.906543e-09   1.043744e-08   -1.919630e-09   3.780820e+01 
8.025071e-01   2.552444e-01   1.092804e-08   7.820842e-09   1.046508e-08   -1.934461e-09   3.802340e+01 
7.995102e-01   2.575395e-01   1.088434e-08   7.770586e-09   1.049500e-08   -1.949321e-09   3.823920e+01 
7.968000e-01   2.599880e-01   1.122205e-08   7.617054e-09   1.052585e-08   -1.957261e-09   3.845570e+01 
7.940808e-01   2.624742e-01   1.100273e-08   7.394855e-09   1.055883e-08   -1.948576e-09   3.867270e+01 
7.908768e-01   2.648320e-01   1.109387e-08   7.245971e-09   1.058713e-08   -1.950748e-09   3.889040e+01 
7.880969e-01   2.673908e-01   1.138358e-08   6.996048e-09   1.062378e-08   -1.932761e-09   3.910870e+01 
7.850781e-01   2.699123e-01   1.113670e-08   6.902476e-09   1.065453e-08   -1.945678e-09   3.932750e+01 
7.817523e-01   2.723581e-01   1.131624e-08   6.802778e-09   1.068939e-08   -1.945130e-09   3.954700e+01 
7.787673e-01   2.749927e-01   1.158019e-08   6.740944e-09   1.072387e-08   -1.942860e-09   3.976710e+01 
7.755479e-01   2.775835e-01   1.133766e-08   6.666099e-09   1.076143e-08   -1.968223e-09   3.998780e+01 
7.720120e-01   2.800983e-01   1.155648e-08   6.485848e-09   1.079457e-08   -1.937829e-09   4.020910e+01 
7.688384e-01   2.828161e-01   1.182475e-08   6.288901e-09   1.083551e-08   -1.904317e-09   4.043110e+01 
7.653905e-01   2.854744e-01   1.159638e-08   6.002314e-09   1.087234e-08   -1.903373e-09   4.065360e+01 
7.616630e-01   2.880688e-01   1.180087e-08   5.813673e-09   1.091185e-08   -1.850461e-09   4.087680e+01 
7.582166e-01   2.908390e-01   1.213837e-08   5.615885e-09   1.095209e-08   -1.807804e-09   4.110050e+01 
7.546080e-01   2.936002e-01   1.193869e-08   5.524228e-09   1.099624e-08   -1.820511e-09   4.132490e+01 
7.506201e-01   2.962508e-01   1.210157e-08   5.443300e-09   1.103557e-08   -1.802214e-09   4.154990e+01 
7.468963e-01   2.990788e-01   1.252248e-08   5.190452e-09   1.108210e-08   -1.695127e-09   4.177550e+01 
7.430954e-01   3.019363e-01   1.241107e-08   5.090423e-09   1.112808e-08   -1.706537e-09   4.200170e+01 
7.388861e-01   3.046645e-01   1.246068e-08   4.816781e-09   1.117372e-08   -1.665144e-09   4.222850e+01 
7.348019e-01   3.075148e-01   1.297900e-08   4.636947e-09   1.122152e-08   -1.507918e-09   4.245590e+01 
7.308126e-01   3.104811e-01   1.303660e-08   4.614557e-09   1.127474e-08   -1.541168e-09   4.268400e+01 
7.263765e-01   3.132910e-01   1.296872e-08   4.235041e-09   1.132358e-08   -1.428634e-09   4.291260e+01 
7.219278e-01   3.161703e-01   1.355546e-08   4.394358e-09   1.137641e-08   -1.387852e-09   4.314190e+01 
7.176577e-01   3.191944e-01   1.380369e-08   3.608452e-09   1.143435e-08   -1.125967e-09   4.337180e+01 
7.130081e-01   3.221259e-01   1.380446e-08   3.745657e-09   1.148924e-08   -1.157461e-09   4.360220e+01 
7.083239e-01   3.250332e-01   1.433393e-08   3.274129e-09   1.154657e-08   -9.613736e-10   4.383330e+01 
7.033515e-01   3.280834e-01   1.489033e-08   2.569318e-09   1.161026e-08   -5.501983e-10   4.406500e+01 
6.993775e-01   3.310946e-01   1.540865e-08   2.014631e-09   1.166537e-08   -5.172542e-10   4.429740e+01 
6.922111e-01   3.343976e-01   1.866280e-08   1.942890e-16   1.175190e-08   3.608225e-16   4.453030e+01 
