% The data presented here were obtained from a direct numerical simulation of a turbulent 
% boundary layer developing under a pressure gradient. All the data shown here are 
% not normalized. Please refer to the references below for rmore detailed information.
 
 
% We compute the boundary layer thickness using the method of Griffin et al. (2021). 
% The pressure-gradient parameters of beta_{ZS} and beta_i are computed as follows. 
% beta_{ZS}=(delta)/(rho U_{ZS}^2)(dp_e/dx) and beta_i = (nu/rho u_tau^3)(d p_w/dx) 
% where $delta$ is the boundary layer thickness, $U_{ZS}$ is the Zagorola-Smits velocity, 
% $p_e$ and $p_w$ are the pressure at the edge of boundary layer and wall, respectively. 
 
 
% Please check this report for rmore detailed information about the data: 
% Gungor, T. R., Gungor, A. G.., Maciel, Y. (2024). Datasets of  
% three non-equilibrium pressure gradient turbulent boundary layers.  
 
 
% Please cite this paper when referencing the data: 
% Gungor, A. G., Maciel, Y., Simens, M. P., & Soria, J. (2016).  
% Scaling  and statistics of large-defect adverse pressure gradient turbulent
% boundary layers. International Journal of Heat and Fluid Flow, 59, 109-124.  
 
  
% ========================================================================================= 
% 	 	 	************ Position 5 of DNS16 ************ 
% ========================================================================================= 

% 	 Re_tau = 3.018772e+02 
% 	 Re_theta=3.175900e+03 
% 	 utau=1.078173e-02 
% 	 U_e=6.985541e-01 
% 	 theta=1.298969e+00 
% 	 delta_star=3.249542e+00 
% 	 delta=7.999700e+00 
%  	 x_pos=7.726322e+01 
% 	 H=2.501632e+00 
% 	 C_f=4.681202e-04 
% 	 nu=2.857143e-04 
% 	 beta_RC=3.121934e+01 
% 	 beta_i=3.428187e-01 
% 	 beta_ZS=1.588383e-01 
 
% ========================================================================================================== 
% 	 U   	   V   	   u2   	   v2   	   w2   	   uv   	   y        
% ========================================================================================================= 
8.628977e-04   6.875423e-08   3.045841e-06   2.362439e-10   3.314744e-06   -2.975346e-09   2.100000e-03 
1.957049e-03   3.482482e-07   1.479213e-05   5.444973e-09   1.597409e-05   -3.302535e-08   4.700000e-03 
3.391966e-03   1.017954e-06   4.110860e-05   4.244173e-08   4.384234e-05   -1.692086e-07   8.000000e-03 
5.160498e-03   2.277321e-06   8.642811e-05   1.894479e-07   9.048878e-05   -5.784026e-07   1.190000e-02 
7.290341e-03   4.379287e-06   1.551627e-04   6.126457e-07   1.585283e-04   -1.548304e-06   1.640000e-02 
9.808646e-03   7.623712e-06   2.509065e-04   1.597574e-06   2.485561e-04   -3.504461e-06   2.150000e-02 
1.278420e-02   1.244593e-05   3.785335e-04   3.606455e-06   3.611706e-04   -7.053502e-06   2.730000e-02 
1.611628e-02   1.905575e-05   5.344976e-04   7.111812e-06   4.890853e-04   -1.264027e-05   3.360000e-02 
1.989235e-02   2.805858e-05   7.224166e-04   1.285087e-05   6.314826e-04   -2.092780e-05   4.060000e-02 
2.396630e-02   3.959041e-05   9.333563e-04   2.129535e-05   7.788901e-04   -3.197275e-05   4.810000e-02 
2.838937e-02   5.433094e-05   1.167175e-03   3.326310e-05   9.298856e-04   -4.610999e-05   5.630000e-02 
3.303651e-02   7.246676e-05   1.413862e-03   4.914624e-05   1.077825e-03   -6.300028e-05   6.510000e-02 
3.783129e-02   9.426196e-05   1.665663e-03   6.928994e-05   1.219198e-03   -8.225511e-05   7.450000e-02 
4.269887e-02   1.199130e-04   1.915201e-03   9.387856e-05   1.351687e-03   -1.033909e-04   8.450000e-02 
4.757106e-02   1.495593e-04   2.156128e-03   1.229380e-04   1.474080e-03   -1.259094e-04   9.510000e-02 
5.238974e-02   1.833033e-04   2.383529e-03   1.563517e-04   1.586028e-03   -1.493611e-04   1.063000e-01 
5.710828e-02   2.212337e-04   2.594058e-03   1.938841e-04   1.687771e-03   -1.733765e-04   1.181000e-01 
6.172713e-02   2.637976e-04   2.787319e-03   2.355455e-04   1.780608e-03   -1.978674e-04   1.306000e-01 
6.614820e-02   3.104422e-04   2.959644e-03   2.802734e-04   1.863840e-03   -2.222347e-04   1.436000e-01 
7.042486e-02   3.620625e-04   3.114050e-03   3.283206e-04   1.939616e-03   -2.466935e-04   1.573000e-01 
7.451503e-02   4.185386e-04   3.250174e-03   3.789023e-04   2.008163e-03   -2.709368e-04   1.716000e-01 
7.841795e-02   4.801345e-04   3.369489e-03   4.315990e-04   2.070273e-03   -2.948908e-04   1.865000e-01 
8.213671e-02   5.470852e-04   3.473674e-03   4.860309e-04   2.126528e-03   -3.185217e-04   2.020000e-01 
8.567711e-02   6.195174e-04   3.564481e-03   5.418639e-04   2.177378e-03   -3.418453e-04   2.181000e-01 
8.904662e-02   6.974210e-04   3.643644e-03   5.987973e-04   2.223318e-03   -3.649110e-04   2.348000e-01 
9.225414e-02   7.806232e-04   3.712943e-03   6.565530e-04   2.265046e-03   -3.877774e-04   2.521000e-01 
9.532709e-02   8.692601e-04   3.774693e-03   7.151994e-04   2.303598e-03   -4.106420e-04   2.701000e-01 
9.824443e-02   9.618542e-04   3.830260e-03   7.738574e-04   2.339038e-03   -4.333213e-04   2.886000e-01 
1.010513e-01   1.058794e-03   3.881963e-03   8.329099e-04   2.371836e-03   -4.560819e-04   3.078000e-01 
1.037437e-01   1.158818e-03   3.930773e-03   8.917114e-04   2.401996e-03   -4.788132e-04   3.276000e-01 
1.063331e-01   1.261242e-03   3.977684e-03   9.499188e-04   2.430148e-03   -5.015663e-04   3.480000e-01 
1.088320e-01   1.365751e-03   4.023360e-03   1.007237e-03   2.457278e-03   -5.244000e-04   3.690000e-01 
1.112557e-01   1.472386e-03   4.068051e-03   1.063478e-03   2.484124e-03   -5.473657e-04   3.906000e-01 
1.136216e-01   1.581378e-03   4.111969e-03   1.118530e-03   2.510844e-03   -5.705310e-04   4.128000e-01 
1.159456e-01   1.692868e-03   4.155536e-03   1.172352e-03   2.537493e-03   -5.939838e-04   4.356000e-01 
1.182489e-01   1.807181e-03   4.199577e-03   1.225175e-03   2.564132e-03   -6.179280e-04   4.591000e-01 
1.205166e-01   1.923351e-03   4.244780e-03   1.276551e-03   2.590684e-03   -6.422215e-04   4.831000e-01 
1.227673e-01   2.043721e-03   4.292545e-03   1.326797e-03   2.618226e-03   -6.669487e-04   5.078000e-01 
1.249856e-01   2.170088e-03   4.342378e-03   1.375309e-03   2.646600e-03   -6.916235e-04   5.330000e-01 
1.271983e-01   2.305880e-03   4.394021e-03   1.422242e-03   2.675214e-03   -7.162734e-04   5.589000e-01 
1.294079e-01   2.452217e-03   4.447169e-03   1.467229e-03   2.703488e-03   -7.407764e-04   5.854000e-01 
1.316183e-01   2.610266e-03   4.501761e-03   1.510332e-03   2.730599e-03   -7.651075e-04   6.125000e-01 
1.338279e-01   2.780155e-03   4.558028e-03   1.551844e-03   2.755902e-03   -7.891990e-04   6.402000e-01 
1.360482e-01   2.961314e-03   4.616577e-03   1.592272e-03   2.780270e-03   -8.131618e-04   6.686000e-01 
1.382719e-01   3.150660e-03   4.676398e-03   1.631605e-03   2.805540e-03   -8.371519e-04   6.975000e-01 
1.405146e-01   3.346970e-03   4.736824e-03   1.670134e-03   2.833544e-03   -8.614004e-04   7.270000e-01 
1.427929e-01   3.549887e-03   4.798954e-03   1.708135e-03   2.864435e-03   -8.858097e-04   7.572000e-01 
1.451033e-01   3.759580e-03   4.864177e-03   1.745616e-03   2.897038e-03   -9.101891e-04   7.880000e-01 
1.474408e-01   3.977165e-03   4.931865e-03   1.782649e-03   2.930749e-03   -9.342175e-04   8.194000e-01 
1.497987e-01   4.201040e-03   5.000007e-03   1.819113e-03   2.965792e-03   -9.575292e-04   8.513000e-01 
1.522020e-01   4.429880e-03   5.068695e-03   1.855397e-03   3.001501e-03   -9.806320e-04   8.839000e-01 
1.546590e-01   4.662614e-03   5.137699e-03   1.891627e-03   3.036025e-03   -1.003935e-03   9.172000e-01 
1.571484e-01   4.896639e-03   5.207377e-03   1.927666e-03   3.069170e-03   -1.027651e-03   9.510000e-01 
1.596708e-01   5.132708e-03   5.278901e-03   1.963760e-03   3.101472e-03   -1.051744e-03   9.854000e-01 
1.622409e-01   5.373177e-03   5.351516e-03   2.000076e-03   3.134448e-03   -1.075888e-03   1.020500e+00 
1.648582e-01   5.619224e-03   5.421310e-03   2.036359e-03   3.167953e-03   -1.099707e-03   1.056100e+00 
1.675506e-01   5.873871e-03   5.486828e-03   2.072678e-03   3.202547e-03   -1.123193e-03   1.092400e+00 
1.702995e-01   6.136541e-03   5.549405e-03   2.108832e-03   3.239139e-03   -1.146290e-03   1.129200e+00 
1.731028e-01   6.406811e-03   5.612800e-03   2.145018e-03   3.277448e-03   -1.169578e-03   1.166700e+00 
1.759519e-01   6.680774e-03   5.678455e-03   2.180620e-03   3.316357e-03   -1.193321e-03   1.204800e+00 
1.788451e-01   6.959173e-03   5.745759e-03   2.214798e-03   3.355199e-03   -1.217264e-03   1.243500e+00 
1.817833e-01   7.247640e-03   5.815593e-03   2.247138e-03   3.396220e-03   -1.241017e-03   1.282900e+00 
1.847721e-01   7.546579e-03   5.888261e-03   2.277675e-03   3.438668e-03   -1.264374e-03   1.322800e+00 
1.878474e-01   7.853424e-03   5.960467e-03   2.307255e-03   3.479454e-03   -1.288244e-03   1.363300e+00 
1.910342e-01   8.166131e-03   6.032848e-03   2.336431e-03   3.520899e-03   -1.313297e-03   1.404500e+00 
1.943165e-01   8.484115e-03   6.108445e-03   2.365432e-03   3.563936e-03   -1.339525e-03   1.446200e+00 
1.976758e-01   8.813001e-03   6.186477e-03   2.394307e-03   3.606171e-03   -1.366484e-03   1.488600e+00 
2.010655e-01   9.152137e-03   6.263462e-03   2.422214e-03   3.646468e-03   -1.392378e-03   1.531600e+00 
2.044735e-01   9.500149e-03   6.335765e-03   2.448765e-03   3.682865e-03   -1.415735e-03   1.575200e+00 
2.079111e-01   9.860727e-03   6.403830e-03   2.474337e-03   3.714518e-03   -1.436203e-03   1.619400e+00 
2.114028e-01   1.023389e-02   6.473303e-03   2.499136e-03   3.744117e-03   -1.454992e-03   1.664200e+00 
2.149649e-01   1.061794e-02   6.545547e-03   2.522473e-03   3.775602e-03   -1.472983e-03   1.709600e+00 
2.186104e-01   1.101485e-02   6.616211e-03   2.544388e-03   3.809302e-03   -1.490401e-03   1.755700e+00 
2.223433e-01   1.142882e-02   6.685906e-03   2.564164e-03   3.846629e-03   -1.505884e-03   1.802300e+00 
2.262005e-01   1.186462e-02   6.753476e-03   2.582108e-03   3.890143e-03   -1.519568e-03   1.849600e+00 
2.301596e-01   1.231514e-02   6.818441e-03   2.598998e-03   3.937074e-03   -1.532807e-03   1.897500e+00 
2.341998e-01   1.277593e-02   6.881746e-03   2.615616e-03   3.984154e-03   -1.546170e-03   1.945900e+00 
2.383370e-01   1.325160e-02   6.941365e-03   2.633043e-03   4.026954e-03   -1.559722e-03   1.995000e+00 
2.425670e-01   1.374165e-02   6.995517e-03   2.652076e-03   4.065236e-03   -1.572753e-03   2.044700e+00 
2.468597e-01   1.424209e-02   7.043526e-03   2.672863e-03   4.100938e-03   -1.585032e-03   2.095000e+00 
2.511993e-01   1.474982e-02   7.087148e-03   2.694205e-03   4.134740e-03   -1.596378e-03   2.146000e+00 
2.555956e-01   1.526679e-02   7.130788e-03   2.715661e-03   4.172754e-03   -1.607029e-03   2.197500e+00 
2.600367e-01   1.578791e-02   7.177727e-03   2.736511e-03   4.218127e-03   -1.617151e-03   2.249600e+00 
2.645251e-01   1.631237e-02   7.228118e-03   2.756424e-03   4.262593e-03   -1.628083e-03   2.302400e+00 
2.691038e-01   1.684687e-02   7.279433e-03   2.776233e-03   4.299769e-03   -1.640220e-03   2.355800e+00 
2.738108e-01   1.739236e-02   7.331479e-03   2.796873e-03   4.333502e-03   -1.652928e-03   2.409700e+00 
2.786825e-01   1.795625e-02   7.381672e-03   2.819659e-03   4.366517e-03   -1.665674e-03   2.464300e+00 
2.836937e-01   1.854052e-02   7.420020e-03   2.843586e-03   4.399249e-03   -1.677201e-03   2.519500e+00 
2.887992e-01   1.913883e-02   7.450427e-03   2.867248e-03   4.435631e-03   -1.688200e-03   2.575300e+00 
2.939864e-01   1.974198e-02   7.487344e-03   2.889341e-03   4.471693e-03   -1.699950e-03   2.631800e+00 
2.992671e-01   2.035729e-02   7.524519e-03   2.909636e-03   4.500626e-03   -1.709941e-03   2.688800e+00 
3.046448e-01   2.098090e-02   7.557042e-03   2.928496e-03   4.523533e-03   -1.719663e-03   2.746400e+00 
3.100771e-01   2.160327e-02   7.582829e-03   2.944521e-03   4.546336e-03   -1.730675e-03   2.804700e+00 
3.155739e-01   2.223400e-02   7.608694e-03   2.957846e-03   4.562835e-03   -1.741005e-03   2.863500e+00 
3.211739e-01   2.287121e-02   7.639695e-03   2.969745e-03   4.578833e-03   -1.752800e-03   2.923000e+00 
3.268508e-01   2.351832e-02   7.670726e-03   2.980966e-03   4.598034e-03   -1.764149e-03   2.983100e+00 
3.326050e-01   2.418076e-02   7.700203e-03   2.991889e-03   4.617593e-03   -1.773413e-03   3.043800e+00 
3.384083e-01   2.485967e-02   7.722741e-03   3.000303e-03   4.638955e-03   -1.780184e-03   3.105100e+00 
3.442486e-01   2.555130e-02   7.745314e-03   3.004719e-03   4.656573e-03   -1.783678e-03   3.167000e+00 
3.501396e-01   2.625859e-02   7.758023e-03   3.005508e-03   4.668918e-03   -1.785647e-03   3.229500e+00 
3.561413e-01   2.698089e-02   7.754344e-03   3.002611e-03   4.678102e-03   -1.788077e-03   3.292700e+00 
3.622296e-01   2.771518e-02   7.737329e-03   2.995366e-03   4.684449e-03   -1.788569e-03   3.356400e+00 
3.684476e-01   2.846597e-02   7.708137e-03   2.985156e-03   4.689615e-03   -1.787514e-03   3.420800e+00 
3.747765e-01   2.922834e-02   7.677668e-03   2.974706e-03   4.691117e-03   -1.786641e-03   3.485800e+00 
3.811020e-01   2.999486e-02   7.646146e-03   2.963224e-03   4.693378e-03   -1.786265e-03   3.551300e+00 
3.874341e-01   3.076491e-02   7.612883e-03   2.950445e-03   4.695935e-03   -1.784235e-03   3.617500e+00 
3.938204e-01   3.154732e-02   7.578937e-03   2.938257e-03   4.688049e-03   -1.778969e-03   3.684300e+00 
4.002643e-01   3.234759e-02   7.541822e-03   2.926972e-03   4.667905e-03   -1.770914e-03   3.751700e+00 
4.067458e-01   3.315869e-02   7.506359e-03   2.914497e-03   4.639208e-03   -1.761668e-03   3.819800e+00 
4.132384e-01   3.397684e-02   7.475746e-03   2.899920e-03   4.607517e-03   -1.749823e-03   3.888400e+00 
4.197576e-01   3.480387e-02   7.443097e-03   2.879471e-03   4.576016e-03   -1.735836e-03   3.957700e+00 
4.263505e-01   3.564696e-02   7.394029e-03   2.855873e-03   4.543518e-03   -1.720199e-03   4.027500e+00 
4.330470e-01   3.650656e-02   7.335183e-03   2.834977e-03   4.503256e-03   -1.704630e-03   4.098000e+00 
4.398119e-01   3.737974e-02   7.265026e-03   2.816572e-03   4.451965e-03   -1.688178e-03   4.169100e+00 
4.466275e-01   3.825721e-02   7.199113e-03   2.794957e-03   4.397617e-03   -1.672227e-03   4.240700e+00 
4.535057e-01   3.913563e-02   7.138258e-03   2.765897e-03   4.341755e-03   -1.657337e-03   4.313000e+00 
4.604616e-01   4.003154e-02   7.067063e-03   2.731976e-03   4.292018e-03   -1.641696e-03   4.385900e+00 
4.674352e-01   4.093848e-02   6.997531e-03   2.692483e-03   4.243044e-03   -1.623246e-03   4.459500e+00 
4.743580e-01   4.183906e-02   6.934086e-03   2.644568e-03   4.190599e-03   -1.603613e-03   4.533600e+00 
4.812558e-01   4.273422e-02   6.875515e-03   2.590876e-03   4.130288e-03   -1.583180e-03   4.608300e+00 
4.881600e-01   4.363767e-02   6.809337e-03   2.535573e-03   4.062713e-03   -1.559324e-03   4.683700e+00 
4.950932e-01   4.455339e-02   6.726298e-03   2.480217e-03   3.987651e-03   -1.533705e-03   4.759700e+00 
5.020775e-01   4.549034e-02   6.615744e-03   2.427528e-03   3.900950e-03   -1.505592e-03   4.836200e+00 
5.090729e-01   4.643868e-02   6.493536e-03   2.374208e-03   3.809784e-03   -1.474752e-03   4.913400e+00 
5.160626e-01   4.739268e-02   6.363122e-03   2.321781e-03   3.716717e-03   -1.440523e-03   4.991200e+00 
5.231290e-01   4.836810e-02   6.226287e-03   2.269940e-03   3.622593e-03   -1.402344e-03   5.069600e+00 
5.301553e-01   4.934193e-02   6.081908e-03   2.215743e-03   3.523648e-03   -1.364505e-03   5.148600e+00 
5.371188e-01   5.031587e-02   5.923112e-03   2.159717e-03   3.413919e-03   -1.327297e-03   5.228300e+00 
5.440256e-01   5.129715e-02   5.749333e-03   2.101010e-03   3.302498e-03   -1.289417e-03   5.308500e+00 
5.508605e-01   5.227656e-02   5.568647e-03   2.036821e-03   3.191099e-03   -1.249770e-03   5.389400e+00 
5.576880e-01   5.326527e-02   5.380337e-03   1.970193e-03   3.076406e-03   -1.208867e-03   5.470800e+00 
5.645099e-01   5.425933e-02   5.191827e-03   1.903599e-03   2.956305e-03   -1.167914e-03   5.552900e+00 
5.712922e-01   5.525148e-02   5.009791e-03   1.839962e-03   2.831618e-03   -1.126229e-03   5.635600e+00 
5.780089e-01   5.623648e-02   4.835987e-03   1.777263e-03   2.712178e-03   -1.084987e-03   5.718900e+00 
5.846305e-01   5.721306e-02   4.662667e-03   1.713656e-03   2.593015e-03   -1.042846e-03   5.802800e+00 
5.911960e-01   5.819411e-02   4.478419e-03   1.648841e-03   2.472627e-03   -9.996371e-04   5.887300e+00 
5.976969e-01   5.917597e-02   4.290851e-03   1.583595e-03   2.353620e-03   -9.545312e-04   5.972400e+00 
6.041347e-01   6.015851e-02   4.103487e-03   1.517896e-03   2.235662e-03   -9.068530e-04   6.058100e+00 
6.104935e-01   6.113776e-02   3.909745e-03   1.452125e-03   2.116691e-03   -8.583507e-04   6.144500e+00 
6.167190e-01   6.210043e-02   3.713333e-03   1.386327e-03   1.995814e-03   -8.098301e-04   6.231400e+00 
6.228164e-01   6.304832e-02   3.515836e-03   1.320605e-03   1.876773e-03   -7.617108e-04   6.319000e+00 
6.287691e-01   6.398269e-02   3.312106e-03   1.255581e-03   1.753206e-03   -7.147535e-04   6.407200e+00 
6.346008e-01   6.490333e-02   3.107772e-03   1.192048e-03   1.625214e-03   -6.677031e-04   6.496000e+00 
6.403379e-01   6.581148e-02   2.906800e-03   1.128501e-03   1.503178e-03   -6.202004e-04   6.585400e+00 
6.459512e-01   6.671003e-02   2.703050e-03   1.063682e-03   1.388373e-03   -5.719363e-04   6.675400e+00 
6.514064e-01   6.759681e-02   2.494287e-03   9.993487e-04   1.272662e-03   -5.231406e-04   6.766000e+00 
6.567104e-01   6.847248e-02   2.279809e-03   9.349360e-04   1.159944e-03   -4.754166e-04   6.857200e+00 
6.618507e-01   6.933403e-02   2.064521e-03   8.707715e-04   1.049798e-03   -4.285700e-04   6.949100e+00 
6.667409e-01   7.016450e-02   1.858348e-03   8.083241e-04   9.441925e-04   -3.837033e-04   7.041500e+00 
6.713431e-01   7.095894e-02   1.662723e-03   7.477437e-04   8.426432e-04   -3.423327e-04   7.134600e+00 
6.756628e-01   7.172200e-02   1.477632e-03   6.891509e-04   7.452713e-04   -3.028249e-04   7.228300e+00 
6.796833e-01   7.244938e-02   1.299917e-03   6.333950e-04   6.519323e-04   -2.658684e-04   7.322600e+00 
6.833650e-01   7.313302e-02   1.128470e-03   5.803513e-04   5.637446e-04   -2.329326e-04   7.417500e+00 
6.867156e-01   7.377598e-02   9.675108e-04   5.294153e-04   4.845830e-04   -2.027262e-04   7.513000e+00 
6.897524e-01   7.438197e-02   8.206758e-04   4.797575e-04   4.159458e-04   -1.751134e-04   7.609100e+00 
6.924547e-01   7.494958e-02   6.904965e-04   4.319428e-04   3.554016e-04   -1.496613e-04   7.705800e+00 
6.948145e-01   7.547772e-02   5.755417e-04   3.864220e-04   3.004480e-04   -1.260739e-04   7.803200e+00 
6.968363e-01   7.596537e-02   4.759359e-04   3.437992e-04   2.520317e-04   -1.051176e-04   7.901100e+00 
6.985541e-01   7.641689e-02   3.903594e-04   3.046072e-04   2.092549e-04   -8.718942e-05   7.999700e+00 
6.999990e-01   7.683706e-02   3.185980e-04   2.692349e-04   1.718733e-04   -7.116427e-05   8.098800e+00 
7.011860e-01   7.722639e-02   2.577911e-04   2.374696e-04   1.409509e-04   -5.760837e-05   8.198600e+00 
7.021452e-01   7.758745e-02   2.067483e-04   2.086057e-04   1.157847e-04   -4.624394e-05   8.299000e+00 
7.029214e-01   7.792744e-02   1.653417e-04   1.824083e-04   9.530232e-05   -3.621195e-05   8.400000e+00 
7.035247e-01   7.824711e-02   1.327186e-04   1.590438e-04   7.822274e-05   -2.789870e-05   8.501600e+00 
7.039717e-01   7.854785e-02   1.080086e-04   1.382834e-04   6.369377e-05   -2.138421e-05   8.603900e+00 
7.042938e-01   7.883379e-02   8.959289e-05   1.199773e-04   5.148494e-05   -1.626292e-05   8.706700e+00 
7.045121e-01   7.910807e-02   7.554281e-05   1.041445e-04   4.146933e-05   -1.232027e-05   8.810100e+00 
7.046474e-01   7.937394e-02   6.379693e-05   9.064218e-05   3.363791e-05   -9.337728e-06   8.914200e+00 
7.047195e-01   7.963400e-02   5.411409e-05   7.913131e-05   2.768805e-05   -7.018718e-06   9.018900e+00 
7.047335e-01   7.988858e-02   4.683777e-05   6.926213e-05   2.308967e-05   -5.244973e-06   9.124100e+00 
7.046929e-01   8.013859e-02   4.111256e-05   6.081077e-05   1.941378e-05   -3.920786e-06   9.230000e+00 
7.046030e-01   8.038452e-02   3.636045e-05   5.366220e-05   1.644750e-05   -2.958666e-06   9.336500e+00 
7.044681e-01   8.062683e-02   3.232875e-05   4.760768e-05   1.412088e-05   -2.336864e-06   9.443600e+00 
7.042955e-01   8.086680e-02   2.908289e-05   4.244513e-05   1.230545e-05   -1.880120e-06   9.551400e+00 
7.040943e-01   8.110512e-02   2.638474e-05   3.807370e-05   1.073610e-05   -1.508692e-06   9.659700e+00 
7.038682e-01   8.134243e-02   2.395834e-05   3.436599e-05   9.359455e-06   -1.237927e-06   9.768600e+00 
7.036223e-01   8.157943e-02   2.176048e-05   3.117700e-05   8.241030e-06   -1.048803e-06   9.878200e+00 
7.033621e-01   8.181666e-02   1.980909e-05   2.838333e-05   7.338168e-06   -9.036921e-07   9.988400e+00 
7.030946e-01   8.205466e-02   1.811150e-05   2.590173e-05   6.577053e-06   -7.763293e-07   1.009910e+01 
7.028229e-01   8.229440e-02   1.658545e-05   2.369678e-05   5.913203e-06   -6.653424e-07   1.021050e+01 
7.025519e-01   8.253612e-02   1.517842e-05   2.174928e-05   5.321653e-06   -5.806328e-07   1.032250e+01 
7.022836e-01   8.278016e-02   1.392164e-05   2.002061e-05   4.819896e-06   -5.170081e-07   1.043510e+01 
7.020202e-01   8.302691e-02   1.280035e-05   1.848009e-05   4.388977e-06   -4.723373e-07   1.054840e+01 
7.017618e-01   8.327604e-02   1.179553e-05   1.711003e-05   4.004338e-06   -4.377545e-07   1.066220e+01 
7.015086e-01   8.352769e-02   1.089159e-05   1.588864e-05   3.662114e-06   -4.042415e-07   1.077660e+01 
7.012591e-01   8.378207e-02   1.008008e-05   1.479209e-05   3.358369e-06   -3.695444e-07   1.089170e+01 
7.010129e-01   8.403850e-02   9.350472e-06   1.380190e-05   3.086678e-06   -3.359985e-07   1.100730e+01 
7.007675e-01   8.429736e-02   8.690823e-06   1.290179e-05   2.841468e-06   -3.032638e-07   1.112360e+01 
7.005225e-01   8.455816e-02   8.093903e-06   1.208183e-05   2.619475e-06   -2.700926e-07   1.124050e+01 
7.002755e-01   8.482084e-02   7.551886e-06   1.133240e-05   2.417849e-06   -2.377043e-07   1.135800e+01 
7.000266e-01   8.508518e-02   7.057463e-06   1.064573e-05   2.234216e-06   -2.058126e-07   1.147610e+01 
6.997732e-01   8.535109e-02   6.604964e-06   1.001492e-05   2.066642e-06   -1.753136e-07   1.159480e+01 
6.995164e-01   8.561850e-02   6.189537e-06   9.434221e-06   1.913460e-06   -1.458355e-07   1.171410e+01 
6.992533e-01   8.588753e-02   5.806913e-06   8.898024e-06   1.773079e-06   -1.177855e-07   1.183410e+01 
6.989863e-01   8.615773e-02   5.454353e-06   8.402713e-06   1.644438e-06   -9.149906e-08   1.195460e+01 
6.987125e-01   8.642951e-02   5.128204e-06   7.943768e-06   1.526190e-06   -6.638601e-08   1.207580e+01 
6.984341e-01   8.670236e-02   4.826561e-06   7.518358e-06   1.417530e-06   -4.323134e-08   1.219750e+01 
6.981490e-01   8.697685e-02   4.546670e-06   7.123055e-06   1.317392e-06   -2.097685e-08   1.231990e+01 
6.978586e-01   8.725256e-02   4.286879e-06   6.755367e-06   1.225083e-06   -3.596111e-10   1.244290e+01 
6.975621e-01   8.752972e-02   4.045486e-06   6.413054e-06   1.139901e-06   1.926506e-08   1.256650e+01 
6.972599e-01   8.780808e-02   3.820876e-06   6.093998e-06   1.061214e-06   3.789222e-08   1.269070e+01 
6.969511e-01   8.808810e-02   3.611589e-06   5.795959e-06   9.884059e-07   5.526293e-08   1.281560e+01 
6.966373e-01   8.836915e-02   3.416634e-06   5.517911e-06   9.210878e-07   7.217105e-08   1.294100e+01 
6.963164e-01   8.865155e-02   3.234743e-06   5.257793e-06   8.587366e-07   8.774991e-08   1.306700e+01 
6.959907e-01   8.893549e-02   3.064781e-06   5.014246e-06   8.009033e-07   1.029583e-07   1.319370e+01 
6.956571e-01   8.922073e-02   2.905926e-06   4.786043e-06   7.472618e-07   1.172218e-07   1.332100e+01 
6.953195e-01   8.950707e-02   2.757530e-06   4.572194e-06   6.975135e-07   1.306933e-07   1.344880e+01 
6.949738e-01   8.979498e-02   2.618522e-06   4.371425e-06   6.512717e-07   1.438557e-07   1.357730e+01 
6.946233e-01   9.008412e-02   2.488357e-06   4.182692e-06   6.082993e-07   1.558711e-07   1.370640e+01 
6.942656e-01   9.037472e-02   2.366437e-06   4.005399e-06   5.683425e-07   1.678491e-07   1.383610e+01 
6.939022e-01   9.066643e-02   2.252083e-06   3.838474e-06   5.311679e-07   1.788645e-07   1.396640e+01 
6.935319e-01   9.095990e-02   2.144813e-06   3.681198e-06   4.965409e-07   1.895244e-07   1.409740e+01 
6.931560e-01   9.125423e-02   2.044190e-06   3.533150e-06   4.643199e-07   1.998749e-07   1.422890e+01 
6.927726e-01   9.155026e-02   1.949643e-06   3.393283e-06   4.342778e-07   2.093176e-07   1.436110e+01 
6.923845e-01   9.184727e-02   1.860960e-06   3.261523e-06   4.063005e-07   2.189051e-07   1.449380e+01 
6.919875e-01   9.214581e-02   1.777464e-06   3.136826e-06   3.801923e-07   2.275505e-07   1.462720e+01 
6.915866e-01   9.244567e-02   1.699048e-06   3.019013e-06   3.558431e-07   2.360546e-07   1.476120e+01 
6.911766e-01   9.274682e-02   1.625225e-06   2.907594e-06   3.331225e-07   2.442555e-07   1.489580e+01 
6.907624e-01   9.304921e-02   1.555718e-06   2.801977e-06   3.119170e-07   2.516262e-07   1.503100e+01 
6.903402e-01   9.335307e-02   1.490360e-06   2.702097e-06   2.921186e-07   2.592669e-07   1.516680e+01 
6.899125e-01   9.365797e-02   1.428649e-06   2.607231e-06   2.736281e-07   2.659510e-07   1.530320e+01 
6.894778e-01   9.396477e-02   1.370594e-06   2.517251e-06   2.563433e-07   2.726529e-07   1.544030e+01 
6.890374e-01   9.427231e-02   1.315888e-06   2.431926e-06   2.402047e-07   2.791392e-07   1.557790e+01 
6.885893e-01   9.458168e-02   1.264307e-06   2.350681e-06   2.251104e-07   2.849451e-07   1.571620e+01 
6.881369e-01   9.489196e-02   1.215983e-06   2.273724e-06   2.110127e-07   2.912794e-07   1.585500e+01 
6.876743e-01   9.520375e-02   1.170364e-06   2.200320e-06   1.978215e-07   2.968990e-07   1.599450e+01 
6.872079e-01   9.551676e-02   1.127689e-06   2.130561e-06   1.854897e-07   3.027398e-07   1.613460e+01 
6.867302e-01   9.583090e-02   1.087570e-06   2.064189e-06   1.739569e-07   3.086567e-07   1.627530e+01 
6.862472e-01   9.614599e-02   1.049692e-06   2.000749e-06   1.631717e-07   3.138035e-07   1.641660e+01 
6.857539e-01   9.646268e-02   1.014161e-06   1.940386e-06   1.530769e-07   3.194533e-07   1.655860e+01 
6.852535e-01   9.677975e-02   9.803269e-07   1.882604e-06   1.436404e-07   3.241787e-07   1.670110e+01 
6.847449e-01   9.709847e-02   9.484478e-07   1.827405e-06   1.348117e-07   3.287417e-07   1.684420e+01 
6.842291e-01   9.741811e-02   9.183439e-07   1.774704e-06   1.265461e-07   3.334248e-07   1.698800e+01 
6.837037e-01   9.773917e-02   8.897222e-07   1.724073e-06   1.188113e-07   3.371915e-07   1.713240e+01 
6.831744e-01   9.806109e-02   8.631342e-07   1.675886e-06   1.115802e-07   3.416090e-07   1.727730e+01 
6.826323e-01   9.838428e-02   8.378639e-07   1.629600e-06   1.048077e-07   3.455184e-07   1.742290e+01 
6.820865e-01   9.870855e-02   8.141004e-07   1.585183e-06   9.847184e-08   3.491217e-07   1.756910e+01 
6.815291e-01   9.903406e-02   7.919297e-07   1.542791e-06   9.254264e-08   3.532442e-07   1.771590e+01 
6.809647e-01   9.936038e-02   7.705912e-07   1.501809e-06   8.699141e-08   3.563111e-07   1.786340e+01 
6.803921e-01   9.968821e-02   7.508085e-07   1.462635e-06   8.180094e-08   3.597864e-07   1.801140e+01 
6.798114e-01   1.000164e-01   7.320363e-07   1.424996e-06   7.694495e-08   3.630860e-07   1.816000e+01 
6.792210e-01   1.003464e-01   7.141088e-07   1.388577e-06   7.239835e-08   3.656333e-07   1.830930e+01 
6.786260e-01   1.006770e-01   6.976916e-07   1.353839e-06   6.814947e-08   3.689474e-07   1.845910e+01 
6.780174e-01   1.010089e-01   6.818000e-07   1.320159e-06   6.417151e-08   3.714439e-07   1.860960e+01 
6.774061e-01   1.013418e-01   6.670137e-07   1.287732e-06   6.045282e-08   3.739165e-07   1.876070e+01 
6.767818e-01   1.016760e-01   6.533727e-07   1.256661e-06   5.697515e-08   3.768702e-07   1.891240e+01 
6.761515e-01   1.020106e-01   6.400204e-07   1.226394e-06   5.372479e-08   3.787586e-07   1.906470e+01 
6.755120e-01   1.023470e-01   6.280225e-07   1.197412e-06   5.068698e-08   3.813142e-07   1.921760e+01 
6.748634e-01   1.026837e-01   6.165947e-07   1.169376e-06   4.784738e-08   3.836551e-07   1.937120e+01 
6.742051e-01   1.030218e-01   6.055829e-07   1.142098e-06   4.519634e-08   3.852758e-07   1.952530e+01 
6.735418e-01   1.033606e-01   5.959227e-07   1.116029e-06   4.272224e-08   3.877864e-07   1.968000e+01 
6.728629e-01   1.037004e-01   5.862992e-07   1.090554e-06   4.041061e-08   3.894390e-07   1.983540e+01 
6.721817e-01   1.040412e-01   5.774176e-07   1.065886e-06   3.825534e-08   3.910133e-07   1.999140e+01 
6.714863e-01   1.043832e-01   5.695719e-07   1.042221e-06   3.624500e-08   3.932071e-07   2.014800e+01 
6.707847e-01   1.047250e-01   5.614410e-07   1.018951e-06   3.437314e-08   3.942092e-07   2.030510e+01 
6.700734e-01   1.050694e-01   5.544593e-07   9.965590e-07   3.262743e-08   3.958062e-07   2.046300e+01 
6.693534e-01   1.054133e-01   5.480531e-07   9.749122e-07   3.100428e-08   3.974960e-07   2.062140e+01 
6.686218e-01   1.057587e-01   5.415382e-07   9.536175e-07   2.949398e-08   3.982736e-07   2.078040e+01 
6.678864e-01   1.061048e-01   5.365144e-07   9.332913e-07   2.809158e-08   4.001072e-07   2.094000e+01 
6.671322e-01   1.064515e-01   5.315356e-07   9.133878e-07   2.678786e-08   4.014541e-07   2.110030e+01 
6.663752e-01   1.067987e-01   5.267705e-07   8.939056e-07   2.558054e-08   4.023309e-07   2.126110e+01 
6.656028e-01   1.071472e-01   5.234416e-07   8.752934e-07   2.446053e-08   4.042557e-07   2.142260e+01 
6.648196e-01   1.074949e-01   5.196045e-07   8.568606e-07   2.342378e-08   4.051454e-07   2.158470e+01 
6.640259e-01   1.078447e-01   5.164006e-07   8.389248e-07   2.246417e-08   4.060830e-07   2.174740e+01 
6.632226e-01   1.081937e-01   5.143164e-07   8.217026e-07   2.157776e-08   4.077389e-07   2.191070e+01 
6.624021e-01   1.085436e-01   5.114711e-07   8.045145e-07   2.075863e-08   4.081586e-07   2.207460e+01 
6.615800e-01   1.088942e-01   5.096188e-07   7.879068e-07   2.000399e-08   4.090485e-07   2.223910e+01 
6.607387e-01   1.092453e-01   5.082324e-07   7.717693e-07   1.930691e-08   4.101060e-07   2.240420e+01 
6.598924e-01   1.095966e-01   5.057281e-07   7.555501e-07   1.866352e-08   4.097775e-07   2.257000e+01 
6.590378e-01   1.099502e-01   5.044364e-07   7.399826e-07   1.806880e-08   4.102685e-07   2.273630e+01 
6.581738e-01   1.103031e-01   5.031972e-07   7.247279e-07   1.751865e-08   4.106380e-07   2.290330e+01 
6.572991e-01   1.106581e-01   5.013125e-07   7.094981e-07   1.700939e-08   4.101065e-07   2.307090e+01 
6.564228e-01   1.110136e-01   5.011411e-07   6.949929e-07   1.653955e-08   4.107644e-07   2.323910e+01 
6.555258e-01   1.113691e-01   5.006696e-07   6.806333e-07   1.610549e-08   4.109117e-07   2.340780e+01 
6.546263e-01   1.117254e-01   4.996989e-07   6.662909e-07   1.570598e-08   4.102739e-07   2.357730e+01 
6.537126e-01   1.120831e-01   5.003774e-07   6.526337e-07   1.533823e-08   4.107541e-07   2.374730e+01 
6.527869e-01   1.124391e-01   5.001946e-07   6.389685e-07   1.500065e-08   4.103304e-07   2.391790e+01 
6.518509e-01   1.127974e-01   4.997997e-07   6.254182e-07   1.469053e-08   4.094442e-07   2.408910e+01 
6.509083e-01   1.131554e-01   5.010424e-07   6.125287e-07   1.440641e-08   4.096798e-07   2.426100e+01 
6.499432e-01   1.135134e-01   5.011437e-07   5.995327e-07   1.414557e-08   4.088372e-07   2.443350e+01 
6.489801e-01   1.138720e-01   5.013194e-07   5.867292e-07   1.390788e-08   4.077891e-07   2.460650e+01 
6.479973e-01   1.142316e-01   5.030903e-07   5.745327e-07   1.369013e-08   4.077953e-07   2.478020e+01 
6.470038e-01   1.145894e-01   5.034605e-07   5.621608e-07   1.349207e-08   4.065740e-07   2.495450e+01 
6.460003e-01   1.149499e-01   5.041620e-07   5.500163e-07   1.331167e-08   4.053617e-07   2.512940e+01 
6.449881e-01   1.153090e-01   5.063407e-07   5.384439e-07   1.314828e-08   4.051000e-07   2.530490e+01 
6.439533e-01   1.156683e-01   5.069731e-07   5.266452e-07   1.299980e-08   4.035581e-07   2.548100e+01 
6.429205e-01   1.160284e-01   5.080590e-07   5.150944e-07   1.286635e-08   4.021259e-07   2.565780e+01 
6.418661e-01   1.163888e-01   5.106437e-07   5.040913e-07   1.274566e-08   4.016346e-07   2.583510e+01 
6.408009e-01   1.167472e-01   5.115106e-07   4.928220e-07   1.263785e-08   3.997998e-07   2.601310e+01 
6.397257e-01   1.171086e-01   5.129374e-07   4.818098e-07   1.254122e-08   3.981524e-07   2.619170e+01 
6.386412e-01   1.174677e-01   5.158556e-07   4.713318e-07   1.245579e-08   3.974215e-07   2.637080e+01 
6.375320e-01   1.178270e-01   5.169654e-07   4.605557e-07   1.237968e-08   3.953354e-07   2.655060e+01 
6.364268e-01   1.181871e-01   5.186035e-07   4.500297e-07   1.231357e-08   3.934225e-07   2.673100e+01 
6.352973e-01   1.185472e-01   5.218492e-07   4.400284e-07   1.225528e-08   3.924709e-07   2.691200e+01 
6.341566e-01   1.189049e-01   5.231894e-07   4.297281e-07   1.220548e-08   3.901630e-07   2.709370e+01 
6.330061e-01   1.192656e-01   5.249832e-07   4.196440e-07   1.216257e-08   3.879765e-07   2.727590e+01 
6.318462e-01   1.196238e-01   5.285040e-07   4.101053e-07   1.212691e-08   3.868021e-07   2.745870e+01 
6.306585e-01   1.199818e-01   5.301430e-07   4.002717e-07   1.209673e-08   3.843402e-07   2.764220e+01 
6.294759e-01   1.203404e-01   5.319250e-07   3.905801e-07   1.207306e-08   3.818119e-07   2.782630e+01 
6.282698e-01   1.206991e-01   5.357132e-07   3.814679e-07   1.205383e-08   3.804273e-07   2.801090e+01 
6.270498e-01   1.210543e-01   5.376526e-07   3.720872e-07   1.203991e-08   3.778376e-07   2.819620e+01 
6.258187e-01   1.214127e-01   5.393766e-07   3.627548e-07   1.202978e-08   3.749682e-07   2.838210e+01 
6.245813e-01   1.217690e-01   5.433243e-07   3.540318e-07   1.202421e-08   3.733301e-07   2.856860e+01 
6.233117e-01   1.221239e-01   5.456819e-07   3.450981e-07   1.202136e-08   3.706854e-07   2.875570e+01 
6.220467e-01   1.224792e-01   5.472607e-07   3.361010e-07   1.202263e-08   3.674567e-07   2.894350e+01 
6.207608e-01   1.228354e-01   5.512717e-07   3.277242e-07   1.202609e-08   3.655214e-07   2.913180e+01 
6.194580e-01   1.231869e-01   5.540968e-07   3.192366e-07   1.203282e-08   3.628595e-07   2.932080e+01 
6.181408e-01   1.235409e-01   5.555580e-07   3.105678e-07   1.204137e-08   3.593164e-07   2.951030e+01 
6.168233e-01   1.238939e-01   5.594064e-07   3.024825e-07   1.205296e-08   3.569873e-07   2.970050e+01 
6.154691e-01   1.242447e-01   5.628208e-07   2.944322e-07   1.206565e-08   3.543677e-07   2.989130e+01 
6.141155e-01   1.245940e-01   5.641816e-07   2.860857e-07   1.208109e-08   3.505461e-07   3.008270e+01 
6.127467e-01   1.249463e-01   5.677072e-07   2.782502e-07   1.209760e-08   3.477625e-07   3.027470e+01 
6.113608e-01   1.252929e-01   5.716760e-07   2.706260e-07   1.211636e-08   3.451600e-07   3.046730e+01 
6.099501e-01   1.256401e-01   5.731794e-07   2.626414e-07   1.213591e-08   3.411975e-07   3.066050e+01 
6.085477e-01   1.259878e-01   5.761231e-07   2.550256e-07   1.215800e-08   3.378666e-07   3.085440e+01 
6.071095e-01   1.263334e-01   5.805632e-07   2.477988e-07   1.218059e-08   3.352261e-07   3.104880e+01 
6.056613e-01   1.266748e-01   5.824478e-07   2.402349e-07   1.220545e-08   3.312545e-07   3.124390e+01 
6.042021e-01   1.270201e-01   5.846966e-07   2.328326e-07   1.223104e-08   3.273655e-07   3.143950e+01 
6.027338e-01   1.273613e-01   5.892238e-07   2.259430e-07   1.225877e-08   3.245104e-07   3.163580e+01 
6.012265e-01   1.277000e-01   5.918569e-07   2.188390e-07   1.228657e-08   3.207005e-07   3.183270e+01 
5.997288e-01   1.280385e-01   5.934634e-07   2.116641e-07   1.231649e-08   3.163232e-07   3.203020e+01 
5.982068e-01   1.283784e-01   5.976895e-07   2.050289e-07   1.234618e-08   3.130870e-07   3.222830e+01 
5.966656e-01   1.287107e-01   6.011996e-07   1.984075e-07   1.237719e-08   3.094798e-07   3.242700e+01 
5.951018e-01   1.290452e-01   6.025410e-07   1.915330e-07   1.240757e-08   3.048180e-07   3.262640e+01 
5.935483e-01   1.293789e-01   6.058891e-07   1.850976e-07   1.243935e-08   3.009802e-07   3.282630e+01 
5.919496e-01   1.297093e-01   6.101693e-07   1.789151e-07   1.246975e-08   2.974968e-07   3.302690e+01 
5.903461e-01   1.300348e-01   6.118124e-07   1.724401e-07   1.250131e-08   2.928140e-07   3.322800e+01 
5.887290e-01   1.303650e-01   6.141130e-07   1.661483e-07   1.253178e-08   2.883339e-07   3.342980e+01 
5.871030e-01   1.306896e-01   6.185702e-07   1.602883e-07   1.256348e-08   2.847104e-07   3.363220e+01 
5.854310e-01   1.310103e-01   6.211637e-07   1.542516e-07   1.259358e-08   2.802550e-07   3.383520e+01 
5.837741e-01   1.313310e-01   6.225853e-07   1.481515e-07   1.262581e-08   2.752529e-07   3.403880e+01 
5.820897e-01   1.316531e-01   6.263836e-07   1.425027e-07   1.265671e-08   2.711595e-07   3.424300e+01 
5.803846e-01   1.319659e-01   6.300357e-07   1.369574e-07   1.268978e-08   2.669519e-07   3.444790e+01 
5.786538e-01   1.322801e-01   6.314097e-07   1.312187e-07   1.272175e-08   2.617988e-07   3.465330e+01 
5.769341e-01   1.325932e-01   6.338683e-07   1.257429e-07   1.275675e-08   2.570147e-07   3.485940e+01 
5.751725e-01   1.329038e-01   6.380911e-07   1.206062e-07   1.279009e-08   2.528487e-07   3.506600e+01 
5.733991e-01   1.332066e-01   6.402521e-07   1.153138e-07   1.282640e-08   2.478635e-07   3.527330e+01 
5.716027e-01   1.335124e-01   6.415460e-07   1.100000e-07   1.286038e-08   2.424813e-07   3.548120e+01 
5.698185e-01   1.338164e-01   6.452843e-07   1.050917e-07   1.289747e-08   2.379391e-07   3.568970e+01 
5.679748e-01   1.341137e-01   6.485673e-07   1.002574e-07   1.293005e-08   2.332151e-07   3.589880e+01 
5.661303e-01   1.344051e-01   6.496737e-07   9.525582e-08   1.296537e-08   2.276339e-07   3.610850e+01 
5.642822e-01   1.347051e-01   6.520689e-07   9.052924e-08   1.299578e-08   2.224722e-07   3.631880e+01 
5.624104e-01   1.349934e-01   6.556710e-07   8.608332e-08   1.302829e-08   2.177283e-07   3.652980e+01 
5.604841e-01   1.352760e-01   6.578537e-07   8.157301e-08   1.305393e-08   2.124098e-07   3.674130e+01 
5.585965e-01   1.355633e-01   6.589800e-07   7.707734e-08   1.308388e-08   2.067186e-07   3.695350e+01 
5.566563e-01   1.358461e-01   6.616270e-07   7.289875e-08   1.310465e-08   2.015448e-07   3.716620e+01 
5.547032e-01   1.361187e-01   6.651217e-07   6.889780e-08   1.313000e-08   1.965645e-07   3.737960e+01 
5.527259e-01   1.363950e-01   6.660341e-07   6.476261e-08   1.314583e-08   1.907721e-07   3.759360e+01 
5.507451e-01   1.366633e-01   6.672400e-07   6.076631e-08   1.316767e-08   1.850431e-07   3.780820e+01 
5.487360e-01   1.369344e-01   6.709006e-07   5.710302e-08   1.317974e-08   1.799939e-07   3.802340e+01 
5.467173e-01   1.371952e-01   6.725814e-07   5.341544e-08   1.320138e-08   1.743404e-07   3.823920e+01 
5.446372e-01   1.374501e-01   6.734377e-07   4.974621e-08   1.321266e-08   1.683470e-07   3.845570e+01 
5.426114e-01   1.377120e-01   6.757739e-07   4.631230e-08   1.323869e-08   1.627328e-07   3.867270e+01 
5.405164e-01   1.379663e-01   6.778296e-07   4.301178e-08   1.325215e-08   1.570806e-07   3.889040e+01 
5.383940e-01   1.382036e-01   6.797068e-07   3.978537e-08   1.328119e-08   1.512852e-07   3.910870e+01 
5.362737e-01   1.384531e-01   6.806781e-07   3.660367e-08   1.329609e-08   1.451963e-07   3.932750e+01 
5.341577e-01   1.386957e-01   6.821088e-07   3.361195e-08   1.332681e-08   1.392503e-07   3.954700e+01 
5.319670e-01   1.389282e-01   6.846646e-07   3.082187e-08   1.333785e-08   1.335726e-07   3.976710e+01 
5.297852e-01   1.391537e-01   6.856253e-07   2.803254e-08   1.336854e-08   1.274203e-07   3.998780e+01 
5.275777e-01   1.393845e-01   6.863248e-07   2.535655e-08   1.337755e-08   1.211795e-07   4.020910e+01 
5.253856e-01   1.396101e-01   6.880050e-07   2.288408e-08   1.340998e-08   1.151841e-07   4.043110e+01 
5.231040e-01   1.398218e-01   6.896067e-07   2.053948e-08   1.341582e-08   1.091631e-07   4.065360e+01 
5.208486e-01   1.400306e-01   6.905313e-07   1.825996e-08   1.345144e-08   1.029006e-07   4.087680e+01 
5.185660e-01   1.402448e-01   6.909129e-07   1.610445e-08   1.345918e-08   9.653262e-08   4.110050e+01 
5.162780e-01   1.404463e-01   6.924616e-07   1.414354e-08   1.349899e-08   9.041417e-08   4.132490e+01 
5.139251e-01   1.406421e-01   6.932533e-07   1.228597e-08   1.350837e-08   8.412176e-08   4.154990e+01 
5.115811e-01   1.408283e-01   6.940758e-07   1.055069e-08   1.355179e-08   7.779615e-08   4.177550e+01 
5.092150e-01   1.410230e-01   6.946664e-07   8.943886e-09   1.356226e-08   7.141870e-08   4.200170e+01 
5.068500e-01   1.412048e-01   6.944727e-07   7.461035e-09   1.360243e-08   6.488519e-08   4.222850e+01 
5.043973e-01   1.413749e-01   6.963488e-07   6.174961e-09   1.361089e-08   5.877102e-08   4.245590e+01 
5.019926e-01   1.415467e-01   6.962179e-07   4.950341e-09   1.364473e-08   5.219568e-08   4.268400e+01 
4.995168e-01   1.417115e-01   6.953314e-07   3.850996e-09   1.365291e-08   4.549582e-08   4.291260e+01 
4.970713e-01   1.418737e-01   6.977357e-07   2.956249e-09   1.367443e-08   3.941708e-08   4.314190e+01 
4.945636e-01   1.420290e-01   6.963056e-07   2.134423e-09   1.368592e-08   3.264334e-08   4.337180e+01 
4.920108e-01   1.421646e-01   6.958150e-07   1.469567e-09   1.368118e-08   2.602009e-08   4.360220e+01 
4.895186e-01   1.423131e-01   6.978601e-07   9.390067e-10   1.371953e-08   1.989393e-08   4.383330e+01 
4.868523e-01   1.424597e-01   6.966207e-07   5.455696e-10   1.365382e-08   1.311680e-08   4.406500e+01 
4.846350e-01   1.425813e-01   6.954551e-07   2.012096e-10   1.376860e-08   6.439954e-09   4.429740e+01 
4.809387e-01   1.426376e-01   6.964844e-07   -2.428613e-17   1.360069e-08   8.326673e-17   4.453030e+01 
