% The data presented here were obtained from a direct numerical simulation of a turbulent 
% boundary layer developing under a pressure gradient. All the data shown here are 
% not normalized. Please refer to the references below for rmore detailed information.
 
 
% We compute the boundary layer thickness using the method of Griffin et al. (2021). 
% The pressure-gradient parameters of beta_{ZS} and beta_i are computed as follows. 
% beta_{ZS}=(delta)/(rho U_{ZS}^2)(dp_e/dx) and beta_i = (nu/rho u_tau^3)(d p_w/dx) 
% where $delta$ is the boundary layer thickness, $U_{ZS}$ is the Zagorola-Smits velocity, 
% $p_e$ and $p_w$ are the pressure at the edge of boundary layer and wall, respectively. 
 
 
% Please check this report for rmore detailed information about the data: 
% Gungor, T. R., Gungor, A. G.., Maciel, Y. (2024). Datasets of  
% three non-equilibrium pressure gradient turbulent boundary layers.  
 
 
% Please cite this paper when referencing the data: 
% Gungor, A. G., Maciel, Y., Simens, M. P., & Soria, J. (2016).  
% Scaling  and statistics of large-defect adverse pressure gradient turbulent
% boundary layers. International Journal of Heat and Fluid Flow, 59, 109-124.  
 
  
% ========================================================================================= 
% 	 	 	************ Position 8 of DNS16 ************ 
% ========================================================================================= 

% 	 Re_tau = 2.499109e+01 
% 	 Re_theta=3.849135e+03 
% 	 utau=6.286592e-04 
% 	 U_e=6.599767e-01 
% 	 theta=1.666351e+00 
% 	 delta_star=5.718700e+00 
% 	 delta=1.135800e+01 
%  	 x_pos=1.023681e+02 
% 	 H=3.431870e+00 
% 	 C_f=-1.792470e-06 
% 	 nu=2.857143e-04 
% 	 beta_RC=5.776348e+03 
% 	 beta_i=6.125601e+02 
% 	 beta_ZS=6.221740e-02 
 
% ========================================================================================================== 
% 	 U   	   V   	   u2   	   v2   	   w2   	   uv   	   y        
% ========================================================================================================= 
-5.919849e-08   1.699468e-08   1.165320e-06   4.106408e-11   9.796525e-07   -4.003761e-10   2.100000e-03 
8.566792e-06   8.644458e-08   5.685819e-06   9.708826e-10   4.783703e-06   -4.400480e-09   4.700000e-03 
3.529966e-05   2.570953e-07   1.588281e-05   7.740526e-09   1.337443e-05   -2.259125e-08   8.000000e-03 
9.231069e-05   5.874902e-07   3.354392e-05   3.553526e-08   2.826562e-05   -7.781236e-08   1.190000e-02 
1.905945e-04   1.156958e-06   6.038623e-05   1.187495e-07   5.088871e-05   -2.111687e-07   1.640000e-02 
3.424647e-04   2.067118e-06   9.771519e-05   3.212644e-07   8.227388e-05   -4.879049e-07   2.150000e-02 
5.634533e-04   3.471794e-06   1.472502e-04   7.553939e-07   1.237033e-04   -1.010103e-06   2.730000e-02 
8.560423e-04   5.475064e-06   2.074721e-04   1.554326e-06   1.736307e-04   -1.873378e-06   3.360000e-02 
1.237111e-03   8.317959e-06   2.798209e-04   2.937495e-06   2.328375e-04   -3.229299e-06   4.060000e-02 
1.699950e-03   1.211571e-05   3.611941e-04   5.092636e-06   2.982670e-04   -5.153572e-06   4.810000e-02 
2.256795e-03   1.718307e-05   4.521894e-04   8.328824e-06   3.698168e-04   -7.786142e-06   5.630000e-02 
2.897528e-03   2.370052e-05   5.498054e-04   1.287939e-05   4.445278e-04   -1.115530e-05   6.510000e-02 
3.614430e-03   3.189841e-05   6.519445e-04   1.898734e-05   5.203099e-04   -1.527110e-05   7.450000e-02 
4.397585e-03   4.200060e-05   7.565277e-04   2.686434e-05   5.952696e-04   -2.010791e-05   8.450000e-02 
5.235992e-03   5.420544e-05   8.616396e-04   3.667665e-05   6.678406e-04   -2.561120e-05   9.510000e-02 
6.118659e-03   6.865994e-05   9.656247e-04   4.853536e-05   7.368433e-04   -3.170552e-05   1.063000e-01 
7.035427e-03   8.543380e-05   1.067130e-03   6.249202e-05   8.014838e-04   -3.830246e-05   1.181000e-01 
7.984976e-03   1.046652e-04   1.165877e-03   7.867451e-05   8.617806e-04   -4.536642e-05   1.306000e-01 
8.944871e-03   1.259400e-04   1.259552e-03   9.676333e-05   9.166459e-04   -5.269712e-05   1.436000e-01 
9.924266e-03   1.494227e-04   1.349118e-03   1.169288e-04   9.670429e-04   -6.033428e-05   1.573000e-01 
1.091151e-02   1.747783e-04   1.433583e-03   1.388885e-04   1.012829e-03   -6.817129e-05   1.716000e-01 
1.190355e-02   2.018640e-04   1.512928e-03   1.624633e-04   1.054424e-03   -7.618358e-05   1.865000e-01 
1.289803e-02   2.305999e-04   1.587312e-03   1.874486e-04   1.092298e-03   -8.436587e-05   2.020000e-01 
1.389283e-02   2.609735e-04   1.657000e-03   2.136211e-04   1.126931e-03   -9.272183e-05   2.181000e-01 
1.488583e-02   2.930367e-04   1.722272e-03   2.407513e-04   1.158781e-03   -1.012572e-04   2.348000e-01 
1.587493e-02   3.269117e-04   1.783352e-03   2.686169e-04   1.188253e-03   -1.099805e-04   2.521000e-01 
1.686381e-02   3.630163e-04   1.840688e-03   2.971684e-04   1.215824e-03   -1.189569e-04   2.701000e-01 
1.784067e-02   4.012978e-04   1.893697e-03   3.259012e-04   1.241424e-03   -1.281121e-04   2.886000e-01 
1.881659e-02   4.426502e-04   1.942961e-03   3.549581e-04   1.265476e-03   -1.375787e-04   3.078000e-01 
1.978805e-02   4.874156e-04   1.988246e-03   3.840415e-04   1.287956e-03   -1.473468e-04   3.276000e-01 
2.075781e-02   5.360997e-04   2.029739e-03   4.130544e-04   1.309011e-03   -1.574439e-04   3.480000e-01 
2.172888e-02   5.890384e-04   2.067831e-03   4.419474e-04   1.328760e-03   -1.678681e-04   3.690000e-01 
2.270417e-02   6.463114e-04   2.103136e-03   4.707166e-04   1.347166e-03   -1.786025e-04   3.906000e-01 
2.368585e-02   7.077983e-04   2.136349e-03   4.993871e-04   1.364080e-03   -1.896336e-04   4.128000e-01 
2.467560e-02   7.733708e-04   2.168025e-03   5.279975e-04   1.379464e-03   -2.009495e-04   4.356000e-01 
2.567964e-02   8.434288e-04   2.198638e-03   5.567122e-04   1.393538e-03   -2.125939e-04   4.591000e-01 
2.669139e-02   9.177577e-04   2.228108e-03   5.853201e-04   1.406400e-03   -2.244572e-04   4.831000e-01 
2.772051e-02   9.971845e-04   2.256766e-03   6.140451e-04   1.418426e-03   -2.365939e-04   5.078000e-01 
2.875928e-02   1.080582e-03   2.284546e-03   6.425845e-04   1.429898e-03   -2.488412e-04   5.330000e-01 
2.981590e-02   1.167471e-03   2.312044e-03   6.710573e-04   1.441299e-03   -2.612518e-04   5.589000e-01 
3.088636e-02   1.256178e-03   2.339578e-03   6.992389e-04   1.452965e-03   -2.737604e-04   5.854000e-01 
3.197139e-02   1.345798e-03   2.367480e-03   7.270354e-04   1.465288e-03   -2.863541e-04   6.125000e-01 
3.307128e-02   1.436201e-03   2.396125e-03   7.543454e-04   1.478671e-03   -2.989925e-04   6.402000e-01 
3.418905e-02   1.528052e-03   2.426006e-03   7.811832e-04   1.493469e-03   -3.116509e-04   6.686000e-01 
3.531571e-02   1.621048e-03   2.457088e-03   8.073477e-04   1.509547e-03   -3.241951e-04   6.975000e-01 
3.645378e-02   1.715340e-03   2.489369e-03   8.329873e-04   1.526546e-03   -3.367418e-04   7.270000e-01 
3.760419e-02   1.810561e-03   2.523093e-03   8.583186e-04   1.544260e-03   -3.494914e-04   7.572000e-01 
3.876002e-02   1.906246e-03   2.559010e-03   8.834817e-04   1.562759e-03   -3.625264e-04   7.880000e-01 
3.992047e-02   2.003714e-03   2.597737e-03   9.086680e-04   1.582154e-03   -3.759220e-04   8.194000e-01 
4.108415e-02   2.105063e-03   2.639023e-03   9.338636e-04   1.602051e-03   -3.896384e-04   8.513000e-01 
4.226147e-02   2.212566e-03   2.683246e-03   9.592479e-04   1.622154e-03   -4.035808e-04   8.839000e-01 
4.345359e-02   2.326607e-03   2.730291e-03   9.848555e-04   1.641904e-03   -4.174149e-04   9.172000e-01 
4.465301e-02   2.446462e-03   2.778924e-03   1.010499e-03   1.660776e-03   -4.307935e-04   9.510000e-01 
4.586458e-02   2.571258e-03   2.828262e-03   1.036165e-03   1.679049e-03   -4.438927e-04   9.854000e-01 
4.709563e-02   2.699532e-03   2.877759e-03   1.061907e-03   1.697082e-03   -4.572540e-04   1.020500e+00 
4.834456e-02   2.829399e-03   2.926630e-03   1.087686e-03   1.715780e-03   -4.710499e-04   1.056100e+00 
4.962223e-02   2.960687e-03   2.974822e-03   1.113772e-03   1.736303e-03   -4.854514e-04   1.092400e+00 
5.092134e-02   3.091108e-03   3.021170e-03   1.140034e-03   1.758742e-03   -5.005393e-04   1.129200e+00 
5.225239e-02   3.219373e-03   3.065688e-03   1.166451e-03   1.783683e-03   -5.165480e-04   1.166700e+00 
5.362156e-02   3.344178e-03   3.109788e-03   1.192819e-03   1.811708e-03   -5.331971e-04   1.204800e+00 
5.503621e-02   3.465342e-03   3.154389e-03   1.219068e-03   1.842845e-03   -5.500325e-04   1.243500e+00 
5.650714e-02   3.583003e-03   3.200449e-03   1.245387e-03   1.877037e-03   -5.672527e-04   1.282900e+00 
5.803630e-02   3.697251e-03   3.248566e-03   1.271847e-03   1.913896e-03   -5.851364e-04   1.322800e+00 
5.963130e-02   3.809052e-03   3.299161e-03   1.298559e-03   1.953791e-03   -6.037457e-04   1.363300e+00 
6.129341e-02   3.918954e-03   3.353659e-03   1.325657e-03   1.996684e-03   -6.232668e-04   1.404500e+00 
6.300778e-02   4.026835e-03   3.412608e-03   1.353424e-03   2.040245e-03   -6.438645e-04   1.446200e+00 
6.476727e-02   4.134517e-03   3.474853e-03   1.382462e-03   2.082336e-03   -6.654363e-04   1.488600e+00 
6.654143e-02   4.243132e-03   3.536468e-03   1.412735e-03   2.121157e-03   -6.873216e-04   1.531600e+00 
6.831022e-02   4.352485e-03   3.595155e-03   1.443920e-03   2.156405e-03   -7.089789e-04   1.575200e+00 
7.007261e-02   4.462176e-03   3.652386e-03   1.475695e-03   2.187957e-03   -7.301245e-04   1.619400e+00 
7.183515e-02   4.572630e-03   3.709928e-03   1.507344e-03   2.216526e-03   -7.506413e-04   1.664200e+00 
7.360288e-02   4.684415e-03   3.767908e-03   1.537970e-03   2.243255e-03   -7.705032e-04   1.709600e+00 
7.539445e-02   4.799139e-03   3.826641e-03   1.566836e-03   2.269418e-03   -7.893572e-04   1.755700e+00 
7.722489e-02   4.914338e-03   3.887153e-03   1.593428e-03   2.297613e-03   -8.076955e-04   1.802300e+00 
7.911015e-02   5.031986e-03   3.950520e-03   1.618204e-03   2.326907e-03   -8.267240e-04   1.849600e+00 
8.104553e-02   5.159425e-03   4.015721e-03   1.642279e-03   2.356978e-03   -8.459220e-04   1.897500e+00 
8.303097e-02   5.298118e-03   4.079166e-03   1.666292e-03   2.388473e-03   -8.645605e-04   1.945900e+00 
8.508090e-02   5.444962e-03   4.139787e-03   1.691235e-03   2.421288e-03   -8.823592e-04   1.995000e+00 
8.719763e-02   5.593537e-03   4.197070e-03   1.717703e-03   2.453474e-03   -8.998384e-04   2.044700e+00 
8.938254e-02   5.739311e-03   4.249734e-03   1.744885e-03   2.485165e-03   -9.177453e-04   2.095000e+00 
9.165429e-02   5.887368e-03   4.299244e-03   1.772101e-03   2.520709e-03   -9.357576e-04   2.146000e+00 
9.402308e-02   6.041145e-03   4.348993e-03   1.799162e-03   2.561854e-03   -9.537825e-04   2.197500e+00 
9.647431e-02   6.193848e-03   4.403958e-03   1.825932e-03   2.607818e-03   -9.731074e-04   2.249600e+00 
9.897755e-02   6.341464e-03   4.466266e-03   1.852300e-03   2.656086e-03   -9.941939e-04   2.302400e+00 
1.015052e-01   6.495367e-03   4.529538e-03   1.878406e-03   2.704548e-03   -1.015296e-03   2.355800e+00 
1.040695e-01   6.663961e-03   4.591205e-03   1.905346e-03   2.751462e-03   -1.034667e-03   2.409700e+00 
1.067075e-01   6.846227e-03   4.653543e-03   1.934281e-03   2.797454e-03   -1.052823e-03   2.464300e+00 
1.094099e-01   7.029543e-03   4.716784e-03   1.964527e-03   2.844854e-03   -1.070160e-03   2.519500e+00 
1.122032e-01   7.206676e-03   4.783067e-03   1.995420e-03   2.895761e-03   -1.087877e-03   2.575300e+00 
1.151186e-01   7.383459e-03   4.855058e-03   2.027216e-03   2.947844e-03   -1.107497e-03   2.631800e+00 
1.181547e-01   7.563175e-03   4.931340e-03   2.060639e-03   2.997628e-03   -1.128173e-03   2.688800e+00 
1.212860e-01   7.750877e-03   5.012412e-03   2.095519e-03   3.044811e-03   -1.150616e-03   2.746400e+00 
1.244768e-01   7.945834e-03   5.101505e-03   2.131063e-03   3.088000e-03   -1.174829e-03   2.804700e+00 
1.277159e-01   8.148323e-03   5.197251e-03   2.168103e-03   3.125437e-03   -1.200757e-03   2.863500e+00 
1.309665e-01   8.352302e-03   5.293522e-03   2.205033e-03   3.151274e-03   -1.227041e-03   2.923000e+00 
1.342218e-01   8.561200e-03   5.389626e-03   2.241607e-03   3.171817e-03   -1.251419e-03   2.983100e+00 
1.375023e-01   8.774340e-03   5.489046e-03   2.276740e-03   3.196432e-03   -1.274182e-03   3.043800e+00 
1.408215e-01   8.998077e-03   5.585198e-03   2.309903e-03   3.225763e-03   -1.294919e-03   3.105100e+00 
1.442114e-01   9.233245e-03   5.670606e-03   2.342332e-03   3.256074e-03   -1.314935e-03   3.167000e+00 
1.477284e-01   9.492380e-03   5.747770e-03   2.374703e-03   3.293357e-03   -1.334699e-03   3.229500e+00 
1.513791e-01   9.776354e-03   5.822465e-03   2.405329e-03   3.347764e-03   -1.353037e-03   3.292700e+00 
1.550851e-01   1.006359e-02   5.898572e-03   2.434906e-03   3.412548e-03   -1.370436e-03   3.356400e+00 
1.588999e-01   1.035913e-02   5.974161e-03   2.467132e-03   3.482674e-03   -1.387452e-03   3.420800e+00 
1.628501e-01   1.066983e-02   6.041342e-03   2.501714e-03   3.559106e-03   -1.404233e-03   3.485800e+00 
1.668967e-01   1.099430e-02   6.105917e-03   2.536608e-03   3.636735e-03   -1.420971e-03   3.551300e+00 
1.710347e-01   1.132704e-02   6.182039e-03   2.568424e-03   3.714954e-03   -1.439403e-03   3.617500e+00 
1.752139e-01   1.167864e-02   6.265340e-03   2.597670e-03   3.793415e-03   -1.458624e-03   3.684300e+00 
1.794017e-01   1.205320e-02   6.346269e-03   2.626858e-03   3.869594e-03   -1.477287e-03   3.751700e+00 
1.836471e-01   1.242143e-02   6.427853e-03   2.658721e-03   3.942736e-03   -1.497265e-03   3.819800e+00 
1.879739e-01   1.278177e-02   6.507744e-03   2.693041e-03   4.009301e-03   -1.516160e-03   3.888400e+00 
1.923710e-01   1.313143e-02   6.592784e-03   2.725394e-03   4.073524e-03   -1.533393e-03   3.957700e+00 
1.969020e-01   1.347542e-02   6.684160e-03   2.755844e-03   4.137584e-03   -1.552330e-03   4.027500e+00 
2.016141e-01   1.383012e-02   6.780356e-03   2.784863e-03   4.199391e-03   -1.569443e-03   4.098000e+00 
2.064070e-01   1.419973e-02   6.881822e-03   2.810735e-03   4.255005e-03   -1.585643e-03   4.169100e+00 
2.113150e-01   1.458911e-02   6.988858e-03   2.832004e-03   4.310813e-03   -1.600855e-03   4.240700e+00 
2.164379e-01   1.501488e-02   7.094354e-03   2.848818e-03   4.369449e-03   -1.615761e-03   4.313000e+00 
2.217023e-01   1.547670e-02   7.197205e-03   2.866282e-03   4.429774e-03   -1.629485e-03   4.385900e+00 
2.270054e-01   1.595246e-02   7.296503e-03   2.885238e-03   4.484687e-03   -1.640675e-03   4.459500e+00 
2.323327e-01   1.645292e-02   7.384296e-03   2.906462e-03   4.546901e-03   -1.650970e-03   4.533600e+00 
2.376824e-01   1.694734e-02   7.465233e-03   2.930636e-03   4.608560e-03   -1.659598e-03   4.608300e+00 
2.430265e-01   1.745066e-02   7.534885e-03   2.955410e-03   4.666279e-03   -1.667906e-03   4.683700e+00 
2.483857e-01   1.797961e-02   7.579387e-03   2.978667e-03   4.712635e-03   -1.676550e-03   4.759700e+00 
2.538116e-01   1.851054e-02   7.603136e-03   2.998836e-03   4.748701e-03   -1.690320e-03   4.836200e+00 
2.593424e-01   1.902847e-02   7.622547e-03   3.019306e-03   4.780543e-03   -1.708212e-03   4.913400e+00 
2.650113e-01   1.955169e-02   7.648741e-03   3.039940e-03   4.811175e-03   -1.728489e-03   4.991200e+00 
2.707423e-01   2.007225e-02   7.687340e-03   3.060201e-03   4.839489e-03   -1.747267e-03   5.069600e+00 
2.764514e-01   2.058514e-02   7.726251e-03   3.077478e-03   4.853428e-03   -1.762813e-03   5.148600e+00 
2.822375e-01   2.110841e-02   7.770897e-03   3.092342e-03   4.856898e-03   -1.771303e-03   5.228300e+00 
2.881564e-01   2.164765e-02   7.810506e-03   3.105365e-03   4.863451e-03   -1.779378e-03   5.308500e+00 
2.942224e-01   2.221510e-02   7.825033e-03   3.116882e-03   4.881226e-03   -1.789325e-03   5.389400e+00 
3.004393e-01   2.280278e-02   7.825658e-03   3.128432e-03   4.893809e-03   -1.800208e-03   5.470800e+00 
3.067555e-01   2.341122e-02   7.818545e-03   3.138890e-03   4.901744e-03   -1.809523e-03   5.552900e+00 
3.130125e-01   2.402062e-02   7.818678e-03   3.142978e-03   4.902898e-03   -1.814948e-03   5.635600e+00 
3.192719e-01   2.463913e-02   7.829949e-03   3.142276e-03   4.889250e-03   -1.819751e-03   5.718900e+00 
3.256112e-01   2.527915e-02   7.852758e-03   3.138205e-03   4.869597e-03   -1.818871e-03   5.802800e+00 
3.319042e-01   2.589956e-02   7.871776e-03   3.129421e-03   4.841464e-03   -1.814014e-03   5.887300e+00 
3.382197e-01   2.650459e-02   7.868351e-03   3.118869e-03   4.823211e-03   -1.812368e-03   5.972400e+00 
3.446181e-01   2.712793e-02   7.866487e-03   3.108688e-03   4.825011e-03   -1.810922e-03   6.058100e+00 
3.510513e-01   2.779351e-02   7.856005e-03   3.097045e-03   4.833762e-03   -1.802294e-03   6.144500e+00 
3.575422e-01   2.847938e-02   7.840358e-03   3.080461e-03   4.831468e-03   -1.788146e-03   6.231400e+00 
3.641059e-01   2.916759e-02   7.825576e-03   3.058753e-03   4.820929e-03   -1.775458e-03   6.319000e+00 
3.708064e-01   2.988733e-02   7.805676e-03   3.037170e-03   4.823774e-03   -1.759793e-03   6.407200e+00 
3.776179e-01   3.062416e-02   7.788205e-03   3.013145e-03   4.812880e-03   -1.744304e-03   6.496000e+00 
3.845500e-01   3.135856e-02   7.758016e-03   2.986662e-03   4.791718e-03   -1.730245e-03   6.585400e+00 
3.915965e-01   3.210908e-02   7.707479e-03   2.959042e-03   4.767323e-03   -1.718619e-03   6.675400e+00 
3.987251e-01   3.287124e-02   7.647150e-03   2.928499e-03   4.727826e-03   -1.706850e-03   6.766000e+00 
4.059784e-01   3.365921e-02   7.579225e-03   2.897076e-03   4.682943e-03   -1.691995e-03   6.857200e+00 
4.132699e-01   3.446676e-02   7.500499e-03   2.864115e-03   4.624631e-03   -1.672190e-03   6.949100e+00 
4.205605e-01   3.528399e-02   7.418828e-03   2.831571e-03   4.562617e-03   -1.649104e-03   7.041500e+00 
4.279189e-01   3.610346e-02   7.337209e-03   2.797495e-03   4.499865e-03   -1.628299e-03   7.134600e+00 
4.353459e-01   3.692353e-02   7.239451e-03   2.758858e-03   4.435671e-03   -1.609364e-03   7.228300e+00 
4.426983e-01   3.773798e-02   7.125549e-03   2.717872e-03   4.353834e-03   -1.593584e-03   7.322600e+00 
4.499243e-01   3.853638e-02   7.026753e-03   2.674374e-03   4.272560e-03   -1.576766e-03   7.417500e+00 
4.571567e-01   3.934005e-02   6.908644e-03   2.628136e-03   4.201105e-03   -1.557746e-03   7.513000e+00 
4.643381e-01   4.014736e-02   6.781742e-03   2.578176e-03   4.117254e-03   -1.535192e-03   7.609100e+00 
4.714556e-01   4.095668e-02   6.651700e-03   2.526051e-03   4.023338e-03   -1.510058e-03   7.705800e+00 
4.785698e-01   4.178497e-02   6.522035e-03   2.469333e-03   3.930029e-03   -1.479892e-03   7.803200e+00 
4.856455e-01   4.261159e-02   6.390986e-03   2.412459e-03   3.834621e-03   -1.445670e-03   7.901100e+00 
4.926610e-01   4.342974e-02   6.253176e-03   2.358768e-03   3.738211e-03   -1.412023e-03   7.999700e+00 
4.995634e-01   4.424580e-02   6.095068e-03   2.310128e-03   3.628327e-03   -1.379478e-03   8.098800e+00 
5.063545e-01   4.505774e-02   5.937262e-03   2.262868e-03   3.509792e-03   -1.343007e-03   8.198600e+00 
5.131377e-01   4.586275e-02   5.783840e-03   2.211590e-03   3.397145e-03   -1.304978e-03   8.299000e+00 
5.200103e-01   4.669791e-02   5.608724e-03   2.156422e-03   3.295115e-03   -1.264458e-03   8.400000e+00 
5.269033e-01   4.755016e-02   5.428970e-03   2.096745e-03   3.186361e-03   -1.217774e-03   8.501600e+00 
5.338008e-01   4.840009e-02   5.247804e-03   2.032672e-03   3.063735e-03   -1.171347e-03   8.603900e+00 
5.406953e-01   4.924525e-02   5.068743e-03   1.963824e-03   2.954400e-03   -1.125528e-03   8.706700e+00 
5.475152e-01   5.007199e-02   4.892956e-03   1.890965e-03   2.841938e-03   -1.082405e-03   8.810100e+00 
5.542837e-01   5.089064e-02   4.721533e-03   1.816381e-03   2.714913e-03   -1.038128e-03   8.914200e+00 
5.610847e-01   5.172954e-02   4.534689e-03   1.743634e-03   2.583270e-03   -9.881847e-04   9.018900e+00 
5.677828e-01   5.256050e-02   4.340189e-03   1.670332e-03   2.444420e-03   -9.386131e-04   9.124100e+00 
5.743744e-01   5.338273e-02   4.140900e-03   1.597279e-03   2.295727e-03   -8.885423e-04   9.230000e+00 
5.808990e-01   5.420068e-02   3.938194e-03   1.520631e-03   2.148071e-03   -8.373484e-04   9.336500e+00 
5.873350e-01   5.501631e-02   3.713721e-03   1.445039e-03   1.998687e-03   -7.887358e-04   9.443600e+00 
5.937010e-01   5.583322e-02   3.477157e-03   1.372222e-03   1.850508e-03   -7.385033e-04   9.551400e+00 
5.999231e-01   5.663867e-02   3.235187e-03   1.299790e-03   1.707908e-03   -6.881058e-04   9.659700e+00 
6.059664e-01   5.742634e-02   2.995655e-03   1.229068e-03   1.565634e-03   -6.387083e-04   9.768600e+00 
6.117925e-01   5.818887e-02   2.767497e-03   1.157471e-03   1.424669e-03   -5.900975e-04   9.878200e+00 
6.173722e-01   5.892777e-02   2.542224e-03   1.085528e-03   1.295645e-03   -5.432072e-04   9.988400e+00 
6.227342e-01   5.965485e-02   2.321738e-03   1.015669e-03   1.173239e-03   -4.944041e-04   1.009910e+01 
6.278360e-01   6.035563e-02   2.099575e-03   9.470647e-04   1.053597e-03   -4.474201e-04   1.021050e+01 
6.326581e-01   6.102956e-02   1.869019e-03   8.817685e-04   9.361947e-04   -4.031513e-04   1.032250e+01 
6.372122e-01   6.167788e-02   1.645393e-03   8.186014e-04   8.277819e-04   -3.589228e-04   1.043510e+01 
6.414111e-01   6.228512e-02   1.435055e-03   7.554438e-04   7.287581e-04   -3.181703e-04   1.054840e+01 
6.451942e-01   6.284321e-02   1.241007e-03   6.930934e-04   6.363702e-04   -2.813486e-04   1.066220e+01 
6.485588e-01   6.335106e-02   1.065674e-03   6.321971e-04   5.494055e-04   -2.481704e-04   1.077660e+01 
6.515302e-01   6.381401e-02   9.065122e-04   5.743877e-04   4.699804e-04   -2.177446e-04   1.089170e+01 
6.541256e-01   6.423395e-02   7.671585e-04   5.192403e-04   3.985906e-04   -1.887446e-04   1.100730e+01 
6.563796e-01   6.461572e-02   6.419062e-04   4.670841e-04   3.354246e-04   -1.622060e-04   1.112360e+01 
6.583353e-01   6.496492e-02   5.308563e-04   4.188932e-04   2.812490e-04   -1.371436e-04   1.124050e+01 
6.599767e-01   6.528031e-02   4.363634e-04   3.747177e-04   2.344398e-04   -1.141819e-04   1.135800e+01 
6.612819e-01   6.555875e-02   3.565437e-04   3.344770e-04   1.927990e-04   -9.398067e-05   1.147610e+01 
6.622933e-01   6.580454e-02   2.891335e-04   2.973677e-04   1.564422e-04   -7.613432e-05   1.159480e+01 
6.630504e-01   6.602117e-02   2.349363e-04   2.627695e-04   1.260874e-04   -6.065727e-05   1.171410e+01 
6.635764e-01   6.621230e-02   1.925102e-04   2.317465e-04   1.021221e-04   -4.722061e-05   1.183410e+01 
6.639050e-01   6.638217e-02   1.592827e-04   2.041137e-04   8.358926e-05   -3.564554e-05   1.195460e+01 
6.640555e-01   6.653251e-02   1.348337e-04   1.790114e-04   6.772994e-05   -2.595600e-05   1.207580e+01 
6.640350e-01   6.666281e-02   1.166151e-04   1.563389e-04   5.461760e-05   -1.875509e-05   1.219750e+01 
6.638776e-01   6.677779e-02   1.023849e-04   1.366918e-04   4.441923e-05   -1.364215e-05   1.231990e+01 
6.636263e-01   6.688361e-02   9.036675e-05   1.201067e-04   3.643355e-05   -9.837960e-06   1.244290e+01 
6.633038e-01   6.698310e-02   8.018816e-05   1.059913e-04   2.978991e-05   -6.962625e-06   1.256650e+01 
6.629278e-01   6.707806e-02   7.178978e-05   9.380753e-05   2.435399e-05   -4.802594e-06   1.269070e+01 
6.625165e-01   6.717130e-02   6.435239e-05   8.368359e-05   2.035525e-05   -3.077146e-06   1.281560e+01 
6.620786e-01   6.726324e-02   5.802205e-05   7.527667e-05   1.735656e-05   -1.807686e-06   1.294100e+01 
6.616186e-01   6.735398e-02   5.272905e-05   6.800280e-05   1.497277e-05   -1.065733e-06   1.306700e+01 
6.611474e-01   6.744520e-02   4.805973e-05   6.174879e-05   1.307218e-05   -5.350186e-07   1.319370e+01 
6.606732e-01   6.753790e-02   4.398379e-05   5.633503e-05   1.153808e-05   -1.556660e-07   1.332100e+01 
6.602015e-01   6.763257e-02   4.041116e-05   5.162622e-05   1.023612e-05   1.046179e-07   1.344880e+01 
6.597330e-01   6.772969e-02   3.726660e-05   4.751660e-05   9.146021e-06   3.301428e-07   1.357730e+01 
6.592679e-01   6.782900e-02   3.450650e-05   4.391000e-05   8.206692e-06   4.967338e-07   1.370640e+01 
6.588054e-01   6.793046e-02   3.205346e-05   4.070526e-05   7.387272e-06   5.849951e-07   1.383610e+01 
6.583458e-01   6.803411e-02   2.984868e-05   3.783492e-05   6.680309e-06   6.341393e-07   1.396640e+01 
6.578875e-01   6.814002e-02   2.786151e-05   3.525570e-05   6.065068e-06   6.794724e-07   1.409740e+01 
6.574301e-01   6.824785e-02   2.606794e-05   3.293629e-05   5.521728e-06   7.256769e-07   1.422890e+01 
6.569710e-01   6.835766e-02   2.445596e-05   3.083923e-05   5.036823e-06   7.785108e-07   1.436110e+01 
6.565101e-01   6.846911e-02   2.300455e-05   2.893457e-05   4.602939e-06   8.369749e-07   1.449380e+01 
6.560449e-01   6.858227e-02   2.168367e-05   2.719333e-05   4.212839e-06   8.961572e-07   1.462720e+01 
6.555751e-01   6.869690e-02   2.047534e-05   2.559701e-05   3.861246e-06   9.538568e-07   1.476120e+01 
6.550995e-01   6.881298e-02   1.936477e-05   2.412907e-05   3.543376e-06   1.008681e-06   1.489580e+01 
6.546185e-01   6.893042e-02   1.834089e-05   2.277574e-05   3.255260e-06   1.060294e-06   1.503100e+01 
6.541309e-01   6.904928e-02   1.739483e-05   2.152536e-05   2.993530e-06   1.108855e-06   1.516680e+01 
6.536375e-01   6.916947e-02   1.651868e-05   2.036771e-05   2.755305e-06   1.153953e-06   1.530320e+01 
6.531370e-01   6.929116e-02   1.570521e-05   1.929327e-05   2.537952e-06   1.196027e-06   1.544030e+01 
6.526309e-01   6.941409e-02   1.494960e-05   1.829586e-05   2.339617e-06   1.234997e-06   1.557790e+01 
6.521176e-01   6.953854e-02   1.424593e-05   1.736721e-05   2.158114e-06   1.271075e-06   1.571620e+01 
6.515987e-01   6.966424e-02   1.359098e-05   1.650271e-05   1.992043e-06   1.304862e-06   1.585500e+01 
6.510725e-01   6.979146e-02   1.297958e-05   1.569562e-05   1.839689e-06   1.336157e-06   1.599450e+01 
6.505404e-01   6.992005e-02   1.240884e-05   1.494181e-05   1.699878e-06   1.365401e-06   1.613460e+01 
6.500013e-01   7.005008e-02   1.187539e-05   1.423697e-05   1.571447e-06   1.392816e-06   1.627530e+01 
6.494562e-01   7.018148e-02   1.137624e-05   1.357708e-05   1.453361e-06   1.418186e-06   1.641660e+01 
6.489038e-01   7.031445e-02   1.090871e-05   1.295832e-05   1.344624e-06   1.442162e-06   1.655860e+01 
6.483457e-01   7.044869e-02   1.047077e-05   1.237826e-05   1.244561e-06   1.464465e-06   1.670110e+01 
6.477806e-01   7.058443e-02   1.006010e-05   1.183354e-05   1.152340e-06   1.485236e-06   1.684420e+01 
6.472091e-01   7.072165e-02   9.674558e-06   1.132127e-05   1.067239e-06   1.504984e-06   1.698800e+01 
6.466305e-01   7.086037e-02   9.312370e-06   1.083930e-05   9.887155e-07   1.523205e-06   1.713240e+01 
6.460464e-01   7.100039e-02   8.972490e-06   1.038582e-05   9.162686e-07   1.540419e-06   1.727730e+01 
6.454546e-01   7.114203e-02   8.652730e-06   9.958190e-06   8.492990e-07   1.556706e-06   1.742290e+01 
6.448569e-01   7.128506e-02   8.351847e-06   9.554774e-06   7.874102e-07   1.571690e-06   1.756910e+01 
6.442519e-01   7.142964e-02   8.068875e-06   9.174026e-06   7.301886e-07   1.586035e-06   1.771590e+01 
6.436405e-01   7.157571e-02   7.802007e-06   8.814046e-06   6.772281e-07   1.599328e-06   1.786340e+01 
6.430223e-01   7.172326e-02   7.550677e-06   8.473870e-06   6.282583e-07   1.611557e-06   1.801140e+01 
6.423982e-01   7.187221e-02   7.313806e-06   8.152042e-06   5.829304e-07   1.623242e-06   1.816000e+01 
6.417663e-01   7.202286e-02   7.089853e-06   7.846993e-06   5.409327e-07   1.633759e-06   1.830930e+01 
6.411294e-01   7.217485e-02   6.878759e-06   7.558099e-06   5.020621e-07   1.643549e-06   1.845910e+01 
6.404846e-01   7.232855e-02   6.679320e-06   7.283985e-06   4.660261e-07   1.652817e-06   1.860960e+01 
6.398343e-01   7.248371e-02   6.490844e-06   7.023747e-06   4.326346e-07   1.661088e-06   1.876070e+01 
6.391768e-01   7.264053e-02   6.313423e-06   6.776681e-06   4.016857e-07   1.669171e-06   1.891240e+01 
6.385135e-01   7.279876e-02   6.146201e-06   6.541917e-06   3.729958e-07   1.676954e-06   1.906470e+01 
6.378425e-01   7.295865e-02   5.988878e-06   6.318623e-06   3.463948e-07   1.684291e-06   1.921760e+01 
6.371652e-01   7.312002e-02   5.841430e-06   6.106135e-06   3.217137e-07   1.692010e-06   1.937120e+01 
6.364795e-01   7.328284e-02   5.702761e-06   5.903904e-06   2.988395e-07   1.699442e-06   1.952530e+01 
6.357874e-01   7.344698e-02   5.572438e-06   5.711133e-06   2.776246e-07   1.706563e-06   1.968000e+01 
6.350855e-01   7.361274e-02   5.449665e-06   5.527227e-06   2.579338e-07   1.713685e-06   1.983540e+01 
6.343765e-01   7.377974e-02   5.332972e-06   5.351514e-06   2.396685e-07   1.719744e-06   1.999140e+01 
6.336586e-01   7.394833e-02   5.222473e-06   5.183596e-06   2.227235e-07   1.725139e-06   2.014800e+01 
6.329345e-01   7.411809e-02   5.117691e-06   5.023168e-06   2.070117e-07   1.730060e-06   2.030510e+01 
6.322005e-01   7.428968e-02   5.017866e-06   4.869344e-06   1.924141e-07   1.733917e-06   2.046300e+01 
6.314612e-01   7.446253e-02   4.924149e-06   4.722260e-06   1.788791e-07   1.737716e-06   2.062140e+01 
6.307125e-01   7.463698e-02   4.835736e-06   4.581414e-06   1.663189e-07   1.741354e-06   2.078040e+01 
6.299576e-01   7.481274e-02   4.752184e-06   4.446310e-06   1.546648e-07   1.744316e-06   2.094000e+01 
6.291930e-01   7.499025e-02   4.673897e-06   4.316741e-06   1.438444e-07   1.747427e-06   2.110030e+01 
6.284221e-01   7.516887e-02   4.599563e-06   4.192402e-06   1.338113e-07   1.749997e-06   2.126110e+01 
6.276413e-01   7.534925e-02   4.528939e-06   4.072754e-06   1.244961e-07   1.751729e-06   2.142260e+01 
6.268545e-01   7.553094e-02   4.462631e-06   3.957843e-06   1.158549e-07   1.753517e-06   2.158470e+01 
6.260576e-01   7.571422e-02   4.399337e-06   3.847223e-06   1.078378e-07   1.754572e-06   2.174740e+01 
6.252552e-01   7.589884e-02   4.339579e-06   3.740668e-06   1.004018e-07   1.755043e-06   2.191070e+01 
6.244432e-01   7.608516e-02   4.283775e-06   3.638174e-06   9.350444e-08   1.755745e-06   2.207460e+01 
6.236248e-01   7.627267e-02   4.230499e-06   3.539284e-06   8.710829e-08   1.755692e-06   2.223910e+01 
6.227970e-01   7.646195e-02   4.180583e-06   3.443881e-06   8.117694e-08   1.755295e-06   2.240420e+01 
6.219627e-01   7.665257e-02   4.134086e-06   3.351900e-06   7.567549e-08   1.755138e-06   2.257000e+01 
6.211184e-01   7.684470e-02   4.089580e-06   3.262991e-06   7.057851e-08   1.754128e-06   2.273630e+01 
6.202682e-01   7.703824e-02   4.048201e-06   3.177038e-06   6.585301e-08   1.752933e-06   2.290330e+01 
6.194073e-01   7.723343e-02   4.009744e-06   3.094060e-06   6.147462e-08   1.751932e-06   2.307090e+01 
6.185401e-01   7.742974e-02   3.972723e-06   3.013610e-06   5.742012e-08   1.749958e-06   2.323910e+01 
6.176634e-01   7.762772e-02   3.938623e-06   2.935812e-06   5.366801e-08   1.747912e-06   2.340780e+01 
6.167794e-01   7.782702e-02   3.906817e-06   2.860457e-06   5.019199e-08   1.745918e-06   2.357730e+01 
6.158848e-01   7.802786e-02   3.875964e-06   2.787263e-06   4.697778e-08   1.742863e-06   2.374730e+01 
6.149852e-01   7.822995e-02   3.847755e-06   2.716326e-06   4.400671e-08   1.739788e-06   2.391790e+01 
6.140742e-01   7.843368e-02   3.821515e-06   2.647570e-06   4.126067e-08   1.736719e-06   2.408910e+01 
6.131569e-01   7.863861e-02   3.796139e-06   2.580588e-06   3.872397e-08   1.732680e-06   2.426100e+01 
6.122292e-01   7.884539e-02   3.773815e-06   2.515638e-06   3.638273e-08   1.728935e-06   2.443350e+01 
6.112956e-01   7.905300e-02   3.753818e-06   2.452687e-06   3.422585e-08   1.725480e-06   2.460650e+01 
6.103491e-01   7.926233e-02   3.734808e-06   2.391272e-06   3.223723e-08   1.721226e-06   2.478020e+01 
6.093970e-01   7.947270e-02   3.718856e-06   2.331651e-06   3.040818e-08   1.717356e-06   2.495450e+01 
6.084310e-01   7.968450e-02   3.704807e-06   2.273724e-06   2.872612e-08   1.713685e-06   2.512940e+01 
6.074579e-01   7.989706e-02   3.690897e-06   2.217061e-06   2.718200e-08   1.708898e-06   2.530490e+01 
6.064722e-01   8.011128e-02   3.679422e-06   2.161924e-06   2.576482e-08   1.704286e-06   2.548100e+01 
6.054781e-01   8.032624e-02   3.669066e-06   2.108181e-06   2.446638e-08   1.699572e-06   2.565780e+01 
6.044708e-01   8.054258e-02   3.658064e-06   2.055483e-06   2.327861e-08   1.693501e-06   2.583510e+01 
6.034579e-01   8.075999e-02   3.648835e-06   2.004062e-06   2.219392e-08   1.687368e-06   2.601310e+01 
6.024309e-01   8.097890e-02   3.640047e-06   1.953875e-06   2.120347e-08   1.680968e-06   2.619170e+01 
6.013994e-01   8.119850e-02   3.629414e-06   1.904511e-06   2.030118e-08   1.672867e-06   2.637080e+01 
6.003565e-01   8.142028e-02   3.619895e-06   1.856228e-06   1.947670e-08   1.664495e-06   2.655060e+01 
5.993099e-01   8.164299e-02   3.611314e-06   1.809128e-06   1.872482e-08   1.656159e-06   2.673100e+01 
5.982514e-01   8.186761e-02   3.602096e-06   1.762838e-06   1.803758e-08   1.646766e-06   2.691200e+01 
5.971910e-01   8.209359e-02   3.595650e-06   1.717680e-06   1.741106e-08   1.637805e-06   2.709370e+01 
5.961177e-01   8.232119e-02   3.591968e-06   1.673780e-06   1.683955e-08   1.629693e-06   2.727590e+01 
5.950394e-01   8.254937e-02   3.587611e-06   1.630603e-06   1.632032e-08   1.620598e-06   2.745870e+01 
5.939477e-01   8.277960e-02   3.584991e-06   1.588309e-06   1.584777e-08   1.611463e-06   2.764220e+01 
5.928508e-01   8.301035e-02   3.584291e-06   1.547095e-06   1.542039e-08   1.602823e-06   2.782630e+01 
5.917386e-01   8.324240e-02   3.581946e-06   1.506460e-06   1.503318e-08   1.592916e-06   2.801090e+01 
5.906230e-01   8.347539e-02   3.580366e-06   1.466554e-06   1.468447e-08   1.582570e-06   2.819620e+01 
5.894923e-01   8.371004e-02   3.581330e-06   1.427696e-06   1.436952e-08   1.572951e-06   2.838210e+01 
5.883560e-01   8.394491e-02   3.580850e-06   1.389407e-06   1.408733e-08   1.562283e-06   2.856860e+01 
5.872057e-01   8.418164e-02   3.580577e-06   1.351719e-06   1.383346e-08   1.550954e-06   2.875570e+01 
5.860514e-01   8.441902e-02   3.583151e-06   1.315019e-06   1.360723e-08   1.540400e-06   2.894350e+01 
5.848797e-01   8.465755e-02   3.584808e-06   1.278912e-06   1.340466e-08   1.529129e-06   2.913180e+01 
5.837048e-01   8.489669e-02   3.585498e-06   1.243236e-06   1.322551e-08   1.516777e-06   2.932080e+01 
5.825154e-01   8.513752e-02   3.589250e-06   1.208493e-06   1.306613e-08   1.505198e-06   2.951030e+01 
5.813198e-01   8.537839e-02   3.592748e-06   1.174375e-06   1.292660e-08   1.493262e-06   2.970050e+01 
5.801075e-01   8.562084e-02   3.594391e-06   1.140567e-06   1.280362e-08   1.479978e-06   2.989130e+01 
5.788943e-01   8.586384e-02   3.598721e-06   1.107585e-06   1.269790e-08   1.467228e-06   3.008270e+01 
5.776616e-01   8.610805e-02   3.604146e-06   1.075336e-06   1.260620e-08   1.454684e-06   3.027470e+01 
5.764254e-01   8.635220e-02   3.606796e-06   1.043349e-06   1.252961e-08   1.440600e-06   3.046730e+01 
5.751737e-01   8.659833e-02   3.611370e-06   1.012034e-06   1.246519e-08   1.426683e-06   3.066050e+01 
5.739179e-01   8.684440e-02   3.618115e-06   9.815401e-07   1.241403e-08   1.413367e-06   3.085440e+01 
5.726420e-01   8.709147e-02   3.622186e-06   9.513214e-07   1.237323e-08   1.398698e-06   3.104880e+01 
5.713662e-01   8.733905e-02   3.626451e-06   9.215706e-07   1.234401e-08   1.383546e-06   3.124390e+01 
5.700718e-01   8.758800e-02   3.634090e-06   8.926814e-07   1.232322e-08   1.369345e-06   3.143950e+01 
5.687723e-01   8.783636e-02   3.639821e-06   8.641298e-07   1.231194e-08   1.354175e-06   3.163580e+01 
5.674550e-01   8.808650e-02   3.644192e-06   8.358705e-07   1.230707e-08   1.338028e-06   3.183270e+01 
5.661376e-01   8.833659e-02   3.651667e-06   8.083952e-07   1.230963e-08   1.322618e-06   3.203020e+01 
5.647972e-01   8.858762e-02   3.659343e-06   7.814467e-07   1.231645e-08   1.307033e-06   3.222830e+01 
5.634562e-01   8.883825e-02   3.664027e-06   7.547228e-07   1.232874e-08   1.290096e-06   3.242700e+01 
5.620952e-01   8.909074e-02   3.670630e-06   7.285728e-07   1.234361e-08   1.273329e-06   3.262640e+01 
5.607345e-01   8.934256e-02   3.679587e-06   7.031772e-07   1.236242e-08   1.257154e-06   3.282630e+01 
5.593479e-01   8.959523e-02   3.685626e-06   6.780085e-07   1.238261e-08   1.239794e-06   3.302690e+01 
5.579647e-01   8.984758e-02   3.690817e-06   6.531760e-07   1.240602e-08   1.221648e-06   3.322800e+01 
5.565610e-01   9.010190e-02   3.700344e-06   6.291780e-07   1.243036e-08   1.204656e-06   3.342980e+01 
5.551520e-01   9.035432e-02   3.708032e-06   6.055636e-07   1.245743e-08   1.186970e-06   3.363220e+01 
5.537211e-01   9.060828e-02   3.712718e-06   5.820593e-07   1.248536e-08   1.167813e-06   3.383520e+01 
5.522977e-01   9.086250e-02   3.721110e-06   5.593540e-07   1.251596e-08   1.149604e-06   3.403880e+01 
5.508421e-01   9.111648e-02   3.730494e-06   5.372145e-07   1.254698e-08   1.131539e-06   3.424300e+01 
5.493892e-01   9.136975e-02   3.735771e-06   5.151476e-07   1.258086e-08   1.111804e-06   3.444790e+01 
5.479171e-01   9.162513e-02   3.742445e-06   4.936584e-07   1.261513e-08   1.092284e-06   3.465330e+01 
5.464419e-01   9.187847e-02   3.751978e-06   4.728370e-07   1.265185e-08   1.073350e-06   3.485940e+01 
5.449416e-01   9.213285e-02   3.759437e-06   4.522888e-07   1.268845e-08   1.053506e-06   3.506600e+01 
5.434462e-01   9.238644e-02   3.764544e-06   4.320659e-07   1.272691e-08   1.032863e-06   3.527330e+01 
5.419217e-01   9.264076e-02   3.772910e-06   4.124440e-07   1.276413e-08   1.012713e-06   3.548120e+01 
5.404049e-01   9.289424e-02   3.782044e-06   3.933646e-07   1.280261e-08   9.926242e-07   3.568970e+01 
5.388535e-01   9.314751e-02   3.787748e-06   3.745228e-07   1.283874e-08   9.714735e-07   3.589880e+01 
5.373109e-01   9.339983e-02   3.793759e-06   3.560767e-07   1.287601e-08   9.499560e-07   3.610850e+01 
5.357443e-01   9.365420e-02   3.802852e-06   3.383283e-07   1.290995e-08   9.291532e-07   3.631880e+01 
5.341727e-01   9.390485e-02   3.810383e-06   3.209838e-07   1.294483e-08   9.078487e-07   3.652980e+01 
5.325744e-01   9.415682e-02   3.815283e-06   3.038306e-07   1.297630e-08   8.854420e-07   3.674130e+01 
5.309906e-01   9.440864e-02   3.821786e-06   2.872655e-07   1.300987e-08   8.633312e-07   3.695350e+01 
5.293670e-01   9.465943e-02   3.831387e-06   2.713519e-07   1.303982e-08   8.418436e-07   3.716620e+01 
5.277500e-01   9.490799e-02   3.836966e-06   2.556213e-07   1.307413e-08   8.190863e-07   3.737960e+01 
5.261043e-01   9.515820e-02   3.841088e-06   2.402325e-07   1.310491e-08   7.957333e-07   3.759360e+01 
5.244707e-01   9.540673e-02   3.849799e-06   2.255601e-07   1.314217e-08   7.732907e-07   3.780820e+01 
5.227950e-01   9.565433e-02   3.857006e-06   2.112871e-07   1.317446e-08   7.503899e-07   3.802340e+01 
5.211289e-01   9.589926e-02   3.861091e-06   1.972566e-07   1.321535e-08   7.264627e-07   3.823920e+01 
5.194371e-01   9.614721e-02   3.866892e-06   1.837770e-07   1.324831e-08   7.027463e-07   3.845570e+01 
5.177510e-01   9.639099e-02   3.873595e-06   1.708785e-07   1.329055e-08   6.792365e-07   3.867270e+01 
5.160192e-01   9.663374e-02   3.880448e-06   1.583829e-07   1.332073e-08   6.554207e-07   3.889040e+01 
5.143133e-01   9.687633e-02   3.883752e-06   1.462112e-07   1.336433e-08   6.307401e-07   3.910870e+01 
5.125629e-01   9.711801e-02   3.887998e-06   1.345920e-07   1.339126e-08   6.061982e-07   3.932750e+01 
5.108263e-01   9.735666e-02   3.896378e-06   1.235620e-07   1.343656e-08   5.822340e-07   3.954700e+01 
5.090484e-01   9.759562e-02   3.899759e-06   1.128339e-07   1.345974e-08   5.571917e-07   3.976710e+01 
5.072849e-01   9.783096e-02   3.901943e-06   1.025255e-07   1.350592e-08   5.317470e-07   3.998780e+01 
5.054860e-01   9.806810e-02   3.908646e-06   9.283120e-08   1.352493e-08   5.069891e-07   4.020910e+01 
5.036994e-01   9.830094e-02   3.912957e-06   8.357391e-08   1.357266e-08   4.817416e-07   4.043110e+01 
5.018608e-01   9.853193e-02   3.915577e-06   7.470754e-08   1.358811e-08   4.559824e-07   4.065360e+01 
5.000533e-01   9.876201e-02   3.919288e-06   6.633152e-08   1.363949e-08   4.302205e-07   4.087680e+01 
4.981983e-01   9.899180e-02   3.922772e-06   5.847791e-08   1.365061e-08   4.044178e-07   4.110050e+01 
4.963584e-01   9.921645e-02   3.926178e-06   5.111427e-08   1.370391e-08   3.784728e-07   4.132490e+01 
4.944653e-01   9.944004e-02   3.928939e-06   4.420896e-08   1.370716e-08   3.522901e-07   4.154990e+01 
4.926074e-01   9.966216e-02   3.930818e-06   3.776801e-08   1.375757e-08   3.258219e-07   4.177550e+01 
4.906971e-01   9.988388e-02   3.932543e-06   3.185763e-08   1.374798e-08   2.993241e-07   4.200170e+01 
4.888017e-01   1.000988e-01   3.936268e-06   2.646341e-08   1.378975e-08   2.729763e-07   4.222850e+01 
4.868560e-01   1.003141e-01   3.936702e-06   2.149878e-08   1.376869e-08   2.460249e-07   4.245590e+01 
4.849437e-01   1.005263e-01   3.937247e-06   1.704781e-08   1.379815e-08   2.189838e-07   4.268400e+01 
4.829758e-01   1.007382e-01   3.939977e-06   1.315274e-08   1.377194e-08   1.922780e-07   4.291260e+01 
4.810303e-01   1.009434e-01   3.938998e-06   9.722411e-09   1.378737e-08   1.649141e-07   4.314190e+01 
4.790213e-01   1.011465e-01   3.939394e-06   6.809864e-09   1.377603e-08   1.376784e-07   4.337180e+01 
4.770530e-01   1.013486e-01   3.941938e-06   4.420976e-09   1.377247e-08   1.105695e-07   4.360220e+01 
4.750652e-01   1.015501e-01   3.938435e-06   2.524672e-09   1.381103e-08   8.270373e-08   4.383330e+01 
4.729432e-01   1.017391e-01   3.938087e-06   1.178700e-09   1.373134e-08   5.514261e-08   4.406500e+01 
4.712465e-01   1.019332e-01   3.939074e-06   3.211520e-10   1.390086e-08   2.769529e-08   4.429740e+01 
4.684484e-01   1.020776e-01   3.936989e-06   -3.816392e-17   1.367747e-08   -2.081668e-17   4.453030e+01 
