% The data presented here were obtained from a direct numerical simulation of a turbulent 
% boundary layer developing under a pressure gradient. All the data shown here are 
% not normalized. Please refer to the references below for rmore detailed information.
 
 
% We compute the boundary layer thickness using the method of Griffin et al. (2021). 
% The pressure-gradient parameters of beta_{ZS} and beta_i are computed as follows. 
% beta_{ZS}=(delta)/(rho U_{ZS}^2)(dp_e/dx) and beta_i = (nu/rho u_tau^3)(d p_w/dx) 
% where $delta$ is the boundary layer thickness, $U_{ZS}$ is the Zagorola-Smits velocity, 
% $p_e$ and $p_w$ are the pressure at the edge of boundary layer and wall, respectively. 
 
 
% Please check this report for rmore detailed information about the data: 
% Gungor, T. R., Gungor, A. G.., Maciel, Y. (2024). Datasets of  
% three non-equilibrium pressure gradient turbulent boundary layers.  
 
 
% Please cite this paper when referencing the data: 
% Gungor, A. G., Maciel, Y., Simens, M. P., & Soria, J. (2016).  
% Scaling  and statistics of large-defect adverse pressure gradient turbulent
% boundary layers. International Journal of Heat and Fluid Flow, 59, 109-124.  
 
  
% ========================================================================================= 
% 	 	 	************ Position 7 of DNS16 ************ 
% ========================================================================================= 

% 	 Re_tau = 1.996543e+02 
% 	 Re_theta=3.578146e+03 
% 	 utau=5.839537e-03 
% 	 U_e=6.739875e-01 
% 	 theta=1.516835e+00 
% 	 delta_star=4.554791e+00 
% 	 delta=9.768600e+00 
%  	 x_pos=9.045267e+01 
% 	 H=3.002826e+00 
% 	 C_f=1.477963e-04 
% 	 nu=2.857143e-04 
% 	 beta_RC=8.273724e+01 
% 	 beta_i=1.188053e+00 
% 	 beta_ZS=9.090632e-02 
 
% ========================================================================================================== 
% 	 U   	   V   	   u2   	   v2   	   w2   	   uv   	   y        
% ========================================================================================================= 
2.551277e-04   7.268444e-08   1.707093e-06   8.936099e-11   1.670693e-06   -1.205242e-09   2.100000e-03 
5.847593e-04   3.552077e-07   8.302888e-06   2.085769e-09   8.108890e-06   -1.307405e-08   4.700000e-03 
1.028048e-03   1.009219e-06   2.310023e-05   1.644571e-08   2.247789e-05   -6.552734e-08   8.000000e-03 
1.591627e-03   2.180481e-06   4.857226e-05   7.448089e-08   4.697913e-05   -2.194642e-07   1.190000e-02 
2.292033e-03   4.027703e-06   8.707406e-05   2.450335e-07   8.348062e-05   -5.786238e-07   1.640000e-02 
3.147137e-03   6.709886e-06   1.403895e-04   6.515823e-07   1.329594e-04   -1.298645e-06   2.150000e-02 
4.190403e-03   1.045473e-05   2.109662e-04   1.503649e-06   1.965605e-04   -2.611313e-06   2.730000e-02 
5.396520e-03   1.529113e-05   2.967294e-04   3.035215e-06   2.710086e-04   -4.708699e-06   3.360000e-02 
6.807646e-03   2.153622e-05   3.998753e-04   5.623466e-06   3.566236e-04   -7.893190e-06   4.060000e-02 
8.379543e-03   2.918452e-05   5.161219e-04   9.559203e-06   4.483193e-04   -1.226393e-05   4.810000e-02 
1.014154e-02   3.862508e-05   6.464281e-04   1.532633e-05   5.455318e-04   -1.804974e-05   5.630000e-02 
1.205290e-02   4.995636e-05   7.865378e-04   2.323843e-05   6.440320e-04   -2.521609e-05   6.510000e-02 
1.408823e-02   6.336781e-05   9.333819e-04   3.360003e-05   7.411505e-04   -3.369082e-05   7.450000e-02 
1.621971e-02   7.902306e-05   1.083813e-03   4.663979e-05   8.347229e-04   -4.333622e-05   8.450000e-02 
1.841942e-02   9.704049e-05   1.234836e-03   6.249834e-05   9.231817e-04   -5.397941e-05   9.510000e-02 
2.066126e-02   1.174874e-04   1.383791e-03   8.122689e-05   1.005555e-03   -6.544329e-05   1.063000e-01 
2.292223e-02   1.403921e-04   1.528463e-03   1.027948e-04   1.081397e-03   -7.756922e-05   1.181000e-01 
2.520074e-02   1.659791e-04   1.668197e-03   1.273052e-04   1.151204e-03   -9.033230e-05   1.306000e-01 
2.744466e-02   1.938664e-04   1.799516e-03   1.542145e-04   1.214122e-03   -1.034357e-04   1.436000e-01 
2.967636e-02   2.245375e-04   1.923633e-03   1.837471e-04   1.271525e-03   -1.170145e-04   1.573000e-01 
3.186905e-02   2.578577e-04   2.039086e-03   2.154879e-04   1.323372e-03   -1.309151e-04   1.716000e-01 
3.401622e-02   2.938943e-04   2.145803e-03   2.492183e-04   1.370141e-03   -1.450850e-04   1.865000e-01 
3.611342e-02   3.326727e-04   2.243974e-03   2.847254e-04   1.412293e-03   -1.594643e-04   2.020000e-01 
3.815803e-02   3.741591e-04   2.334027e-03   3.218065e-04   1.450278e-03   -1.739954e-04   2.181000e-01 
4.014907e-02   4.182596e-04   2.416533e-03   3.602658e-04   1.484517e-03   -1.886318e-04   2.348000e-01 
4.208710e-02   4.648452e-04   2.492146e-03   3.999067e-04   1.515414e-03   -2.033299e-04   2.521000e-01 
4.398422e-02   5.140796e-04   2.562024e-03   4.407452e-04   1.543589e-03   -2.181259e-04   2.701000e-01 
4.582180e-02   5.653219e-04   2.626261e-03   4.820974e-04   1.569297e-03   -2.328370e-04   2.886000e-01 
4.762198e-02   6.189406e-04   2.686321e-03   5.241633e-04   1.593412e-03   -2.476564e-04   3.078000e-01 
4.937655e-02   6.742959e-04   2.742485e-03   5.664752e-04   1.616348e-03   -2.625777e-04   3.276000e-01 
5.108768e-02   7.309321e-04   2.795352e-03   6.088242e-04   1.638572e-03   -2.776769e-04   3.480000e-01 
5.275813e-02   7.885511e-04   2.845480e-03   6.510380e-04   1.660506e-03   -2.930128e-04   3.690000e-01 
5.439165e-02   8.472738e-04   2.893259e-03   6.929858e-04   1.682560e-03   -3.086234e-04   3.906000e-01 
5.599261e-02   9.077074e-04   2.938827e-03   7.345682e-04   1.704973e-03   -3.244987e-04   4.128000e-01 
5.756478e-02   9.706414e-04   2.982165e-03   7.756965e-04   1.727796e-03   -3.405702e-04   4.356000e-01 
5.911708e-02   1.036997e-03   3.023456e-03   8.164538e-04   1.751246e-03   -3.567907e-04   4.591000e-01 
6.063872e-02   1.106685e-03   3.062552e-03   8.564370e-04   1.775332e-03   -3.728756e-04   4.831000e-01 
6.214627e-02   1.180572e-03   3.100394e-03   8.959507e-04   1.800288e-03   -3.888214e-04   5.078000e-01 
6.363183e-02   1.258337e-03   3.137559e-03   9.346642e-04   1.825465e-03   -4.044574e-04   5.330000e-01 
6.511004e-02   1.340916e-03   3.174951e-03   9.728701e-04   1.850263e-03   -4.199025e-04   5.589000e-01 
6.657660e-02   1.427935e-03   3.212429e-03   1.010413e-03   1.873946e-03   -4.350162e-04   5.854000e-01 
6.803405e-02   1.519532e-03   3.249559e-03   1.047369e-03   1.896361e-03   -4.497216e-04   6.125000e-01 
6.948737e-02   1.616741e-03   3.285894e-03   1.083791e-03   1.918176e-03   -4.641246e-04   6.402000e-01 
7.094789e-02   1.721373e-03   3.321736e-03   1.119790e-03   1.940486e-03   -4.786068e-04   6.686000e-01 
7.240824e-02   1.833516e-03   3.357814e-03   1.155075e-03   1.963965e-03   -4.934042e-04   6.975000e-01 
7.387323e-02   1.953507e-03   3.395157e-03   1.189743e-03   1.989344e-03   -5.087599e-04   7.270000e-01 
7.534759e-02   2.081530e-03   3.434345e-03   1.223882e-03   2.016903e-03   -5.247639e-04   7.572000e-01 
7.682878e-02   2.217298e-03   3.476012e-03   1.257307e-03   2.046338e-03   -5.413281e-04   7.880000e-01 
7.832259e-02   2.360905e-03   3.521038e-03   1.289943e-03   2.077178e-03   -5.583731e-04   8.194000e-01 
7.982956e-02   2.512268e-03   3.569326e-03   1.321706e-03   2.108590e-03   -5.755811e-04   8.513000e-01 
8.136284e-02   2.672079e-03   3.620699e-03   1.352771e-03   2.140873e-03   -5.927381e-04   8.839000e-01 
8.292616e-02   2.838323e-03   3.675009e-03   1.383090e-03   2.174410e-03   -6.099540e-04   9.172000e-01 
8.450962e-02   3.008539e-03   3.731934e-03   1.412593e-03   2.208089e-03   -6.273660e-04   9.510000e-01 
8.611785e-02   3.183750e-03   3.791181e-03   1.441522e-03   2.241184e-03   -6.449736e-04   9.854000e-01 
8.776354e-02   3.364834e-03   3.853324e-03   1.470139e-03   2.273290e-03   -6.627980e-04   1.020500e+00 
8.944422e-02   3.548948e-03   3.918116e-03   1.498463e-03   2.304253e-03   -6.806833e-04   1.056100e+00 
9.116889e-02   3.734466e-03   3.983996e-03   1.526940e-03   2.335771e-03   -6.988539e-04   1.092400e+00 
9.292743e-02   3.918820e-03   4.047903e-03   1.555568e-03   2.368888e-03   -7.173640e-04   1.129200e+00 
9.473604e-02   4.104764e-03   4.109265e-03   1.584483e-03   2.404377e-03   -7.358909e-04   1.166700e+00 
9.659794e-02   4.291410e-03   4.170805e-03   1.613283e-03   2.442256e-03   -7.541358e-04   1.204800e+00 
9.851025e-02   4.476168e-03   4.236470e-03   1.641626e-03   2.482479e-03   -7.724852e-04   1.243500e+00 
1.004726e-01   4.660792e-03   4.306985e-03   1.669484e-03   2.524921e-03   -7.906301e-04   1.282900e+00 
1.024775e-01   4.849439e-03   4.380933e-03   1.697408e-03   2.568014e-03   -8.078887e-04   1.322800e+00 
1.045304e-01   5.045993e-03   4.455551e-03   1.726220e-03   2.608454e-03   -8.244652e-04   1.363300e+00 
1.066337e-01   5.250742e-03   4.528404e-03   1.756118e-03   2.643624e-03   -8.409722e-04   1.404500e+00 
1.087767e-01   5.460817e-03   4.599421e-03   1.786893e-03   2.675349e-03   -8.581198e-04   1.446200e+00 
1.109673e-01   5.678031e-03   4.668869e-03   1.818662e-03   2.705834e-03   -8.760797e-04   1.488600e+00 
1.131952e-01   5.901564e-03   4.736798e-03   1.851283e-03   2.737408e-03   -8.944026e-04   1.531600e+00 
1.154650e-01   6.128651e-03   4.805238e-03   1.884940e-03   2.772889e-03   -9.137867e-04   1.575200e+00 
1.177972e-01   6.361288e-03   4.876467e-03   1.919548e-03   2.813898e-03   -9.343020e-04   1.619400e+00 
1.202060e-01   6.601059e-03   4.951977e-03   1.954774e-03   2.857998e-03   -9.557083e-04   1.664200e+00 
1.226840e-01   6.846123e-03   5.027870e-03   1.990184e-03   2.901980e-03   -9.783886e-04   1.709600e+00 
1.252289e-01   7.097558e-03   5.102139e-03   2.025196e-03   2.947091e-03   -1.002573e-03   1.755700e+00 
1.278274e-01   7.350338e-03   5.173677e-03   2.058937e-03   2.992535e-03   -1.028015e-03   1.802300e+00 
1.304873e-01   7.603191e-03   5.240936e-03   2.091300e-03   3.036394e-03   -1.053830e-03   1.849600e+00 
1.331974e-01   7.861373e-03   5.306579e-03   2.122123e-03   3.081772e-03   -1.078518e-03   1.897500e+00 
1.359478e-01   8.126929e-03   5.372309e-03   2.151120e-03   3.131707e-03   -1.101650e-03   1.945900e+00 
1.387545e-01   8.401002e-03   5.437414e-03   2.178557e-03   3.182994e-03   -1.123655e-03   1.995000e+00 
1.416182e-01   8.684684e-03   5.502575e-03   2.204605e-03   3.232913e-03   -1.146187e-03   2.044700e+00 
1.445445e-01   8.977609e-03   5.565180e-03   2.229626e-03   3.283866e-03   -1.169814e-03   2.095000e+00 
1.475585e-01   9.277109e-03   5.625340e-03   2.254956e-03   3.334990e-03   -1.194853e-03   2.146000e+00 
1.506657e-01   9.585282e-03   5.688662e-03   2.282672e-03   3.385368e-03   -1.220294e-03   2.197500e+00 
1.538656e-01   9.904419e-03   5.760217e-03   2.312998e-03   3.438912e-03   -1.244607e-03   2.249600e+00 
1.571519e-01   1.023263e-02   5.842429e-03   2.345568e-03   3.496183e-03   -1.268186e-03   2.302400e+00 
1.604994e-01   1.055828e-02   5.930174e-03   2.378155e-03   3.555873e-03   -1.291690e-03   2.355800e+00 
1.638838e-01   1.087345e-02   6.016166e-03   2.409411e-03   3.617484e-03   -1.315522e-03   2.409700e+00 
1.673391e-01   1.118623e-02   6.103596e-03   2.440345e-03   3.674844e-03   -1.339216e-03   2.464300e+00 
1.708945e-01   1.151234e-02   6.186737e-03   2.471759e-03   3.727718e-03   -1.361360e-03   2.519500e+00 
1.745618e-01   1.185851e-02   6.257709e-03   2.503481e-03   3.782589e-03   -1.380525e-03   2.575300e+00 
1.783706e-01   1.222276e-02   6.326238e-03   2.534741e-03   3.840563e-03   -1.399779e-03   2.631800e+00 
1.822999e-01   1.259971e-02   6.398653e-03   2.564751e-03   3.901485e-03   -1.420318e-03   2.688800e+00 
1.863045e-01   1.299535e-02   6.465281e-03   2.594253e-03   3.962180e-03   -1.440399e-03   2.746400e+00 
1.903931e-01   1.341270e-02   6.524484e-03   2.623721e-03   4.023580e-03   -1.460823e-03   2.804700e+00 
1.945509e-01   1.384856e-02   6.574684e-03   2.652611e-03   4.085219e-03   -1.481076e-03   2.863500e+00 
1.987716e-01   1.429674e-02   6.619143e-03   2.679067e-03   4.139915e-03   -1.500342e-03   2.923000e+00 
2.030607e-01   1.474852e-02   6.659388e-03   2.704196e-03   4.185792e-03   -1.520335e-03   2.983100e+00 
2.074632e-01   1.521006e-02   6.701669e-03   2.729951e-03   4.231593e-03   -1.540726e-03   3.043800e+00 
2.120001e-01   1.568792e-02   6.751622e-03   2.756211e-03   4.282056e-03   -1.560037e-03   3.105100e+00 
2.166647e-01   1.617864e-02   6.802253e-03   2.780357e-03   4.329515e-03   -1.578042e-03   3.167000e+00 
2.214027e-01   1.667986e-02   6.865735e-03   2.803742e-03   4.373360e-03   -1.596721e-03   3.229500e+00 
2.261932e-01   1.718248e-02   6.943576e-03   2.825654e-03   4.415684e-03   -1.613870e-03   3.292700e+00 
2.310763e-01   1.770584e-02   7.013772e-03   2.848396e-03   4.454329e-03   -1.629599e-03   3.356400e+00 
2.360988e-01   1.825597e-02   7.067390e-03   2.872333e-03   4.492182e-03   -1.646059e-03   3.420800e+00 
2.412603e-01   1.883177e-02   7.115150e-03   2.897704e-03   4.535040e-03   -1.664258e-03   3.485800e+00 
2.465340e-01   1.942568e-02   7.176902e-03   2.921423e-03   4.588804e-03   -1.680725e-03   3.551300e+00 
2.518528e-01   2.002490e-02   7.252440e-03   2.942288e-03   4.640790e-03   -1.695788e-03   3.617500e+00 
2.571627e-01   2.061260e-02   7.328081e-03   2.957180e-03   4.688675e-03   -1.708546e-03   3.684300e+00 
2.625471e-01   2.121451e-02   7.391387e-03   2.972790e-03   4.720191e-03   -1.717240e-03   3.751700e+00 
2.680335e-01   2.182256e-02   7.446445e-03   2.990843e-03   4.740668e-03   -1.726476e-03   3.819800e+00 
2.736216e-01   2.244100e-02   7.490592e-03   3.011265e-03   4.765845e-03   -1.736513e-03   3.888400e+00 
2.793714e-01   2.309041e-02   7.535410e-03   3.032272e-03   4.796961e-03   -1.742795e-03   3.957700e+00 
2.851770e-01   2.375114e-02   7.588616e-03   3.049135e-03   4.824215e-03   -1.746225e-03   4.027500e+00 
2.909831e-01   2.441103e-02   7.637330e-03   3.059829e-03   4.841757e-03   -1.750324e-03   4.098000e+00 
2.968469e-01   2.508318e-02   7.677721e-03   3.066415e-03   4.864487e-03   -1.756914e-03   4.169100e+00 
3.027725e-01   2.576434e-02   7.714182e-03   3.073213e-03   4.884886e-03   -1.763561e-03   4.240700e+00 
3.087774e-01   2.646545e-02   7.743778e-03   3.083239e-03   4.895017e-03   -1.767404e-03   4.313000e+00 
3.148533e-01   2.717723e-02   7.763926e-03   3.094072e-03   4.897527e-03   -1.770769e-03   4.385900e+00 
3.210629e-01   2.790897e-02   7.768587e-03   3.104248e-03   4.901385e-03   -1.775418e-03   4.459500e+00 
3.274752e-01   2.865844e-02   7.765465e-03   3.110630e-03   4.906656e-03   -1.780720e-03   4.533600e+00 
3.339423e-01   2.940708e-02   7.771322e-03   3.108787e-03   4.914476e-03   -1.785594e-03   4.608300e+00 
3.403653e-01   3.013639e-02   7.796606e-03   3.104962e-03   4.918397e-03   -1.789354e-03   4.683700e+00 
3.467710e-01   3.086440e-02   7.829819e-03   3.104263e-03   4.920597e-03   -1.794868e-03   4.759700e+00 
3.531926e-01   3.161057e-02   7.835037e-03   3.107125e-03   4.919178e-03   -1.799550e-03   4.836200e+00 
3.597380e-01   3.237584e-02   7.810917e-03   3.107679e-03   4.915716e-03   -1.801238e-03   4.913400e+00 
3.664359e-01   3.316748e-02   7.787317e-03   3.104202e-03   4.908151e-03   -1.797416e-03   4.991200e+00 
3.731647e-01   3.397660e-02   7.763884e-03   3.096184e-03   4.893299e-03   -1.789042e-03   5.069600e+00 
3.798868e-01   3.479778e-02   7.722783e-03   3.085350e-03   4.863516e-03   -1.778533e-03   5.148600e+00 
3.865899e-01   3.562332e-02   7.672376e-03   3.068005e-03   4.823222e-03   -1.768110e-03   5.228300e+00 
3.932534e-01   3.644099e-02   7.628907e-03   3.040092e-03   4.783117e-03   -1.757910e-03   5.308500e+00 
3.999935e-01   3.726757e-02   7.587633e-03   3.006014e-03   4.746458e-03   -1.746547e-03   5.389400e+00 
4.068344e-01   3.811225e-02   7.541477e-03   2.970526e-03   4.720054e-03   -1.734166e-03   5.470800e+00 
4.138374e-01   3.897459e-02   7.489953e-03   2.934753e-03   4.689546e-03   -1.721541e-03   5.552900e+00 
4.208497e-01   3.983707e-02   7.438590e-03   2.896851e-03   4.649224e-03   -1.705636e-03   5.635600e+00 
4.278246e-01   4.069505e-02   7.383738e-03   2.856686e-03   4.598834e-03   -1.687534e-03   5.718900e+00 
4.348107e-01   4.155970e-02   7.315900e-03   2.819173e-03   4.542187e-03   -1.669794e-03   5.802800e+00 
4.418246e-01   4.243137e-02   7.245846e-03   2.783584e-03   4.487629e-03   -1.651895e-03   5.887300e+00 
4.488863e-01   4.331118e-02   7.170907e-03   2.746091e-03   4.431038e-03   -1.635149e-03   5.972400e+00 
4.559352e-01   4.418873e-02   7.085744e-03   2.703288e-03   4.363040e-03   -1.620163e-03   6.058100e+00 
4.630327e-01   4.508347e-02   6.988398e-03   2.660793e-03   4.270833e-03   -1.601292e-03   6.144500e+00 
4.702061e-01   4.600347e-02   6.870443e-03   2.613865e-03   4.163562e-03   -1.578258e-03   6.231400e+00 
4.773702e-01   4.692746e-02   6.757401e-03   2.556515e-03   4.052206e-03   -1.550482e-03   6.319000e+00 
4.844786e-01   4.785181e-02   6.650134e-03   2.495324e-03   3.948867e-03   -1.516897e-03   6.407200e+00 
4.915812e-01   4.878485e-02   6.516065e-03   2.434234e-03   3.849494e-03   -1.485829e-03   6.496000e+00 
4.986667e-01   4.971923e-02   6.381256e-03   2.374883e-03   3.750653e-03   -1.455720e-03   6.585400e+00 
5.056908e-01   5.065776e-02   6.245628e-03   2.311419e-03   3.657467e-03   -1.422202e-03   6.675400e+00 
5.126421e-01   5.159375e-02   6.111813e-03   2.243714e-03   3.564024e-03   -1.384364e-03   6.766000e+00 
5.196170e-01   5.253767e-02   5.979726e-03   2.176911e-03   3.458472e-03   -1.344152e-03   6.857200e+00 
5.266168e-01   5.349605e-02   5.838951e-03   2.115136e-03   3.346169e-03   -1.300812e-03   6.949100e+00 
5.335745e-01   5.445518e-02   5.674062e-03   2.055697e-03   3.235429e-03   -1.257468e-03   7.041500e+00 
5.405079e-01   5.542097e-02   5.483164e-03   1.997163e-03   3.119933e-03   -1.213870e-03   7.134600e+00 
5.473934e-01   5.638944e-02   5.284525e-03   1.937786e-03   2.998395e-03   -1.168574e-03   7.228300e+00 
5.542482e-01   5.735807e-02   5.096478e-03   1.874036e-03   2.876294e-03   -1.121218e-03   7.322600e+00 
5.610421e-01   5.832657e-02   4.910849e-03   1.806395e-03   2.752116e-03   -1.072850e-03   7.417500e+00 
5.677464e-01   5.929307e-02   4.706837e-03   1.736808e-03   2.625770e-03   -1.025393e-03   7.513000e+00 
5.744594e-01   6.026575e-02   4.493258e-03   1.666213e-03   2.492297e-03   -9.744968e-04   7.609100e+00 
5.811999e-01   6.124878e-02   4.267876e-03   1.593088e-03   2.344841e-03   -9.211736e-04   7.705800e+00 
5.878388e-01   6.221969e-02   4.044418e-03   1.517433e-03   2.198593e-03   -8.681496e-04   7.803200e+00 
5.943015e-01   6.316207e-02   3.839466e-03   1.438348e-03   2.052853e-03   -8.160449e-04   7.901100e+00 
6.006344e-01   6.409064e-02   3.631722e-03   1.361512e-03   1.911964e-03   -7.635509e-04   7.999700e+00 
6.068172e-01   6.500334e-02   3.411937e-03   1.288673e-03   1.780706e-03   -7.125387e-04   8.098800e+00 
6.128922e-01   6.590933e-02   3.187727e-03   1.219713e-03   1.646766e-03   -6.612929e-04   8.198600e+00 
6.188611e-01   6.680448e-02   2.957249e-03   1.153607e-03   1.512048e-03   -6.110384e-04   8.299000e+00 
6.246334e-01   6.767438e-02   2.719017e-03   1.088166e-03   1.386471e-03   -5.641841e-04   8.400000e+00 
6.301872e-01   6.852301e-02   2.488882e-03   1.023927e-03   1.265578e-03   -5.178957e-04   8.501600e+00 
6.355211e-01   6.934520e-02   2.267166e-03   9.595464e-04   1.148838e-03   -4.731352e-04   8.603900e+00 
6.406242e-01   7.014413e-02   2.042121e-03   8.959086e-04   1.037144e-03   -4.305304e-04   8.706700e+00 
6.454736e-01   7.092002e-02   1.819754e-03   8.335804e-04   9.269505e-04   -3.875687e-04   8.810100e+00 
6.500163e-01   7.165996e-02   1.606448e-03   7.710908e-04   8.180755e-04   -3.456359e-04   8.914200e+00 
6.542634e-01   7.236642e-02   1.402361e-03   7.098592e-04   7.157661e-04   -3.056915e-04   9.018900e+00 
6.582175e-01   7.303947e-02   1.210721e-03   6.513236e-04   6.222739e-04   -2.673555e-04   9.124100e+00 
6.618238e-01   7.367126e-02   1.034479e-03   5.954023e-04   5.350400e-04   -2.308088e-04   9.230000e+00 
6.650399e-01   7.425559e-02   8.720473e-04   5.405829e-04   4.539419e-04   -1.966778e-04   9.336500e+00 
6.678516e-01   7.478826e-02   7.272453e-04   4.878245e-04   3.826179e-04   -1.657901e-04   9.443600e+00 
6.702494e-01   7.526445e-02   6.033241e-04   4.376777e-04   3.216118e-04   -1.392320e-04   9.551400e+00 
6.722791e-01   7.569203e-02   4.977702e-04   3.910957e-04   2.678330e-04   -1.160959e-04   9.659700e+00 
6.739875e-01   7.607835e-02   4.088343e-04   3.485131e-04   2.216361e-04   -9.569308e-05   9.768600e+00 
6.754027e-01   7.642798e-02   3.339306e-04   3.096491e-04   1.837584e-04   -7.751152e-05   9.878200e+00 
6.765593e-01   7.674555e-02   2.719182e-04   2.739010e-04   1.515504e-04   -6.171164e-05   9.988400e+00 
6.774765e-01   7.703149e-02   2.226568e-04   2.410321e-04   1.240757e-04   -4.854513e-05   1.009910e+01 
6.781784e-01   7.729033e-02   1.822800e-04   2.112212e-04   1.005091e-04   -3.756513e-05   1.021050e+01 
6.786864e-01   7.752559e-02   1.492597e-04   1.848093e-04   8.091855e-05   -2.848001e-05   1.032250e+01 
6.790258e-01   7.773968e-02   1.233737e-04   1.617018e-04   6.527950e-05   -2.126253e-05   1.043510e+01 
6.792238e-01   7.793561e-02   1.045143e-04   1.410911e-04   5.318426e-05   -1.560909e-05   1.054840e+01 
6.793000e-01   7.811656e-02   9.024819e-05   1.230059e-04   4.351489e-05   -1.124868e-05   1.066220e+01 
6.792794e-01   7.828692e-02   7.844821e-05   1.075364e-04   3.564907e-05   -7.894235e-06   1.077660e+01 
6.791759e-01   7.844846e-02   6.886747e-05   9.420753e-05   2.938008e-05   -5.495993e-06   1.089170e+01 
6.790044e-01   7.860281e-02   6.074867e-05   8.287907e-05   2.417610e-05   -3.770821e-06   1.100730e+01 
6.787817e-01   7.875306e-02   5.398968e-05   7.345795e-05   2.004597e-05   -2.119451e-06   1.112360e+01 
6.785129e-01   7.889886e-02   4.855299e-05   6.541340e-05   1.705554e-05   -8.259518e-07   1.124050e+01 
6.782025e-01   7.904061e-02   4.391730e-05   5.851603e-05   1.473599e-05   -1.253259e-07   1.135800e+01 
6.778655e-01   7.918064e-02   3.996742e-05   5.266010e-05   1.290551e-05   2.531443e-07   1.147610e+01 
6.775134e-01   7.932072e-02   3.655504e-05   4.765864e-05   1.144366e-05   5.019239e-07   1.159480e+01 
6.771527e-01   7.946151e-02   3.349373e-05   4.335375e-05   1.019275e-05   6.558141e-07   1.171410e+01 
6.767872e-01   7.960363e-02   3.072525e-05   3.961883e-05   9.099458e-06   7.240735e-07   1.183410e+01 
6.764227e-01   7.974741e-02   2.825167e-05   3.635681e-05   8.182908e-06   7.401130e-07   1.195460e+01 
6.760617e-01   7.989368e-02   2.605550e-05   3.348106e-05   7.408477e-06   7.499221e-07   1.207580e+01 
6.757069e-01   8.004233e-02   2.411234e-05   3.092218e-05   6.713388e-06   7.564737e-07   1.219750e+01 
6.753567e-01   8.019360e-02   2.236939e-05   2.862681e-05   6.081411e-06   7.589888e-07   1.231990e+01 
6.750111e-01   8.034720e-02   2.077903e-05   2.656393e-05   5.528885e-06   7.551376e-07   1.244290e+01 
6.746686e-01   8.050309e-02   1.933187e-05   2.470799e-05   5.050470e-06   7.494867e-07   1.256650e+01 
6.743287e-01   8.066111e-02   1.803427e-05   2.303417e-05   4.627615e-06   7.516802e-07   1.269070e+01 
6.739891e-01   8.082129e-02   1.686470e-05   2.151619e-05   4.246713e-06   7.609248e-07   1.281560e+01 
6.736493e-01   8.098310e-02   1.580429e-05   2.013542e-05   3.902865e-06   7.742922e-07   1.294100e+01 
6.733068e-01   8.114654e-02   1.483850e-05   1.887367e-05   3.591689e-06   7.893821e-07   1.306700e+01 
6.729611e-01   8.131156e-02   1.395499e-05   1.771661e-05   3.309023e-06   8.056189e-07   1.319370e+01 
6.726105e-01   8.147796e-02   1.314416e-05   1.665374e-05   3.051800e-06   8.219827e-07   1.332100e+01 
6.722556e-01   8.164548e-02   1.239814e-05   1.567583e-05   2.817432e-06   8.377094e-07   1.344880e+01 
6.718943e-01   8.181440e-02   1.170872e-05   1.477299e-05   2.603168e-06   8.529876e-07   1.357730e+01 
6.715278e-01   8.198447e-02   1.107059e-05   1.393840e-05   2.407125e-06   8.668508e-07   1.370640e+01 
6.711548e-01   8.215578e-02   1.047904e-05   1.316576e-05   2.227481e-06   8.798365e-07   1.383610e+01 
6.707761e-01   8.232819e-02   9.929552e-06   1.244934e-05   2.062637e-06   8.916917e-07   1.396640e+01 
6.703905e-01   8.250197e-02   9.418250e-06   1.178357e-05   1.911077e-06   9.023144e-07   1.409740e+01 
6.699995e-01   8.267674e-02   8.942688e-06   1.116521e-05   1.771781e-06   9.123887e-07   1.422890e+01 
6.696014e-01   8.285286e-02   8.499065e-06   1.058912e-05   1.643421e-06   9.212777e-07   1.436110e+01 
6.691982e-01   8.302999e-02   8.085725e-06   1.005275e-05   1.525206e-06   9.296466e-07   1.449380e+01 
6.687875e-01   8.320846e-02   7.699375e-06   9.552057e-06   1.416063e-06   9.373930e-07   1.462720e+01 
6.683713e-01   8.338806e-02   7.338306e-06   9.084438e-06   1.315296e-06   9.442344e-07   1.476120e+01 
6.679481e-01   8.356891e-02   7.000637e-06   8.647463e-06   1.222183e-06   9.509291e-07   1.489580e+01 
6.675191e-01   8.375085e-02   6.684303e-06   8.238532e-06   1.136082e-06   9.567145e-07   1.503100e+01 
6.670833e-01   8.393408e-02   6.388066e-06   7.855607e-06   1.056409e-06   9.621579e-07   1.516680e+01 
6.666416e-01   8.411838e-02   6.110186e-06   7.496725e-06   9.826366e-07   9.672778e-07   1.530320e+01 
6.661924e-01   8.430410e-02   5.849188e-06   7.159705e-06   9.142392e-07   9.715889e-07   1.544030e+01 
6.657381e-01   8.449080e-02   5.604503e-06   6.843613e-06   8.508842e-07   9.759503e-07   1.557790e+01 
6.652758e-01   8.467887e-02   5.374213e-06   6.546296e-06   7.920810e-07   9.796507e-07   1.571620e+01 
6.648086e-01   8.486796e-02   5.158054e-06   6.266878e-06   7.375589e-07   9.830227e-07   1.585500e+01 
6.643334e-01   8.505843e-02   4.954611e-06   6.003796e-06   6.869073e-07   9.864096e-07   1.599450e+01 
6.638525e-01   8.524999e-02   4.762968e-06   5.755862e-06   6.398700e-07   9.890196e-07   1.613460e+01 
6.633644e-01   8.544287e-02   4.582788e-06   5.522261e-06   5.961710e-07   9.917562e-07   1.627530e+01 
6.628702e-01   8.563679e-02   4.412785e-06   5.301861e-06   5.555587e-07   9.940802e-07   1.641660e+01 
6.623684e-01   8.583218e-02   4.252422e-06   5.093569e-06   5.177769e-07   9.958821e-07   1.655860e+01 
6.618613e-01   8.602852e-02   4.101416e-06   4.897051e-06   4.826686e-07   9.978735e-07   1.670110e+01 
6.613464e-01   8.622614e-02   3.958521e-06   4.711121e-06   4.500077e-07   9.991034e-07   1.684420e+01 
6.608261e-01   8.642506e-02   3.823753e-06   4.535120e-06   4.195989e-07   1.000267e-06   1.698800e+01 
6.602979e-01   8.662528e-02   3.696360e-06   4.368550e-06   3.912980e-07   1.001378e-06   1.713240e+01 
6.597649e-01   8.682647e-02   3.575902e-06   4.210702e-06   3.649717e-07   1.001801e-06   1.727730e+01 
6.592241e-01   8.702921e-02   3.462496e-06   4.061106e-06   3.404425e-07   1.002658e-06   1.742290e+01 
6.586774e-01   8.723295e-02   3.355216e-06   3.919147e-06   3.176012e-07   1.003233e-06   1.756910e+01 
6.581232e-01   8.743810e-02   3.254292e-06   3.784369e-06   2.963274e-07   1.003746e-06   1.771590e+01 
6.575627e-01   8.764437e-02   3.159539e-06   3.656452e-06   2.765000e-07   1.004936e-06   1.786340e+01 
6.569932e-01   8.785171e-02   3.070016e-06   3.534825e-06   2.580418e-07   1.005696e-06   1.801140e+01 
6.564180e-01   8.806002e-02   2.986076e-06   3.419207e-06   2.408467e-07   1.006799e-06   1.816000e+01 
6.558321e-01   8.826956e-02   2.906617e-06   3.309117e-06   2.248147e-07   1.007979e-06   1.830930e+01 
6.552400e-01   8.847981e-02   2.831002e-06   3.204087e-06   2.098871e-07   1.008326e-06   1.845910e+01 
6.546382e-01   8.869147e-02   2.759640e-06   3.103981e-06   1.959670e-07   1.008931e-06   1.860960e+01 
6.540295e-01   8.890389e-02   2.691396e-06   3.008353e-06   1.829951e-07   1.008945e-06   1.876070e+01 
6.534120e-01   8.911767e-02   2.626676e-06   2.916934e-06   1.709052e-07   1.008487e-06   1.891240e+01 
6.527886e-01   8.933235e-02   2.565935e-06   2.829777e-06   1.596386e-07   1.008583e-06   1.906470e+01 
6.521551e-01   8.954821e-02   2.507986e-06   2.746310e-06   1.491371e-07   1.008086e-06   1.921760e+01 
6.515159e-01   8.976519e-02   2.453634e-06   2.666450e-06   1.393448e-07   1.007740e-06   1.937120e+01 
6.508666e-01   8.998317e-02   2.402444e-06   2.590171e-06   1.302242e-07   1.007729e-06   1.952530e+01 
6.502107e-01   9.020190e-02   2.353305e-06   2.516863e-06   1.217245e-07   1.006857e-06   1.968000e+01 
6.495451e-01   9.042215e-02   2.307312e-06   2.446655e-06   1.137984e-07   1.006342e-06   1.983540e+01 
6.488725e-01   9.064302e-02   2.263430e-06   2.379289e-06   1.064130e-07   1.005659e-06   1.999140e+01 
6.481901e-01   9.086523e-02   2.221413e-06   2.314422e-06   9.953100e-08   1.004255e-06   2.014800e+01 
6.475028e-01   9.108816e-02   2.182440e-06   2.252344e-06   9.312392e-08   1.003479e-06   2.030510e+01 
6.468032e-01   9.131248e-02   2.144928e-06   2.192487e-06   8.714668e-08   1.002244e-06   2.046300e+01 
6.460992e-01   9.153754e-02   2.109420e-06   2.134847e-06   8.158366e-08   1.000642e-06   2.062140e+01 
6.453846e-01   9.176389e-02   2.076597e-06   2.079572e-06   7.640215e-08   9.997199e-07   2.078040e+01 
6.446631e-01   9.199078e-02   2.044731e-06   2.026139e-06   7.157778e-08   9.980558e-07   2.094000e+01 
6.439317e-01   9.221927e-02   2.014952e-06   1.974599e-06   6.708355e-08   9.963818e-07   2.110030e+01 
6.431942e-01   9.244819e-02   1.987390e-06   1.925100e-06   6.290405e-08   9.952510e-07   2.126110e+01 
6.424446e-01   9.267839e-02   1.960396e-06   1.877044e-06   5.901196e-08   9.932163e-07   2.142260e+01 
6.416903e-01   9.290942e-02   1.935630e-06   1.830724e-06   5.539290e-08   9.914990e-07   2.158470e+01 
6.409235e-01   9.314152e-02   1.912471e-06   1.786066e-06   5.202726e-08   9.900591e-07   2.174740e+01 
6.401507e-01   9.337414e-02   1.889637e-06   1.742599e-06   4.889976e-08   9.876326e-07   2.191070e+01 
6.393676e-01   9.360823e-02   1.869099e-06   1.700712e-06   4.599382e-08   9.857905e-07   2.207460e+01 
6.385771e-01   9.384259e-02   1.849486e-06   1.660155e-06   4.329593e-08   9.838581e-07   2.223910e+01 
6.377755e-01   9.407829e-02   1.830158e-06   1.620599e-06   4.079148e-08   9.810202e-07   2.240420e+01 
6.369687e-01   9.431482e-02   1.813249e-06   1.582466e-06   3.846821e-08   9.789854e-07   2.257000e+01 
6.361489e-01   9.455217e-02   1.797055e-06   1.545455e-06   3.631529e-08   9.767504e-07   2.273630e+01 
6.353235e-01   9.479021e-02   1.781547e-06   1.509338e-06   3.432071e-08   9.739479e-07   2.290330e+01 
6.344860e-01   9.502955e-02   1.768704e-06   1.474562e-06   3.247442e-08   9.721905e-07   2.307090e+01 
6.336400e-01   9.526878e-02   1.756193e-06   1.440665e-06   3.076791e-08   9.700282e-07   2.323910e+01 
6.327820e-01   9.550914e-02   1.744417e-06   1.407570e-06   2.919182e-08   9.674099e-07   2.340780e+01 
6.319162e-01   9.574995e-02   1.735008e-06   1.375618e-06   2.773596e-08   9.657392e-07   2.357730e+01 
6.310344e-01   9.599124e-02   1.725319e-06   1.344324e-06   2.639295e-08   9.633334e-07   2.374730e+01 
6.301473e-01   9.623285e-02   1.716194e-06   1.313685e-06   2.515571e-08   9.604387e-07   2.391790e+01 
6.292458e-01   9.647550e-02   1.709250e-06   1.284090e-06   2.401580e-08   9.584321e-07   2.408910e+01 
6.283350e-01   9.671795e-02   1.701464e-06   1.254932e-06   2.296690e-08   9.554084e-07   2.426100e+01 
6.274122e-01   9.696185e-02   1.694018e-06   1.226314e-06   2.200192e-08   9.518841e-07   2.443350e+01 
6.264843e-01   9.720573e-02   1.688101e-06   1.198606e-06   2.111562e-08   9.489854e-07   2.460650e+01 
6.255411e-01   9.745072e-02   1.680655e-06   1.171145e-06   2.029872e-08   9.447924e-07   2.478020e+01 
6.245968e-01   9.769650e-02   1.673649e-06   1.144199e-06   1.954726e-08   9.402582e-07   2.495450e+01 
6.236401e-01   9.794374e-02   1.668839e-06   1.118163e-06   1.885443e-08   9.367450e-07   2.512940e+01 
6.226777e-01   9.819088e-02   1.663199e-06   1.092447e-06   1.821693e-08   9.323741e-07   2.530490e+01 
6.217045e-01   9.843981e-02   1.658668e-06   1.067262e-06   1.762987e-08   9.280294e-07   2.548100e+01 
6.207253e-01   9.868876e-02   1.656383e-06   1.042920e-06   1.709083e-08   9.246946e-07   2.565780e+01 
6.197291e-01   9.893822e-02   1.652728e-06   1.018769e-06   1.659571e-08   9.202483e-07   2.583510e+01 
6.187299e-01   9.918814e-02   1.649486e-06   9.950048e-07   1.614263e-08   9.154877e-07   2.601310e+01 
6.177146e-01   9.943907e-02   1.648339e-06   9.720270e-07   1.572738e-08   9.116599e-07   2.619170e+01 
6.166922e-01   9.968911e-02   1.645606e-06   9.492064e-07   1.534859e-08   9.066987e-07   2.637080e+01 
6.156565e-01   9.994093e-02   1.643232e-06   9.267255e-07   1.500205e-08   9.014320e-07   2.655060e+01 
6.146155e-01   1.001924e-01   1.643207e-06   9.050318e-07   1.468691e-08   8.972116e-07   2.673100e+01 
6.135552e-01   1.004443e-01   1.641638e-06   8.834471e-07   1.439925e-08   8.919343e-07   2.691200e+01 
6.124927e-01   1.006966e-01   1.640069e-06   8.621241e-07   1.413867e-08   8.861912e-07   2.709370e+01 
6.114141e-01   1.009497e-01   1.641119e-06   8.415709e-07   1.390188e-08   8.815844e-07   2.727590e+01 
6.103271e-01   1.012017e-01   1.640617e-06   8.211309e-07   1.368819e-08   8.759965e-07   2.745870e+01 
6.092256e-01   1.014553e-01   1.639689e-06   8.008529e-07   1.349457e-08   8.697671e-07   2.764220e+01 
6.081200e-01   1.017085e-01   1.641469e-06   7.813152e-07   1.332100e-08   8.646676e-07   2.782630e+01 
6.069936e-01   1.019618e-01   1.642094e-06   7.619428e-07   1.316433e-08   8.588486e-07   2.801090e+01 
6.058646e-01   1.022150e-01   1.641611e-06   7.426344e-07   1.302490e-08   8.521097e-07   2.819620e+01 
6.047195e-01   1.024696e-01   1.644040e-06   7.240354e-07   1.290012e-08   8.465311e-07   2.838210e+01 
6.035654e-01   1.027224e-01   1.645777e-06   7.056644e-07   1.279017e-08   8.405092e-07   2.856860e+01 
6.023945e-01   1.029765e-01   1.645743e-06   6.872507e-07   1.269288e-08   8.333154e-07   2.875570e+01 
6.012221e-01   1.032304e-01   1.648460e-06   6.694740e-07   1.260892e-08   8.271410e-07   2.894350e+01 
6.000264e-01   1.034842e-01   1.651329e-06   6.520228e-07   1.253568e-08   8.209367e-07   2.913180e+01 
5.988269e-01   1.037371e-01   1.651711e-06   6.344357e-07   1.247397e-08   8.133174e-07   2.932080e+01 
5.976126e-01   1.039917e-01   1.654502e-06   6.174000e-07   1.242166e-08   8.065048e-07   2.951030e+01 
5.963899e-01   1.042444e-01   1.658400e-06   6.008059e-07   1.237901e-08   8.000841e-07   2.970050e+01 
5.951455e-01   1.044977e-01   1.659510e-06   5.840569e-07   1.234381e-08   7.922116e-07   2.989130e+01 
5.939030e-01   1.047507e-01   1.661984e-06   5.677065e-07   1.231707e-08   7.846517e-07   3.008270e+01 
5.926370e-01   1.050041e-01   1.666750e-06   5.519319e-07   1.229623e-08   7.779646e-07   3.027470e+01 
5.913641e-01   1.052553e-01   1.668692e-06   5.360437e-07   1.228216e-08   7.699229e-07   3.046730e+01 
5.900755e-01   1.055083e-01   1.670769e-06   5.203594e-07   1.227323e-08   7.616522e-07   3.066050e+01 
5.887829e-01   1.057600e-01   1.675893e-06   5.053215e-07   1.227024e-08   7.545156e-07   3.085440e+01 
5.874632e-01   1.060110e-01   1.679067e-06   4.902880e-07   1.227113e-08   7.464562e-07   3.104880e+01 
5.861449e-01   1.062615e-01   1.680744e-06   4.752580e-07   1.227737e-08   7.375378e-07   3.124390e+01 
5.848070e-01   1.065131e-01   1.685765e-06   4.608654e-07   1.228704e-08   7.297915e-07   3.143950e+01 
5.834596e-01   1.067616e-01   1.690201e-06   4.466480e-07   1.230081e-08   7.217144e-07   3.163580e+01 
5.820910e-01   1.070112e-01   1.691983e-06   4.323012e-07   1.231718e-08   7.123850e-07   3.183270e+01 
5.807254e-01   1.072600e-01   1.696159e-06   4.184480e-07   1.233726e-08   7.037889e-07   3.203020e+01 
5.793307e-01   1.075083e-01   1.701795e-06   4.049983e-07   1.235886e-08   6.956434e-07   3.222830e+01 
5.779323e-01   1.077541e-01   1.704181e-06   3.914032e-07   1.238320e-08   6.861319e-07   3.242700e+01 
5.765147e-01   1.080019e-01   1.707259e-06   3.780536e-07   1.240890e-08   6.766408e-07   3.262640e+01 
5.750959e-01   1.082472e-01   1.713323e-06   3.652929e-07   1.243686e-08   6.681529e-07   3.282630e+01 
5.736438e-01   1.084916e-01   1.717088e-06   3.525032e-07   1.246515e-08   6.587222e-07   3.302690e+01 
5.721971e-01   1.087348e-01   1.719134e-06   3.397260e-07   1.249552e-08   6.484654e-07   3.322800e+01 
5.707281e-01   1.089795e-01   1.724794e-06   3.275518e-07   1.252604e-08   6.393588e-07   3.342980e+01 
5.692491e-01   1.092197e-01   1.729970e-06   3.155858e-07   1.255758e-08   6.300317e-07   3.363220e+01 
5.677444e-01   1.094605e-01   1.731986e-06   3.034622e-07   1.258859e-08   6.193897e-07   3.383520e+01 
5.662499e-01   1.097010e-01   1.736206e-06   2.917931e-07   1.262083e-08   6.093844e-07   3.403880e+01 
5.647180e-01   1.099397e-01   1.742296e-06   2.805371e-07   1.265160e-08   5.999221e-07   3.424300e+01 
5.631837e-01   1.101751e-01   1.745334e-06   2.691691e-07   1.268300e-08   5.892569e-07   3.444790e+01 
5.616314e-01   1.104130e-01   1.748107e-06   2.580002e-07   1.271290e-08   5.783997e-07   3.465330e+01 
5.600746e-01   1.106470e-01   1.753759e-06   2.473324e-07   1.274323e-08   5.683577e-07   3.485940e+01 
5.584857e-01   1.108803e-01   1.758733e-06   2.368260e-07   1.277118e-08   5.579697e-07   3.506600e+01 
5.569006e-01   1.111112e-01   1.760707e-06   2.263043e-07   1.279981e-08   5.465867e-07   3.527330e+01 
5.552855e-01   1.113425e-01   1.764779e-06   2.161523e-07   1.282619e-08   5.356508e-07   3.548120e+01 
5.536772e-01   1.115714e-01   1.770843e-06   2.064206e-07   1.285393e-08   5.252645e-07   3.568970e+01 
5.520244e-01   1.117975e-01   1.773667e-06   1.966442e-07   1.287869e-08   5.138492e-07   3.589880e+01 
5.503821e-01   1.120218e-01   1.776093e-06   1.869717e-07   1.290632e-08   5.020478e-07   3.610850e+01 
5.487199e-01   1.122491e-01   1.781614e-06   1.777990e-07   1.293121e-08   4.911212e-07   3.631880e+01 
5.470378e-01   1.124676e-01   1.786108e-06   1.687894e-07   1.295867e-08   4.798562e-07   3.652980e+01 
5.453285e-01   1.126871e-01   1.788405e-06   1.597511e-07   1.298304e-08   4.676951e-07   3.674130e+01 
5.436426e-01   1.129076e-01   1.791615e-06   1.510641e-07   1.301198e-08   4.557940e-07   3.695350e+01 
5.419003e-01   1.131227e-01   1.797144e-06   1.428008e-07   1.303616e-08   4.444772e-07   3.716620e+01 
5.401648e-01   1.133342e-01   1.800623e-06   1.345658e-07   1.306656e-08   4.323934e-07   3.737960e+01 
5.384048e-01   1.135485e-01   1.801949e-06   1.264328e-07   1.309164e-08   4.196906e-07   3.759360e+01 
5.366462e-01   1.137574e-01   1.806616e-06   1.187712e-07   1.312534e-08   4.077663e-07   3.780820e+01 
5.348461e-01   1.139650e-01   1.811431e-06   1.113404e-07   1.315163e-08   3.957628e-07   3.802340e+01 
5.330519e-01   1.141679e-01   1.813044e-06   1.039468e-07   1.318803e-08   3.828805e-07   3.823920e+01 
5.312261e-01   1.143724e-01   1.815633e-06   9.684005e-08   1.321422e-08   3.701479e-07   3.845570e+01 
5.294101e-01   1.145724e-01   1.819797e-06   9.010943e-08   1.325202e-08   3.578029e-07   3.867270e+01 
5.275399e-01   1.147689e-01   1.823498e-06   8.358483e-08   1.327533e-08   3.452499e-07   3.889040e+01 
5.256889e-01   1.149627e-01   1.824633e-06   7.715626e-08   1.331483e-08   3.320035e-07   3.910870e+01 
5.237979e-01   1.151564e-01   1.826834e-06   7.103923e-08   1.333860e-08   3.189589e-07   3.932750e+01 
5.219187e-01   1.153456e-01   1.831675e-06   6.529969e-08   1.338445e-08   3.064414e-07   3.954700e+01 
5.199863e-01   1.155317e-01   1.832821e-06   5.964861e-08   1.341202e-08   2.930822e-07   3.976710e+01 
5.180633e-01   1.157118e-01   1.834326e-06   5.421832e-08   1.346469e-08   2.796433e-07   3.998780e+01 
5.161194e-01   1.158974e-01   1.837702e-06   4.912348e-08   1.349340e-08   2.665499e-07   4.020910e+01 
5.141704e-01   1.160733e-01   1.838940e-06   4.422994e-08   1.354610e-08   2.530319e-07   4.043110e+01 
5.121584e-01   1.162438e-01   1.841848e-06   3.960959e-08   1.356538e-08   2.397251e-07   4.065360e+01 
5.101932e-01   1.164170e-01   1.842925e-06   3.516328e-08   1.361296e-08   2.259671e-07   4.087680e+01 
5.081686e-01   1.165865e-01   1.843348e-06   3.098473e-08   1.362056e-08   2.121106e-07   4.110050e+01 
5.061520e-01   1.167479e-01   1.847353e-06   2.715388e-08   1.366088e-08   1.988492e-07   4.132490e+01 
5.040833e-01   1.169079e-01   1.847239e-06   2.345749e-08   1.365422e-08   1.847846e-07   4.154990e+01 
5.020396e-01   1.170638e-01   1.847760e-06   2.003786e-08   1.368161e-08   1.707396e-07   4.177550e+01 
4.999564e-01   1.172218e-01   1.850308e-06   1.696398e-08   1.365869e-08   1.570896e-07   4.200170e+01 
4.978703e-01   1.173679e-01   1.849710e-06   1.408033e-08   1.367462e-08   1.428357e-07   4.222850e+01 
4.957227e-01   1.175099e-01   1.850861e-06   1.148200e-08   1.364693e-08   1.288565e-07   4.245590e+01 
4.936286e-01   1.176557e-01   1.852525e-06   9.147389e-09   1.366156e-08   1.148684e-07   4.268400e+01 
4.914641e-01   1.177935e-01   1.850809e-06   7.046095e-09   1.364244e-08   1.003564e-07   4.291260e+01 
4.893076e-01   1.179246e-01   1.851437e-06   5.247949e-09   1.365481e-08   8.618175e-08   4.314190e+01 
4.870997e-01   1.180494e-01   1.852791e-06   3.724525e-09   1.365299e-08   7.213970e-08   4.337180e+01 
4.849206e-01   1.181782e-01   1.851780e-06   2.449925e-09   1.364531e-08   5.768091e-08   4.360220e+01 
4.827270e-01   1.182967e-01   1.850187e-06   1.436398e-09   1.367731e-08   4.313397e-08   4.383330e+01 
4.803788e-01   1.184077e-01   1.850452e-06   7.243066e-10   1.359431e-08   2.886804e-08   4.406500e+01 
4.784824e-01   1.185191e-01   1.850200e-06   2.192070e-10   1.372909e-08   1.448941e-08   4.429740e+01 
4.753160e-01   1.187576e-01   1.848964e-06   7.459311e-17   1.351048e-08   1.526557e-16   4.453030e+01 
