% The data presented here were obtained from a direct numerical simulation of a turbulent 
% boundary layer developing under a pressure gradient. All the data shown here are 
% not normalized. Please refer to the references below for rmore detailed information.
 
 
% We compute the boundary layer thickness using the method of Griffin et al. (2021). 
% The pressure-gradient parameters of beta_{ZS} and beta_i are computed as follows. 
% beta_{ZS}=(delta)/(rho U_{ZS}^2)(dp_e/dx) and beta_i = (nu/rho u_tau^3)(d p_w/dx) 
% where $delta$ is the boundary layer thickness, $U_{ZS}$ is the Zagorola-Smits velocity, 
% $p_e$ and $p_w$ are the pressure at the edge of boundary layer and wall, respectively. 
 
 
% Please check this report for rmore detailed information about the data: 
% Gungor, T. R., Gungor, A. G.., Maciel, Y. (2024). Datasets of  
% three non-equilibrium pressure gradient turbulent boundary layers.  
 
 
% Please cite this paper when referencing the data: 
% Gungor, A. G., Maciel, Y., Simens, M. P., & Soria, J. (2016).  
% Scaling  and statistics of large-defect adverse pressure gradient turbulent
% boundary layers. International Journal of Heat and Fluid Flow, 59, 109-124.  
 
  
% ========================================================================================= 
% 	 	 	************ Position 2 of DNS16 ************ 
% ========================================================================================= 

% 	 Re_tau = 4.518152e+02 
% 	 Re_theta=1.613929e+03 
% 	 utau=3.261744e-02 
% 	 U_e=8.650701e-01 
% 	 theta=5.330464e-01 
% 	 delta_star=8.531420e-01 
% 	 delta=3.957700e+00 
%  	 x_pos=3.649582e+01 
% 	 H=1.600502e+00 
% 	 C_f=2.787891e-03 
% 	 nu=2.857143e-04 
% 	 beta_RC=3.192042e+00 
% 	 beta_i=3.777275e-02 
% 	 beta_ZS=5.236959e-01 
 
% ========================================================================================================== 
% 	 U   	   V   	   u2   	   v2   	   w2   	   uv   	   y        
% ========================================================================================================= 
7.845394e-03   2.726760e-07   2.058255e-05   2.599977e-09   1.369481e-05   -4.612367e-08   2.100000e-03 
1.763610e-02   1.368490e-06   1.017505e-04   5.697971e-08   6.392296e-05   -5.242903e-07   4.700000e-03 
3.019381e-02   3.973312e-06   2.901035e-04   4.249261e-07   1.678475e-04   -2.666584e-06   8.000000e-03 
4.521505e-02   8.805678e-06   6.294867e-04   1.796106e-06   3.277444e-04   -8.980202e-06   1.190000e-02 
6.269560e-02   1.673026e-05   1.165650e-03   5.455597e-06   5.397558e-04   -2.352822e-05   1.640000e-02 
8.253434e-02   2.870293e-05   1.930305e-03   1.328438e-05   7.918550e-04   -5.154431e-05   2.150000e-02 
1.048449e-01   4.605369e-05   2.940379e-03   2.786742e-05   1.073412e-03   -9.900850e-05   2.730000e-02 
1.283993e-01   6.915877e-05   4.112029e-03   5.105970e-05   1.359286e-03   -1.672460e-04   3.360000e-02 
1.533208e-01   9.962772e-05   5.390324e-03   8.569450e-05   1.646629e-03   -2.579105e-04   4.060000e-02 
1.782025e-01   1.373213e-04   6.631026e-03   1.323484e-04   1.920007e-03   -3.645284e-04   4.810000e-02 
2.030290e-01   1.838112e-04   7.769644e-03   1.932005e-04   2.183261e-03   -4.836185e-04   5.630000e-02 
2.268857e-01   2.389960e-04   8.722904e-03   2.679496e-04   2.431196e-03   -6.067870e-04   6.510000e-02 
2.493667e-01   3.030251e-04   9.462699e-03   3.562264e-04   2.662939e-03   -7.279079e-04   7.450000e-02 
2.702375e-01   3.758771e-04   9.992300e-03   4.570616e-04   2.877532e-03   -8.425606e-04   8.450000e-02 
2.894120e-01   4.574433e-04   1.033480e-02   5.689445e-04   3.074006e-03   -9.482800e-04   9.510000e-02 
3.069129e-01   5.475882e-04   1.052209e-02   6.899405e-04   3.251653e-03   -1.044199e-03   1.063000e-01 
3.228303e-01   6.462152e-04   1.058740e-02   8.178270e-04   3.410099e-03   -1.130426e-03   1.181000e-01 
3.374009e-01   7.541374e-04   1.056138e-02   9.512683e-04   3.550872e-03   -1.208201e-03   1.306000e-01 
3.505380e-01   8.694546e-04   1.047107e-02   1.085756e-03   3.672942e-03   -1.277186e-03   1.436000e-01 
3.625957e-01   9.936590e-04   1.033624e-02   1.221145e-03   3.780188e-03   -1.339265e-03   1.573000e-01 
3.736179e-01   1.125642e-03   1.017384e-02   1.354301e-03   3.874127e-03   -1.394742e-03   1.716000e-01 
3.837446e-01   1.265170e-03   9.994814e-03   1.483425e-03   3.956323e-03   -1.444594e-03   1.865000e-01 
3.931003e-01   1.411988e-03   9.806599e-03   1.607027e-03   4.027677e-03   -1.489694e-03   2.020000e-01 
4.017941e-01   1.565996e-03   9.615348e-03   1.723955e-03   4.089151e-03   -1.530818e-03   2.181000e-01 
4.099162e-01   1.727167e-03   9.425899e-03   1.833506e-03   4.141677e-03   -1.568515e-03   2.348000e-01 
4.175442e-01   1.895445e-03   9.241656e-03   1.935486e-03   4.185745e-03   -1.603068e-03   2.521000e-01 
4.247892e-01   2.071952e-03   9.065284e-03   2.030348e-03   4.221710e-03   -1.634699e-03   2.701000e-01 
4.316378e-01   2.254831e-03   8.901372e-03   2.117086e-03   4.248426e-03   -1.663250e-03   2.886000e-01 
4.382234e-01   2.445545e-03   8.749503e-03   2.196829e-03   4.266794e-03   -1.689599e-03   3.078000e-01 
4.445605e-01   2.642148e-03   8.613828e-03   2.269250e-03   4.279314e-03   -1.714090e-03   3.276000e-01 
4.506874e-01   2.843806e-03   8.496120e-03   2.334541e-03   4.287465e-03   -1.737266e-03   3.480000e-01 
4.566297e-01   3.050551e-03   8.392967e-03   2.392923e-03   4.292385e-03   -1.759419e-03   3.690000e-01 
4.624180e-01   3.264259e-03   8.299004e-03   2.444879e-03   4.295765e-03   -1.780101e-03   3.906000e-01 
4.680847e-01   3.486598e-03   8.213257e-03   2.490826e-03   4.298185e-03   -1.798966e-03   4.128000e-01 
4.736538e-01   3.717776e-03   8.136594e-03   2.531223e-03   4.297757e-03   -1.816198e-03   4.356000e-01 
4.791635e-01   3.958528e-03   8.069583e-03   2.566677e-03   4.293959e-03   -1.832051e-03   4.591000e-01 
4.845871e-01   4.206552e-03   8.011497e-03   2.597474e-03   4.288499e-03   -1.846166e-03   4.831000e-01 
4.900011e-01   4.464169e-03   7.957959e-03   2.624637e-03   4.282045e-03   -1.858616e-03   5.078000e-01 
4.953874e-01   4.730208e-03   7.906090e-03   2.648446e-03   4.273649e-03   -1.869257e-03   5.330000e-01 
5.007963e-01   5.006743e-03   7.856115e-03   2.669092e-03   4.263774e-03   -1.878320e-03   5.589000e-01 
5.062086e-01   5.290785e-03   7.811026e-03   2.686150e-03   4.253082e-03   -1.886134e-03   5.854000e-01 
5.116242e-01   5.581574e-03   7.769821e-03   2.699455e-03   4.241700e-03   -1.893039e-03   6.125000e-01 
5.170435e-01   5.879731e-03   7.729064e-03   2.709162e-03   4.230475e-03   -1.898669e-03   6.402000e-01 
5.224967e-01   6.186159e-03   7.688663e-03   2.715710e-03   4.221413e-03   -1.903192e-03   6.686000e-01 
5.279460e-01   6.498836e-03   7.651721e-03   2.719708e-03   4.213079e-03   -1.906678e-03   6.975000e-01 
5.334002e-01   6.818951e-03   7.620850e-03   2.721666e-03   4.202856e-03   -1.908784e-03   7.270000e-01 
5.388810e-01   7.148177e-03   7.592048e-03   2.721557e-03   4.189459e-03   -1.909209e-03   7.572000e-01 
5.443845e-01   7.486858e-03   7.558934e-03   2.719454e-03   4.173610e-03   -1.907766e-03   7.880000e-01 
5.499090e-01   7.834909e-03   7.522278e-03   2.715662e-03   4.156907e-03   -1.904979e-03   8.194000e-01 
5.554266e-01   8.190099e-03   7.483736e-03   2.710210e-03   4.138439e-03   -1.900994e-03   8.513000e-01 
5.609634e-01   8.552945e-03   7.444102e-03   2.702762e-03   4.117827e-03   -1.896442e-03   8.839000e-01 
5.665277e-01   8.923843e-03   7.401849e-03   2.692898e-03   4.095494e-03   -1.890772e-03   9.172000e-01 
5.721049e-01   9.301684e-03   7.353228e-03   2.680691e-03   4.071759e-03   -1.883277e-03   9.510000e-01 
5.777115e-01   9.687758e-03   7.297001e-03   2.666664e-03   4.049255e-03   -1.874183e-03   9.854000e-01 
5.833626e-01   1.008391e-02   7.236315e-03   2.650651e-03   4.027698e-03   -1.863294e-03   1.020500e+00 
5.890186e-01   1.048843e-02   7.174493e-03   2.632969e-03   4.005417e-03   -1.850631e-03   1.056100e+00 
5.946913e-01   1.090154e-02   7.113419e-03   2.613898e-03   3.980964e-03   -1.836421e-03   1.092400e+00 
6.003556e-01   1.132021e-02   7.049979e-03   2.593897e-03   3.952624e-03   -1.820886e-03   1.129200e+00 
6.060565e-01   1.174629e-02   6.980318e-03   2.572921e-03   3.920539e-03   -1.804576e-03   1.166700e+00 
6.117753e-01   1.217585e-02   6.904143e-03   2.550342e-03   3.885748e-03   -1.788232e-03   1.204800e+00 
6.175085e-01   1.261014e-02   6.822566e-03   2.526324e-03   3.849370e-03   -1.771882e-03   1.243500e+00 
6.232786e-01   1.305334e-02   6.736883e-03   2.501347e-03   3.813482e-03   -1.754496e-03   1.282900e+00 
6.290590e-01   1.350454e-02   6.647554e-03   2.475967e-03   3.776921e-03   -1.735267e-03   1.322800e+00 
6.348578e-01   1.396421e-02   6.556283e-03   2.449963e-03   3.737382e-03   -1.714181e-03   1.363300e+00 
6.406836e-01   1.443319e-02   6.461638e-03   2.422724e-03   3.697724e-03   -1.691535e-03   1.404500e+00 
6.465055e-01   1.490915e-02   6.361621e-03   2.393422e-03   3.656900e-03   -1.667137e-03   1.446200e+00 
6.523512e-01   1.539284e-02   6.258301e-03   2.361489e-03   3.612874e-03   -1.641712e-03   1.488600e+00 
6.582141e-01   1.588271e-02   6.154404e-03   2.327084e-03   3.564698e-03   -1.615890e-03   1.531600e+00 
6.640891e-01   1.637938e-02   6.050131e-03   2.290466e-03   3.512633e-03   -1.588528e-03   1.575200e+00 
6.699606e-01   1.688158e-02   5.947238e-03   2.251960e-03   3.456317e-03   -1.559639e-03   1.619400e+00 
6.758308e-01   1.738779e-02   5.843408e-03   2.212193e-03   3.395801e-03   -1.530434e-03   1.664200e+00 
6.817072e-01   1.789912e-02   5.733620e-03   2.171507e-03   3.334323e-03   -1.500418e-03   1.709600e+00 
6.876080e-01   1.841736e-02   5.615633e-03   2.130167e-03   3.269690e-03   -1.469626e-03   1.755700e+00 
6.934928e-01   1.894128e-02   5.490827e-03   2.088228e-03   3.201290e-03   -1.438118e-03   1.802300e+00 
6.993631e-01   1.947340e-02   5.361848e-03   2.044642e-03   3.130332e-03   -1.404983e-03   1.849600e+00 
7.051996e-01   2.001111e-02   5.232845e-03   1.998911e-03   3.057520e-03   -1.370613e-03   1.897500e+00 
7.109989e-01   2.055210e-02   5.104371e-03   1.951061e-03   2.984056e-03   -1.335020e-03   1.945900e+00 
7.167825e-01   2.109600e-02   4.975392e-03   1.901564e-03   2.909230e-03   -1.298631e-03   1.995000e+00 
7.225279e-01   2.164037e-02   4.845630e-03   1.851964e-03   2.833445e-03   -1.262612e-03   2.044700e+00 
7.282427e-01   2.218898e-02   4.710574e-03   1.803459e-03   2.756231e-03   -1.225777e-03   2.095000e+00 
7.339443e-01   2.274342e-02   4.569689e-03   1.755019e-03   2.679223e-03   -1.188111e-03   2.146000e+00 
7.396218e-01   2.330123e-02   4.425735e-03   1.705867e-03   2.601297e-03   -1.149904e-03   2.197500e+00 
7.452995e-01   2.386368e-02   4.285427e-03   1.655847e-03   2.517541e-03   -1.110673e-03   2.249600e+00 
7.509769e-01   2.443175e-02   4.148327e-03   1.605116e-03   2.428375e-03   -1.070911e-03   2.302400e+00 
7.566324e-01   2.500467e-02   4.012480e-03   1.553991e-03   2.336279e-03   -1.030734e-03   2.355800e+00 
7.622274e-01   2.557884e-02   3.879966e-03   1.502151e-03   2.244211e-03   -9.909994e-04   2.409700e+00 
7.677401e-01   2.615562e-02   3.746378e-03   1.450056e-03   2.150928e-03   -9.522014e-04   2.464300e+00 
7.731547e-01   2.673350e-02   3.610636e-03   1.398664e-03   2.056338e-03   -9.136195e-04   2.519500e+00 
7.785032e-01   2.731249e-02   3.471300e-03   1.347539e-03   1.962239e-03   -8.746508e-04   2.575300e+00 
7.838053e-01   2.789568e-02   3.328072e-03   1.296243e-03   1.868204e-03   -8.350704e-04   2.631800e+00 
7.890369e-01   2.848029e-02   3.184780e-03   1.244502e-03   1.772999e-03   -7.944278e-04   2.688800e+00 
7.942118e-01   2.906705e-02   3.040110e-03   1.192674e-03   1.676446e-03   -7.528764e-04   2.746400e+00 
7.993154e-01   2.965499e-02   2.893750e-03   1.140764e-03   1.578300e-03   -7.113990e-04   2.804700e+00 
8.043074e-01   3.024045e-02   2.748047e-03   1.088290e-03   1.480574e-03   -6.700793e-04   2.863500e+00 
8.092081e-01   3.082687e-02   2.602667e-03   1.035602e-03   1.383571e-03   -6.285884e-04   2.923000e+00 
8.140003e-01   3.141272e-02   2.455491e-03   9.833546e-04   1.286909e-03   -5.874686e-04   2.983100e+00 
8.186835e-01   3.199834e-02   2.303566e-03   9.317990e-04   1.192444e-03   -5.463502e-04   3.043800e+00 
8.232595e-01   3.258430e-02   2.146413e-03   8.809406e-04   1.100340e-03   -5.051511e-04   3.105100e+00 
8.276982e-01   3.316675e-02   1.988825e-03   8.307927e-04   1.011257e-03   -4.646415e-04   3.167000e+00 
8.319819e-01   3.374472e-02   1.831544e-03   7.815867e-04   9.254267e-04   -4.246642e-04   3.229500e+00 
8.361186e-01   3.432009e-02   1.674595e-03   7.327664e-04   8.421403e-04   -3.852762e-04   3.292700e+00 
8.400683e-01   3.488802e-02   1.520788e-03   6.839226e-04   7.626578e-04   -3.473168e-04   3.356400e+00 
8.438180e-01   3.544949e-02   1.368967e-03   6.351511e-04   6.868561e-04   -3.110192e-04   3.420800e+00 
8.473442e-01   3.600314e-02   1.221694e-03   5.873221e-04   6.138696e-04   -2.767230e-04   3.485800e+00 
8.506158e-01   3.654539e-02   1.081679e-03   5.411385e-04   5.442303e-04   -2.448365e-04   3.551300e+00 
8.536401e-01   3.707698e-02   9.491550e-04   4.966993e-04   4.791028e-04   -2.154533e-04   3.617500e+00 
8.564225e-01   3.759788e-02   8.253990e-04   4.542166e-04   4.186458e-04   -1.882892e-04   3.684300e+00 
8.589656e-01   3.810855e-02   7.110782e-04   4.134963e-04   3.637973e-04   -1.629199e-04   3.751700e+00 
8.612630e-01   3.860919e-02   6.065518e-04   3.746297e-04   3.145801e-04   -1.395584e-04   3.819800e+00 
8.632915e-01   3.909729e-02   5.135379e-04   3.381609e-04   2.701015e-04   -1.185556e-04   3.888400e+00 
8.650701e-01   3.957534e-02   4.310714e-04   3.036861e-04   2.303283e-04   -9.968070e-05   3.957700e+00 
8.666215e-01   4.004384e-02   3.584841e-04   2.711509e-04   1.952458e-04   -8.269527e-05   4.027500e+00 
8.679541e-01   4.050349e-02   2.963143e-04   2.404576e-04   1.646986e-04   -6.787690e-05   4.098000e+00 
8.690716e-01   4.095336e-02   2.437259e-04   2.119064e-04   1.381224e-04   -5.523282e-05   4.169100e+00 
8.699991e-01   4.139439e-02   1.995090e-04   1.858459e-04   1.151281e-04   -4.452456e-05   4.240700e+00 
8.707670e-01   4.182959e-02   1.623084e-04   1.624468e-04   9.543471e-05   -3.546949e-05   4.313000e+00 
8.713942e-01   4.225932e-02   1.317308e-04   1.415983e-04   7.884420e-05   -2.795501e-05   4.385900e+00 
8.718967e-01   4.268499e-02   1.067873e-04   1.229713e-04   6.479311e-05   -2.179030e-05   4.459500e+00 
8.722883e-01   4.310623e-02   8.684776e-05   1.064452e-04   5.304405e-05   -1.684930e-05   4.533600e+00 
8.725895e-01   4.352481e-02   7.127060e-05   9.172883e-05   4.348784e-05   -1.302198e-05   4.608300e+00 
8.728189e-01   4.394254e-02   5.893797e-05   7.873779e-05   3.551599e-05   -1.002184e-05   4.683700e+00 
8.729874e-01   4.435948e-02   4.921501e-05   6.748371e-05   2.868609e-05   -7.689142e-06   4.759700e+00 
8.731114e-01   4.477612e-02   4.124441e-05   5.786502e-05   2.316393e-05   -5.910049e-06   4.836200e+00 
8.732097e-01   4.519486e-02   3.450840e-05   4.961706e-05   1.886632e-05   -4.487086e-06   4.913400e+00 
8.732919e-01   4.561574e-02   2.903126e-05   4.252876e-05   1.551391e-05   -3.394091e-06   4.991200e+00 
8.733638e-01   4.603909e-02   2.463548e-05   3.647045e-05   1.295472e-05   -2.601421e-06   5.069600e+00 
8.734302e-01   4.646530e-02   2.098771e-05   3.134230e-05   1.095770e-05   -1.998898e-06   5.148600e+00 
8.734913e-01   4.689497e-02   1.797951e-05   2.702942e-05   9.305939e-06   -1.569917e-06   5.228300e+00 
8.735449e-01   4.732694e-02   1.553971e-05   2.340739e-05   7.918383e-06   -1.273993e-06   5.308500e+00 
8.735886e-01   4.776219e-02   1.349958e-05   2.034571e-05   6.773257e-06   -1.041917e-06   5.389400e+00 
8.736180e-01   4.819945e-02   1.181030e-05   1.776918e-05   5.784869e-06   -8.320786e-07   5.470800e+00 
8.736289e-01   4.863956e-02   1.041977e-05   1.558324e-05   4.927434e-06   -6.104627e-07   5.552900e+00 
8.736169e-01   4.908168e-02   9.265740e-06   1.371403e-05   4.241529e-06   -4.275940e-07   5.635600e+00 
8.735791e-01   4.952562e-02   8.295848e-06   1.211616e-05   3.693806e-06   -3.188101e-07   5.718900e+00 
8.735157e-01   4.997140e-02   7.457148e-06   1.074841e-05   3.245055e-06   -2.528435e-07   5.802800e+00 
8.734291e-01   5.041917e-02   6.712878e-06   9.572704e-06   2.876706e-06   -1.948755e-07   5.887300e+00 
8.733220e-01   5.086908e-02   6.062078e-06   8.558684e-06   2.569114e-06   -1.456233e-07   5.972400e+00 
8.731980e-01   5.132131e-02   5.488968e-06   7.681655e-06   2.299574e-06   -1.113657e-07   6.058100e+00 
8.730609e-01   5.177666e-02   4.978394e-06   6.918001e-06   2.062149e-06   -8.452024e-08   6.144500e+00 
8.729155e-01   5.223432e-02   4.524919e-06   6.248089e-06   1.858526e-06   -6.429566e-08   6.231400e+00 
8.727653e-01   5.269559e-02   4.113199e-06   5.654662e-06   1.682141e-06   -5.415758e-08   6.319000e+00 
8.726143e-01   5.316017e-02   3.736831e-06   5.129259e-06   1.526345e-06   -4.922127e-08   6.407200e+00 
8.724656e-01   5.362829e-02   3.397166e-06   4.661953e-06   1.388424e-06   -4.639217e-08   6.496000e+00 
8.723213e-01   5.410008e-02   3.089252e-06   4.243456e-06   1.265700e-06   -4.748089e-08   6.585400e+00 
8.721829e-01   5.457564e-02   2.809789e-06   3.868698e-06   1.156198e-06   -5.052544e-08   6.675400e+00 
8.720508e-01   5.505503e-02   2.559872e-06   3.533956e-06   1.057834e-06   -5.263728e-08   6.766000e+00 
8.719250e-01   5.553825e-02   2.337252e-06   3.234663e-06   9.689065e-07   -5.335728e-08   6.857200e+00 
8.718044e-01   5.602580e-02   2.138269e-06   2.965886e-06   8.886148e-07   -5.307578e-08   6.949100e+00 
8.716883e-01   5.651656e-02   1.960522e-06   2.724204e-06   8.162471e-07   -5.187850e-08   7.041500e+00 
8.715750e-01   5.701152e-02   1.801067e-06   2.505689e-06   7.507107e-07   -4.996199e-08   7.134600e+00 
8.714633e-01   5.751007e-02   1.657784e-06   2.307783e-06   6.912837e-07   -4.754987e-08   7.228300e+00 
8.713520e-01   5.801214e-02   1.528595e-06   2.128149e-06   6.372904e-07   -4.477274e-08   7.322600e+00 
8.712401e-01   5.851767e-02   1.411740e-06   1.964784e-06   5.881512e-07   -4.175002e-08   7.417500e+00 
8.711267e-01   5.902662e-02   1.305716e-06   1.815935e-06   5.433612e-07   -3.859285e-08   7.513000e+00 
8.710110e-01   5.953894e-02   1.209235e-06   1.680068e-06   5.024781e-07   -3.538927e-08   7.609100e+00 
8.708927e-01   6.005463e-02   1.121210e-06   1.555848e-06   4.651102e-07   -3.219579e-08   7.705800e+00 
8.707712e-01   6.057419e-02   1.040660e-06   1.441991e-06   4.308789e-07   -2.906430e-08   7.803200e+00 
8.706466e-01   6.109655e-02   9.669967e-07   1.337691e-06   3.995449e-07   -2.604818e-08   7.901100e+00 
8.705185e-01   6.162280e-02   8.994326e-07   1.241821e-06   3.707693e-07   -2.319157e-08   7.999700e+00 
8.703872e-01   6.215187e-02   8.375466e-07   1.153767e-06   3.443658e-07   -2.054327e-08   8.098800e+00 
8.702523e-01   6.268483e-02   7.806992e-07   1.072641e-06   3.200626e-07   -1.811880e-08   8.198600e+00 
8.701140e-01   6.322116e-02   7.284801e-07   9.979039e-07   2.976934e-07   -1.592142e-08   8.299000e+00 
8.699721e-01   6.376087e-02   6.804467e-07   9.289957e-07   2.770837e-07   -1.392469e-08   8.400000e+00 
8.698267e-01   6.430397e-02   6.362005e-07   8.654150e-07   2.580777e-07   -1.209102e-08   8.501600e+00 
8.696776e-01   6.485101e-02   5.953509e-07   8.066540e-07   2.405191e-07   -1.039477e-08   8.603900e+00 
8.695250e-01   6.540093e-02   5.576666e-07   7.524148e-07   2.243160e-07   -8.817877e-09   8.706700e+00 
8.693687e-01   6.595426e-02   5.228280e-07   7.022620e-07   2.093361e-07   -7.346154e-09   8.810100e+00 
8.692087e-01   6.651156e-02   4.905596e-07   6.558111e-07   1.954640e-07   -5.973910e-09   8.914200e+00 
8.690448e-01   6.707231e-02   4.606719e-07   6.128017e-07   1.826215e-07   -4.701402e-09   9.018900e+00 
8.688775e-01   6.763598e-02   4.329850e-07   5.729880e-07   1.707341e-07   -3.519068e-09   9.124100e+00 
8.687062e-01   6.820365e-02   4.072678e-07   5.360365e-07   1.597023e-07   -2.417898e-09   9.230000e+00 
8.685311e-01   6.877481e-02   3.833735e-07   5.017559e-07   1.494685e-07   -1.393943e-09   9.336500e+00 
8.683522e-01   6.934946e-02   3.611381e-07   4.699328e-07   1.399686e-07   -4.437387e-10   9.443600e+00 
8.681693e-01   6.992816e-02   3.404029e-07   4.403474e-07   1.311373e-07   4.349485e-10   9.551400e+00 
8.679826e-01   7.050984e-02   3.210915e-07   4.128775e-07   1.229376e-07   1.246125e-09   9.659700e+00 
8.677920e-01   7.109505e-02   3.030915e-07   3.873352e-07   1.153126e-07   1.999667e-09   9.768600e+00 
8.675973e-01   7.168434e-02   2.862969e-07   3.635502e-07   1.082117e-07   2.701272e-09   9.878200e+00 
8.673985e-01   7.227720e-02   2.706324e-07   3.414112e-07   1.016020e-07   3.351221e-09   9.988400e+00 
8.671959e-01   7.287309e-02   2.560178e-07   3.208098e-07   9.545117e-08   3.950207e-09   1.009910e+01 
8.669890e-01   7.347311e-02   2.423434e-07   3.015948e-07   8.971443e-08   4.501221e-09   1.021050e+01 
8.667780e-01   7.407673e-02   2.295452e-07   2.836801e-07   8.436639e-08   5.003329e-09   1.032250e+01 
8.665631e-01   7.468399e-02   2.175542e-07   2.669707e-07   7.937825e-08   5.459379e-09   1.043510e+01 
8.663441e-01   7.529545e-02   2.063015e-07   2.513639e-07   7.472001e-08   5.870805e-09   1.054840e+01 
8.661215e-01   7.591005e-02   1.957477e-07   2.368071e-07   7.037553e-08   6.240185e-09   1.066220e+01 
8.658952e-01   7.652837e-02   1.858346e-07   2.232106e-07   6.631860e-08   6.573437e-09   1.077660e+01 
8.656649e-01   7.715096e-02   1.765137e-07   2.104983e-07   6.252576e-08   6.877672e-09   1.089170e+01 
8.654307e-01   7.777673e-02   1.677703e-07   1.986301e-07   5.898479e-08   7.168292e-09   1.100730e+01 
8.651919e-01   7.840675e-02   1.595673e-07   1.875270e-07   5.567228e-08   7.454872e-09   1.112360e+01 
8.649478e-01   7.904044e-02   1.518806e-07   1.771458e-07   5.257511e-08   7.738603e-09   1.124050e+01 
8.646980e-01   7.967775e-02   1.446602e-07   1.674357e-07   4.967862e-08   8.010219e-09   1.135800e+01 
8.644424e-01   8.031870e-02   1.378506e-07   1.583441e-07   4.696880e-08   8.247875e-09   1.147610e+01 
8.641812e-01   8.096335e-02   1.314055e-07   1.498274e-07   4.443275e-08   8.443560e-09   1.159480e+01 
8.639149e-01   8.161174e-02   1.253001e-07   1.418485e-07   4.205895e-08   8.600705e-09   1.171410e+01 
8.636436e-01   8.226449e-02   1.195200e-07   1.343656e-07   3.983469e-08   8.730775e-09   1.183410e+01 
8.633677e-01   8.292052e-02   1.140620e-07   1.273618e-07   3.775390e-08   8.848222e-09   1.195460e+01 
8.630863e-01   8.358091e-02   1.088984e-07   1.207922e-07   3.580398e-08   8.954430e-09   1.207580e+01 
8.627996e-01   8.424456e-02   1.040159e-07   1.146403e-07   3.397915e-08   9.046437e-09   1.219750e+01 
8.625071e-01   8.491257e-02   9.938439e-08   1.088668e-07   3.226859e-08   9.123486e-09   1.231990e+01 
8.622088e-01   8.558441e-02   9.499105e-08   1.034523e-07   3.066622e-08   9.181257e-09   1.244290e+01 
8.619048e-01   8.626012e-02   9.082004e-08   9.837327e-08   2.916476e-08   9.221579e-09   1.256650e+01 
8.615954e-01   8.693973e-02   8.685677e-08   9.360886e-08   2.775825e-08   9.247507e-09   1.269070e+01 
8.612802e-01   8.762382e-02   8.308629e-08   8.913546e-08   2.643965e-08   9.258272e-09   1.281560e+01 
8.609597e-01   8.831131e-02   7.950173e-08   8.494171e-08   2.520542e-08   9.256383e-09   1.294100e+01 
8.606336e-01   8.900278e-02   7.608628e-08   8.100799e-08   2.404982e-08   9.243079e-09   1.306700e+01 
8.603016e-01   8.969879e-02   7.282816e-08   7.731274e-08   2.296696e-08   9.215578e-09   1.319370e+01 
8.599638e-01   9.039881e-02   6.972297e-08   7.384638e-08   2.195294e-08   9.178568e-09   1.332100e+01 
8.596204e-01   9.110232e-02   6.676245e-08   7.059714e-08   2.100474e-08   9.133036e-09   1.344880e+01 
8.592708e-01   9.181042e-02   6.393524e-08   6.754659e-08   2.011684e-08   9.077097e-09   1.357730e+01 
8.589152e-01   9.252258e-02   6.123694e-08   6.468473e-08   1.928607e-08   9.013439e-09   1.370640e+01 
8.585534e-01   9.323884e-02   5.865614e-08   6.200204e-08   1.850981e-08   8.942992e-09   1.383610e+01 
8.581852e-01   9.395918e-02   5.618533e-08   5.948468e-08   1.778504e-08   8.861236e-09   1.396640e+01 
8.578103e-01   9.468417e-02   5.381830e-08   5.712325e-08   1.710759e-08   8.770222e-09   1.409740e+01 
8.574292e-01   9.541276e-02   5.155019e-08   5.491090e-08   1.647605e-08   8.671019e-09   1.422890e+01 
8.570413e-01   9.614607e-02   4.937062e-08   5.283549e-08   1.588737e-08   8.559807e-09   1.436110e+01 
8.566475e-01   9.688305e-02   4.728145e-08   5.089146e-08   1.533934e-08   8.437198e-09   1.449380e+01 
8.562474e-01   9.762488e-02   4.527500e-08   4.906905e-08   1.482875e-08   8.308153e-09   1.462720e+01 
8.558410e-01   9.837100e-02   4.334960e-08   4.736293e-08   1.435507e-08   8.173318e-09   1.476120e+01 
8.554277e-01   9.912137e-02   4.150961e-08   4.576610e-08   1.391629e-08   8.031610e-09   1.489580e+01 
8.550069e-01   9.987596e-02   3.975314e-08   4.427167e-08   1.350918e-08   7.885599e-09   1.503100e+01 
8.545784e-01   1.006348e-01   3.806979e-08   4.287382e-08   1.313220e-08   7.734178e-09   1.516680e+01 
8.541415e-01   1.013977e-01   3.646134e-08   4.156440e-08   1.278519e-08   7.572579e-09   1.530320e+01 
8.536958e-01   1.021655e-01   3.493955e-08   4.033649e-08   1.246607e-08   7.400467e-09   1.544030e+01 
8.532419e-01   1.029369e-01   3.350761e-08   3.918778e-08   1.217174e-08   7.221254e-09   1.557790e+01 
8.527789e-01   1.037131e-01   3.216696e-08   3.811022e-08   1.190007e-08   7.032012e-09   1.571620e+01 
8.523069e-01   1.044929e-01   3.094367e-08   3.709893e-08   1.165260e-08   6.824050e-09   1.585500e+01 
8.518253e-01   1.052776e-01   2.983305e-08   3.614567e-08   1.142975e-08   6.588574e-09   1.599450e+01 
8.513364e-01   1.060667e-01   2.874809e-08   3.524446e-08   1.122925e-08   6.319966e-09   1.613460e+01 
8.508421e-01   1.068606e-01   2.756621e-08   3.439001e-08   1.104637e-08   6.021267e-09   1.627530e+01 
8.503427e-01   1.076595e-01   2.626926e-08   3.357927e-08   1.087711e-08   5.709487e-09   1.641660e+01 
8.498370e-01   1.084637e-01   2.497476e-08   3.280999e-08   1.071966e-08   5.413508e-09   1.655860e+01 
8.493244e-01   1.092720e-01   2.381467e-08   3.208212e-08   1.057408e-08   5.158388e-09   1.670110e+01 
8.488038e-01   1.100850e-01   2.283067e-08   3.139506e-08   1.044033e-08   4.951164e-09   1.684420e+01 
8.482746e-01   1.109032e-01   2.199197e-08   3.074541e-08   1.031801e-08   4.784218e-09   1.698800e+01 
8.477371e-01   1.117260e-01   2.125122e-08   3.012978e-08   1.020649e-08   4.646613e-09   1.713240e+01 
8.471914e-01   1.125530e-01   2.057902e-08   2.954682e-08   1.010502e-08   4.529204e-09   1.727730e+01 
8.466367e-01   1.133852e-01   1.996270e-08   2.899077e-08   1.001273e-08   4.426828e-09   1.742290e+01 
8.460733e-01   1.142222e-01   1.939722e-08   2.846082e-08   9.929031e-09   4.337113e-09   1.756910e+01 
8.455009e-01   1.150639e-01   1.887779e-08   2.795408e-08   9.853326e-09   4.257746e-09   1.771590e+01 
8.449190e-01   1.159110e-01   1.839871e-08   2.746932e-08   9.785025e-09   4.188093e-09   1.786340e+01 
8.443284e-01   1.167623e-01   1.795675e-08   2.700578e-08   9.723709e-09   4.126960e-09   1.801140e+01 
8.437284e-01   1.176185e-01   1.754786e-08   2.656145e-08   9.668850e-09   4.073431e-09   1.816000e+01 
8.431185e-01   1.184801e-01   1.716848e-08   2.613399e-08   9.619979e-09   4.026628e-09   1.830930e+01 
8.424994e-01   1.193461e-01   1.681671e-08   2.572319e-08   9.576749e-09   3.985585e-09   1.845910e+01 
8.418702e-01   1.202175e-01   1.648974e-08   2.532825e-08   9.538718e-09   3.950092e-09   1.860960e+01 
8.412311e-01   1.210938e-01   1.618525e-08   2.494701e-08   9.505564e-09   3.919390e-09   1.876070e+01 
8.405819e-01   1.219752e-01   1.590188e-08   2.457965e-08   9.476949e-09   3.892892e-09   1.891240e+01 
8.399226e-01   1.228615e-01   1.563855e-08   2.422464e-08   9.452564e-09   3.870196e-09   1.906470e+01 
8.392529e-01   1.237529e-01   1.539343e-08   2.388135e-08   9.432118e-09   3.851229e-09   1.921760e+01 
8.385723e-01   1.246499e-01   1.516516e-08   2.354912e-08   9.415329e-09   3.835817e-09   1.937120e+01 
8.378816e-01   1.255514e-01   1.495309e-08   2.322811e-08   9.401967e-09   3.823394e-09   1.952530e+01 
8.371801e-01   1.264581e-01   1.475549e-08   2.291661e-08   9.391779e-09   3.813395e-09   1.968000e+01 
8.364672e-01   1.273704e-01   1.457164e-08   2.261524e-08   9.384541e-09   3.806188e-09   1.983540e+01 
8.357433e-01   1.282879e-01   1.440060e-08   2.232291e-08   9.380054e-09   3.801177e-09   1.999140e+01 
8.350080e-01   1.292107e-01   1.424168e-08   2.203948e-08   9.378119e-09   3.797412e-09   2.014800e+01 
8.342620e-01   1.301380e-01   1.409470e-08   2.176543e-08   9.378559e-09   3.796151e-09   2.030510e+01 
8.335033e-01   1.310718e-01   1.395818e-08   2.149907e-08   9.381197e-09   3.796122e-09   2.046300e+01 
8.327336e-01   1.320103e-01   1.383217e-08   2.124176e-08   9.385885e-09   3.798005e-09   2.062140e+01 
8.319516e-01   1.329541e-01   1.371587e-08   2.099147e-08   9.392455e-09   3.800567e-09   2.078040e+01 
8.311583e-01   1.339033e-01   1.360859e-08   2.074869e-08   9.400796e-09   3.805821e-09   2.094000e+01 
8.303511e-01   1.348583e-01   1.350981e-08   2.051185e-08   9.410740e-09   3.810069e-09   2.110030e+01 
8.295339e-01   1.358183e-01   1.341918e-08   2.028210e-08   9.422224e-09   3.817802e-09   2.126110e+01 
8.287007e-01   1.367840e-01   1.333619e-08   2.005615e-08   9.435034e-09   3.822528e-09   2.142260e+01 
8.278591e-01   1.377557e-01   1.326124e-08   1.983621e-08   9.449234e-09   3.833197e-09   2.158470e+01 
8.269982e-01   1.387320e-01   1.319250e-08   1.961799e-08   9.464455e-09   3.837864e-09   2.174740e+01 
8.261335e-01   1.397152e-01   1.313175e-08   1.940615e-08   9.481004e-09   3.853231e-09   2.191070e+01 
8.252422e-01   1.407019e-01   1.307593e-08   1.919238e-08   9.498210e-09   3.855393e-09   2.207460e+01 
8.243562e-01   1.416971e-01   1.302806e-08   1.898693e-08   9.516830e-09   3.875955e-09   2.223910e+01 
8.234305e-01   1.426937e-01   1.298353e-08   1.877559e-08   9.535607e-09   3.874357e-09   2.240420e+01 
8.225256e-01   1.437022e-01   1.294740e-08   1.857579e-08   9.556125e-09   3.901194e-09   2.257000e+01 
8.215605e-01   1.447082e-01   1.291328e-08   1.836714e-08   9.576047e-09   3.894821e-09   2.273630e+01 
8.206412e-01   1.457304e-01   1.288843e-08   1.817386e-08   9.598357e-09   3.927217e-09   2.290330e+01 
8.196305e-01   1.467456e-01   1.286427e-08   1.796937e-08   9.619007e-09   3.917373e-09   2.307090e+01 
8.187002e-01   1.477823e-01   1.284908e-08   1.778311e-08   9.643077e-09   3.950807e-09   2.323910e+01 
8.176416e-01   1.488051e-01   1.283312e-08   1.758661e-08   9.664036e-09   3.942130e-09   2.340780e+01 
8.166991e-01   1.498571e-01   1.282779e-08   1.740659e-08   9.689845e-09   3.969121e-09   2.357730e+01 
8.155936e-01   1.508894e-01   1.282002e-08   1.722283e-08   9.710842e-09   3.970966e-09   2.374730e+01 
8.146313e-01   1.519541e-01   1.282303e-08   1.704472e-08   9.738224e-09   3.979471e-09   2.391790e+01 
8.134921e-01   1.529978e-01   1.282317e-08   1.687777e-08   9.759169e-09   4.003642e-09   2.408910e+01 
8.124894e-01   1.540731e-01   1.283417e-08   1.669475e-08   9.787821e-09   3.983315e-09   2.426100e+01 
8.113381e-01   1.551334e-01   1.284190e-08   1.654424e-08   9.808901e-09   4.036001e-09   2.443350e+01 
8.102689e-01   1.562130e-01   1.285879e-08   1.635427e-08   9.838244e-09   3.987099e-09   2.460650e+01 
8.091312e-01   1.572945e-01   1.287406e-08   1.621372e-08   9.859825e-09   4.058478e-09   2.478020e+01 
8.079727e-01   1.583755e-01   1.289621e-08   1.602210e-08   9.889321e-09   4.001655e-09   2.495450e+01 
8.068578e-01   1.594804e-01   1.292007e-08   1.587665e-08   9.911667e-09   4.061240e-09   2.512940e+01 
8.056149e-01   1.605633e-01   1.294469e-08   1.569864e-08   9.941041e-09   4.033132e-09   2.530490e+01 
8.044977e-01   1.616869e-01   1.297831e-08   1.553379e-08   9.963988e-09   4.042787e-09   2.548100e+01 
8.032120e-01   1.627812e-01   1.300425e-08   1.538340e-08   9.993540e-09   4.074399e-09   2.565780e+01 
8.020329e-01   1.639113e-01   1.304808e-08   1.519472e-08   1.001648e-08   4.019055e-09   2.583510e+01 
8.007687e-01   1.650302e-01   1.307641e-08   1.506920e-08   1.004670e-08   4.100525e-09   2.601310e+01 
7.994689e-01   1.661552e-01   1.312400e-08   1.487362e-08   1.006924e-08   4.015357e-09   2.619170e+01 
7.982601e-01   1.673057e-01   1.316236e-08   1.475033e-08   1.009992e-08   4.086544e-09   2.637080e+01 
7.968406e-01   1.684251e-01   1.320471e-08   1.458082e-08   1.012282e-08   4.045671e-09   2.655060e+01 
7.956411e-01   1.695991e-01   1.326218e-08   1.442293e-08   1.015246e-08   4.036635e-09   2.673100e+01 
7.941822e-01   1.707311e-01   1.329314e-08   1.429795e-08   1.017764e-08   4.084138e-09   2.691200e+01 
7.928877e-01   1.719053e-01   1.336806e-08   1.410493e-08   1.020426e-08   3.992395e-09   2.709370e+01 
7.914860e-01   1.730723e-01   1.339751e-08   1.399994e-08   1.023295e-08   4.082308e-09   2.727590e+01 
7.900360e-01   1.742313e-01   1.346870e-08   1.380999e-08   1.025667e-08   3.997233e-09   2.745870e+01 
7.886887e-01   1.754339e-01   1.352144e-08   1.366872e-08   1.028676e-08   4.020902e-09   2.764220e+01 
7.871509e-01   1.765953e-01   1.356754e-08   1.352721e-08   1.031152e-08   4.034548e-09   2.782630e+01 
7.857348e-01   1.778030e-01   1.365378e-08   1.333088e-08   1.033795e-08   3.950412e-09   2.801090e+01 
7.842469e-01   1.789997e-01   1.368439e-08   1.322532e-08   1.036846e-08   4.032330e-09   2.819620e+01 
7.826575e-01   1.801887e-01   1.377195e-08   1.303048e-08   1.038839e-08   3.939896e-09   2.838210e+01 
7.812378e-01   1.814258e-01   1.383048e-08   1.289220e-08   1.042423e-08   3.952578e-09   2.856860e+01 
7.795525e-01   1.826147e-01   1.387781e-08   1.276281e-08   1.044170e-08   3.968150e-09   2.875570e+01 
7.780467e-01   1.838544e-01   1.398464e-08   1.256729e-08   1.047608e-08   3.864850e-09   2.894350e+01 
7.764312e-01   1.850858e-01   1.400804e-08   1.246976e-08   1.049848e-08   3.938816e-09   2.913180e+01 
7.747335e-01   1.863003e-01   1.410638e-08   1.228216e-08   1.052615e-08   3.851745e-09   2.932080e+01 
7.731744e-01   1.875711e-01   1.417947e-08   1.212112e-08   1.055426e-08   3.831085e-09   2.951030e+01 
7.714170e-01   1.887952e-01   1.421574e-08   1.199248e-08   1.057950e-08   3.867055e-09   2.970050e+01 
7.697143e-01   1.900537e-01   1.434063e-08   1.176768e-08   1.060558e-08   3.751647e-09   2.989130e+01 
7.680575e-01   1.913309e-01   1.437182e-08   1.163399e-08   1.063624e-08   3.796855e-09   3.008270e+01 
7.661748e-01   1.925664e-01   1.444910e-08   1.145350e-08   1.065598e-08   3.756071e-09   3.027470e+01 
7.644976e-01   1.938640e-01   1.456591e-08   1.124340e-08   1.069059e-08   3.673334e-09   3.046730e+01 
7.626516e-01   1.951367e-01   1.457490e-08   1.112704e-08   1.071062e-08   3.728948e-09   3.066050e+01 
7.607584e-01   1.964012e-01   1.470425e-08   1.091561e-08   1.074093e-08   3.625753e-09   3.085440e+01 
7.589954e-01   1.977247e-01   1.477629e-08   1.075043e-08   1.076671e-08   3.598230e-09   3.104880e+01 
7.570218e-01   1.989939e-01   1.480267e-08   1.062037e-08   1.079311e-08   3.614587e-09   3.124390e+01 
7.550958e-01   2.002975e-01   1.495798e-08   1.039637e-08   1.081868e-08   3.494553e-09   3.143950e+01 
7.532378e-01   2.016292e-01   1.498616e-08   1.025652e-08   1.084904e-08   3.504273e-09   3.163580e+01 
7.511332e-01   2.029095e-01   1.504601e-08   1.009055e-08   1.086970e-08   3.474926e-09   3.183270e+01 
7.491970e-01   2.042463e-01   1.520695e-08   9.863969e-09   1.090262e-08   3.367249e-09   3.203020e+01 
7.471830e-01   2.055837e-01   1.519612e-08   9.734431e-09   1.092479e-08   3.389904e-09   3.222830e+01 
7.450141e-01   2.068785e-01   1.530407e-08   9.547507e-09   1.095358e-08   3.319789e-09   3.242700e+01 
7.430028e-01   2.082474e-01   1.544253e-08   9.346126e-09   1.097959e-08   3.229719e-09   3.262640e+01 
7.408694e-01   2.095841e-01   1.541843e-08   9.235259e-09   1.100810e-08   3.243370e-09   3.282630e+01 
7.386095e-01   2.109047e-01   1.556150e-08   9.046523e-09   1.103126e-08   3.147598e-09   3.302690e+01 
7.365353e-01   2.122913e-01   1.567791e-08   8.872226e-09   1.106371e-08   3.071329e-09   3.322800e+01 
7.342566e-01   2.136376e-01   1.564328e-08   8.771663e-09   1.108578e-08   3.070736e-09   3.342980e+01 
7.319358e-01   2.149759e-01   1.582107e-08   8.585359e-09   1.111633e-08   2.959523e-09   3.363220e+01 
7.297511e-01   2.163853e-01   1.590880e-08   8.429882e-09   1.114228e-08   2.891884e-09   3.383520e+01 
7.273662e-01   2.177351e-01   1.587309e-08   8.329550e-09   1.117151e-08   2.871644e-09   3.403880e+01 
7.249447e-01   2.190970e-01   1.607064e-08   8.135084e-09   1.119596e-08   2.761546e-09   3.424300e+01 
7.226685e-01   2.205182e-01   1.614345e-08   7.974248e-09   1.122903e-08   2.693599e-09   3.444790e+01 
7.201577e-01   2.218834e-01   1.609906e-08   7.857768e-09   1.125225e-08   2.665110e-09   3.465330e+01 
7.176467e-01   2.232563e-01   1.631140e-08   7.650888e-09   1.128387e-08   2.557502e-09   3.485940e+01 
7.152498e-01   2.246957e-01   1.637749e-08   7.470719e-09   1.131089e-08   2.488677e-09   3.506600e+01 
7.126453e-01   2.260706e-01   1.631878e-08   7.335266e-09   1.134168e-08   2.454384e-09   3.527330e+01 
7.100018e-01   2.274572e-01   1.653539e-08   7.116363e-09   1.136678e-08   2.352795e-09   3.548120e+01 
7.075050e-01   2.289067e-01   1.661873e-08   6.934429e-09   1.140140e-08   2.276637e-09   3.568970e+01 
7.047879e-01   2.303028e-01   1.653252e-08   6.817446e-09   1.142619e-08   2.228536e-09   3.589880e+01 
7.020237e-01   2.316889e-01   1.674500e-08   6.628658e-09   1.145830e-08   2.130291e-09   3.610850e+01 
6.993946e-01   2.331543e-01   1.686167e-08   6.447240e-09   1.148663e-08   2.042463e-09   3.631880e+01 
6.965959e-01   2.345661e-01   1.674840e-08   6.324575e-09   1.151947e-08   1.987780e-09   3.652980e+01 
6.936764e-01   2.359577e-01   1.692668e-08   6.139689e-09   1.154447e-08   1.898230e-09   3.674130e+01 
6.909204e-01   2.374236e-01   1.710672e-08   5.948749e-09   1.158030e-08   1.808147e-09   3.695350e+01 
6.880299e-01   2.388652e-01   1.697222e-08   5.836319e-09   1.160738e-08   1.735180e-09   3.716620e+01 
6.849745e-01   2.402513e-01   1.708501e-08   5.683184e-09   1.163963e-08   1.648747e-09   3.737960e+01 
6.820468e-01   2.417180e-01   1.733413e-08   5.488319e-09   1.166837e-08   1.558397e-09   3.759360e+01 
6.790844e-01   2.431815e-01   1.722438e-08   5.358229e-09   1.170441e-08   1.473247e-09   3.780820e+01 
6.758898e-01   2.445795e-01   1.722466e-08   5.228165e-09   1.172994e-08   1.387982e-09   3.802340e+01 
6.727799e-01   2.460220e-01   1.752512e-08   5.043218e-09   1.176570e-08   1.304100e-09   3.823920e+01 
6.697127e-01   2.475150e-01   1.750172e-08   4.906519e-09   1.179633e-08   1.208143e-09   3.845570e+01 
6.664294e-01   2.489259e-01   1.738180e-08   4.811839e-09   1.183097e-08   1.110864e-09   3.867270e+01 
6.630985e-01   2.503480e-01   1.764922e-08   4.682597e-09   1.185915e-08   1.023128e-09   3.889040e+01 
6.599030e-01   2.518399e-01   1.779482e-08   4.556597e-09   1.189897e-08   9.285848e-10   3.910870e+01 
6.565433e-01   2.532908e-01   1.760417e-08   4.478383e-09   1.192939e-08   8.135800e-10   3.932750e+01 
6.530333e-01   2.546872e-01   1.772114e-08   4.370865e-09   1.196572e-08   7.258828e-10   3.954700e+01 
6.496212e-01   2.561587e-01   1.801926e-08   4.225876e-09   1.199899e-08   6.512344e-10   3.976710e+01 
6.462049e-01   2.576411e-01   1.792551e-08   4.110114e-09   1.204063e-08   5.457909e-10   3.998780e+01 
6.425617e-01   2.590522e-01   1.780416e-08   4.015423e-09   1.207226e-08   4.351478e-10   4.020910e+01 
6.388970e-01   2.604655e-01   1.810579e-08   3.868857e-09   1.211197e-08   3.780460e-10   4.043110e+01 
6.353432e-01   2.619632e-01   1.829605e-08   3.714870e-09   1.214971e-08   3.147065e-10   4.065360e+01 
6.316592e-01   2.634124e-01   1.801535e-08   3.605518e-09   1.219230e-08   1.800839e-10   4.087680e+01 
6.277472e-01   2.647862e-01   1.809263e-08   3.495369e-09   1.222502e-08   9.761683e-11   4.110050e+01 
6.239753e-01   2.662395e-01   1.855942e-08   3.345639e-09   1.226938e-08   9.337092e-11   4.132490e+01 
6.202191e-01   2.677354e-01   1.838200e-08   3.218087e-09   1.231130e-08   -3.942643e-11   4.154990e+01 
6.161801e-01   2.691056e-01   1.820478e-08   3.120641e-09   1.235050e-08   -1.534161e-10   4.177550e+01 
6.121491e-01   2.705123e-01   1.862082e-08   2.980814e-09   1.239051e-08   -1.487862e-10   4.200170e+01 
6.081962e-01   2.719727e-01   1.868362e-08   2.829510e-09   1.243698e-08   -2.267959e-10   4.222850e+01 
6.040822e-01   2.733852e-01   1.866498e-08   2.710907e-09   1.247764e-08   -3.085428e-10   4.245590e+01 
5.999345e-01   2.747968e-01   1.868999e-08   2.587510e-09   1.252077e-08   -3.625787e-10   4.268400e+01 
5.956315e-01   2.761587e-01   1.868449e-08   2.454905e-09   1.256344e-08   -4.427656e-10   4.291260e+01 
5.913649e-01   2.775580e-01   1.927982e-08   2.327753e-09   1.260373e-08   -3.774759e-10   4.314190e+01 
5.871996e-01   2.790409e-01   1.912697e-08   2.103133e-09   1.265446e-08   -4.128556e-10   4.337180e+01 
5.826334e-01   2.803400e-01   1.876601e-08   2.116997e-09   1.268506e-08   -6.372096e-10   4.360220e+01 
5.781639e-01   2.816678e-01   1.951704e-08   1.696492e-09   1.273134e-08   -3.585205e-10   4.383330e+01 
5.735364e-01   2.831165e-01   1.986648e-08   1.511788e-09   1.276043e-08   -2.475866e-10   4.406500e+01 
5.697611e-01   2.844739e-01   1.980905e-08   9.956593e-10   1.281320e-08   -3.254166e-10   4.429740e+01 
5.630586e-01   2.855576e-01   2.172828e-08   1.110223e-16   1.282199e-08   8.326673e-17   4.453030e+01 
