% The data presented here were obtained from a direct numerical simulation of a turbulent 
% boundary layer developing under a pressure gradient. All the data shown here are 
% not normalized. Please refer to the references below for rmore detailed information.
 
 
% We compute the boundary layer thickness using the method of Griffin et al. (2021). 
% The pressure-gradient parameters of beta_{ZS} and beta_i are computed as follows. 
% beta_{ZS}=(delta)/(rho U_{ZS}^2)(dp_e/dx) and beta_i = (nu/rho u_tau^3)(d p_w/dx) 
% where $delta$ is the boundary layer thickness, $U_{ZS}$ is the Zagorola-Smits velocity, 
% $p_e$ and $p_w$ are the pressure at the edge of boundary layer and wall, respectively. 
 
 
% Please check this report for rmore detailed information about the data: 
% Gungor, T. R., Gungor, A. G.., Maciel, Y. (2024). Datasets of  
% three non-equilibrium pressure gradient turbulent boundary layers.  
 
 
% Please cite this paper when referencing the data: 
% Gungor, A. G., Maciel, Y., Simens, M. P., & Soria, J. (2016).  
% Scaling  and statistics of large-defect adverse pressure gradient turbulent
% boundary layers. International Journal of Heat and Fluid Flow, 59, 109-124.  
 
  
% ========================================================================================= 
% 	 	 	************ Position 4 of DNS16 ************ 
% ========================================================================================= 

% 	 Re_tau = 3.687162e+02 
% 	 Re_theta=2.793530e+03 
% 	 utau=1.557013e-02 
% 	 U_e=7.281906e-01 
% 	 theta=1.096075e+00 
% 	 delta_star=2.368449e+00 
% 	 delta=6.766000e+00 
%  	 x_pos=6.692149e+01 
% 	 H=2.160846e+00 
% 	 C_f=8.993962e-04 
% 	 nu=2.857143e-04 
% 	 beta_RC=1.687544e+01 
% 	 beta_i=1.740784e-01 
% 	 beta_ZS=2.470066e-01 
 
% ========================================================================================================== 
% 	 U   	   V   	   u2   	   v2   	   w2   	   uv   	   y        
% ========================================================================================================= 
1.795036e-03   1.138720e-07   4.984958e-06   4.693808e-10   5.121351e-06   -6.555990e-09   2.100000e-03 
4.057461e-03   5.750379e-07   2.426914e-05   1.068521e-08   2.448418e-05   -7.320896e-08   4.700000e-03 
7.000142e-03   1.672268e-06   6.773142e-05   8.238906e-08   6.645783e-05   -3.741853e-07   8.000000e-03 
1.058835e-02   3.721062e-06   1.433139e-04   3.629475e-07   1.352650e-04   -1.273385e-06   1.190000e-02 
1.486018e-02   7.122092e-06   2.593572e-04   1.156209e-06   2.332740e-04   -3.389128e-06   1.640000e-02 
1.984745e-02   1.235673e-05   4.231009e-04   2.966042e-06   3.595316e-04   -7.612205e-06   2.150000e-02 
2.565828e-02   2.013790e-05   6.436306e-04   6.579293e-06   5.129429e-04   -1.516578e-05   2.730000e-02 
3.206523e-02   3.083238e-05   9.141864e-04   1.274695e-05   6.820156e-04   -2.684004e-05   3.360000e-02 
3.920215e-02   4.546169e-05   1.238432e-03   2.262322e-05   8.646408e-04   -4.377489e-05   4.060000e-02 
4.675785e-02   6.429521e-05   1.596552e-03   3.684058e-05   1.048308e-03   -6.577082e-05   4.810000e-02 
5.479478e-02   8.849826e-05   1.982806e-03   5.656505e-05   1.231560e-03   -9.313481e-05   5.630000e-02 
6.305619e-02   1.184476e-04   2.375099e-03   8.221026e-05   1.407075e-03   -1.248440e-04   6.510000e-02 
7.138846e-02   1.546673e-04   2.756949e-03   1.141089e-04   1.571773e-03   -1.598697e-04   7.450000e-02 
7.965353e-02   1.975925e-04   3.114973e-03   1.523463e-04   1.724024e-03   -1.971189e-04   8.450000e-02 
8.773665e-02   2.475800e-04   3.439951e-03   1.967857e-04   1.863286e-03   -2.355961e-04   9.510000e-02 
9.554969e-02   3.049257e-04   3.726846e-03   2.471094e-04   1.989721e-03   -2.744921e-04   1.063000e-01 
1.030303e-01   3.698596e-04   3.974048e-03   3.028639e-04   2.103896e-03   -3.131980e-04   1.181000e-01 
1.101941e-01   4.431117e-04   4.184003e-03   3.639995e-04   2.207437e-03   -3.515944e-04   1.306000e-01 
1.169075e-01   5.234782e-04   4.356051e-03   4.289393e-04   2.299696e-03   -3.888147e-04   1.436000e-01 
1.232704e-01   6.119632e-04   4.496659e-03   4.980568e-04   2.383123e-03   -4.252887e-04   1.573000e-01 
1.292377e-01   7.074979e-04   4.608786e-03   5.702214e-04   2.457913e-03   -4.606842e-04   1.716000e-01 
1.348276e-01   8.094256e-04   4.696851e-03   6.448226e-04   2.524882e-03   -4.950570e-04   1.865000e-01 
1.400649e-01   9.170921e-04   4.765110e-03   7.212672e-04   2.584976e-03   -5.285047e-04   2.020000e-01 
1.449798e-01   1.030035e-03   4.817821e-03   7.989637e-04   2.639538e-03   -5.611599e-04   2.181000e-01 
1.496045e-01   1.147919e-03   4.859097e-03   8.772988e-04   2.690223e-03   -5.931972e-04   2.348000e-01 
1.539702e-01   1.270415e-03   4.892620e-03   9.556590e-04   2.738491e-03   -6.248130e-04   2.521000e-01 
1.581280e-01   1.397920e-03   4.921671e-03   1.033883e-03   2.785553e-03   -6.563312e-04   2.701000e-01 
1.620580e-01   1.528728e-03   4.948193e-03   1.110580e-03   2.831412e-03   -6.875122e-04   2.886000e-01 
1.658265e-01   1.663989e-03   4.974111e-03   1.186136e-03   2.877192e-03   -7.187753e-04   3.078000e-01 
1.694352e-01   1.802913e-03   5.000945e-03   1.259779e-03   2.922960e-03   -7.499718e-04   3.276000e-01 
1.729088e-01   1.945942e-03   5.030381e-03   1.331309e-03   2.968270e-03   -7.810572e-04   3.480000e-01 
1.762705e-01   2.094242e-03   5.063525e-03   1.400638e-03   3.012827e-03   -8.119022e-04   3.690000e-01 
1.795383e-01   2.248929e-03   5.100085e-03   1.467763e-03   3.056762e-03   -8.423326e-04   3.906000e-01 
1.827247e-01   2.410063e-03   5.139104e-03   1.532756e-03   3.100679e-03   -8.723991e-04   4.128000e-01 
1.858376e-01   2.576994e-03   5.180170e-03   1.595736e-03   3.145313e-03   -9.023617e-04   4.356000e-01 
1.889005e-01   2.750439e-03   5.224081e-03   1.657028e-03   3.190792e-03   -9.323658e-04   4.591000e-01 
1.919035e-01   2.929035e-03   5.271277e-03   1.716172e-03   3.236035e-03   -9.619659e-04   4.831000e-01 
1.948875e-01   3.113769e-03   5.322173e-03   1.773762e-03   3.281002e-03   -9.913541e-04   5.078000e-01 
1.978393e-01   3.302788e-03   5.376086e-03   1.829406e-03   3.324683e-03   -1.020393e-03   5.330000e-01 
2.007901e-01   3.497958e-03   5.431479e-03   1.883532e-03   3.365853e-03   -1.049262e-03   5.589000e-01 
2.037354e-01   3.699018e-03   5.485309e-03   1.935793e-03   3.403456e-03   -1.077733e-03   5.854000e-01 
2.066828e-01   3.906362e-03   5.537004e-03   1.985990e-03   3.438263e-03   -1.105940e-03   6.125000e-01 
2.096408e-01   4.120523e-03   5.587760e-03   2.033793e-03   3.471337e-03   -1.133869e-03   6.402000e-01 
2.126253e-01   4.342671e-03   5.638816e-03   2.079182e-03   3.504383e-03   -1.161565e-03   6.686000e-01 
2.156158e-01   4.572228e-03   5.689488e-03   2.121946e-03   3.538527e-03   -1.188993e-03   6.975000e-01 
2.186222e-01   4.810934e-03   5.741562e-03   2.162584e-03   3.572990e-03   -1.216130e-03   7.270000e-01 
2.216493e-01   5.060343e-03   5.797257e-03   2.201673e-03   3.605001e-03   -1.242882e-03   7.572000e-01 
2.246837e-01   5.320161e-03   5.855895e-03   2.239471e-03   3.632395e-03   -1.269066e-03   7.880000e-01 
2.277353e-01   5.589569e-03   5.917285e-03   2.276080e-03   3.658046e-03   -1.294708e-03   8.194000e-01 
2.308059e-01   5.866664e-03   5.979830e-03   2.311274e-03   3.684783e-03   -1.319500e-03   8.513000e-01 
2.339260e-01   6.152253e-03   6.042935e-03   2.345264e-03   3.711386e-03   -1.343296e-03   8.839000e-01 
2.371072e-01   6.446997e-03   6.107238e-03   2.377857e-03   3.737365e-03   -1.366248e-03   9.172000e-01 
2.403355e-01   6.749815e-03   6.171663e-03   2.408666e-03   3.764348e-03   -1.388547e-03   9.510000e-01 
2.436283e-01   7.063004e-03   6.237828e-03   2.437962e-03   3.792444e-03   -1.410857e-03   9.854000e-01 
2.470007e-01   7.389248e-03   6.305608e-03   2.466017e-03   3.820020e-03   -1.433257e-03   1.020500e+00 
2.504240e-01   7.724287e-03   6.373194e-03   2.492881e-03   3.846588e-03   -1.455444e-03   1.056100e+00 
2.539121e-01   8.067092e-03   6.443386e-03   2.519499e-03   3.872518e-03   -1.477541e-03   1.092400e+00 
2.574675e-01   8.417911e-03   6.513513e-03   2.546406e-03   3.898879e-03   -1.499368e-03   1.129200e+00 
2.611453e-01   8.783249e-03   6.579899e-03   2.574482e-03   3.925476e-03   -1.521327e-03   1.166700e+00 
2.649480e-01   9.164851e-03   6.642029e-03   2.603609e-03   3.952095e-03   -1.543179e-03   1.204800e+00 
2.688566e-01   9.564273e-03   6.702473e-03   2.633003e-03   3.979678e-03   -1.564346e-03   1.243500e+00 
2.728657e-01   9.981512e-03   6.763266e-03   2.662126e-03   4.006759e-03   -1.584351e-03   1.282900e+00 
2.769439e-01   1.040892e-02   6.822685e-03   2.690486e-03   4.032862e-03   -1.603887e-03   1.322800e+00 
2.811002e-01   1.084203e-02   6.879879e-03   2.717670e-03   4.062205e-03   -1.623740e-03   1.363300e+00 
2.853448e-01   1.127978e-02   6.935381e-03   2.742413e-03   4.097916e-03   -1.644482e-03   1.404500e+00 
2.896399e-01   1.171883e-02   6.990195e-03   2.764242e-03   4.136543e-03   -1.666017e-03   1.446200e+00 
2.940149e-01   1.216382e-02   7.042711e-03   2.784056e-03   4.173782e-03   -1.687746e-03   1.488600e+00 
2.984591e-01   1.261528e-02   7.095046e-03   2.802222e-03   4.210137e-03   -1.709048e-03   1.531600e+00 
3.029514e-01   1.307635e-02   7.147873e-03   2.819425e-03   4.247070e-03   -1.728081e-03   1.575200e+00 
3.075038e-01   1.354956e-02   7.198975e-03   2.836658e-03   4.280065e-03   -1.744967e-03   1.619400e+00 
3.121215e-01   1.403199e-02   7.249064e-03   2.853862e-03   4.306862e-03   -1.761130e-03   1.664200e+00 
3.167988e-01   1.452557e-02   7.299083e-03   2.870036e-03   4.332780e-03   -1.775977e-03   1.709600e+00 
3.215441e-01   1.502885e-02   7.354573e-03   2.883670e-03   4.359221e-03   -1.789177e-03   1.755700e+00 
3.263366e-01   1.553562e-02   7.414292e-03   2.894300e-03   4.385248e-03   -1.801932e-03   1.802300e+00 
3.311945e-01   1.605316e-02   7.471642e-03   2.903733e-03   4.410863e-03   -1.814489e-03   1.849600e+00 
3.361283e-01   1.658485e-02   7.524599e-03   2.913664e-03   4.433086e-03   -1.825842e-03   1.897500e+00 
3.411673e-01   1.713071e-02   7.575753e-03   2.924064e-03   4.449888e-03   -1.835563e-03   1.945900e+00 
3.463422e-01   1.769162e-02   7.627303e-03   2.933363e-03   4.465670e-03   -1.844461e-03   1.995000e+00 
3.516033e-01   1.826025e-02   7.674554e-03   2.941262e-03   4.480142e-03   -1.853180e-03   2.044700e+00 
3.569113e-01   1.884212e-02   7.710974e-03   2.946822e-03   4.489744e-03   -1.858991e-03   2.095000e+00 
3.622927e-01   1.943911e-02   7.738540e-03   2.948930e-03   4.493840e-03   -1.863021e-03   2.146000e+00 
3.677388e-01   2.005069e-02   7.764521e-03   2.948713e-03   4.498255e-03   -1.865048e-03   2.197500e+00 
3.732402e-01   2.067910e-02   7.786267e-03   2.946384e-03   4.510401e-03   -1.865274e-03   2.249600e+00 
3.787701e-01   2.131851e-02   7.799909e-03   2.941596e-03   4.527087e-03   -1.864058e-03   2.302400e+00 
3.843246e-01   2.196617e-02   7.807086e-03   2.935353e-03   4.545189e-03   -1.861191e-03   2.355800e+00 
3.899101e-01   2.262633e-02   7.802570e-03   2.931044e-03   4.562542e-03   -1.857626e-03   2.409700e+00 
3.955688e-01   2.329903e-02   7.785614e-03   2.928553e-03   4.576083e-03   -1.852668e-03   2.464300e+00 
4.013364e-01   2.398677e-02   7.762194e-03   2.927194e-03   4.581206e-03   -1.845750e-03   2.519500e+00 
4.071740e-01   2.468761e-02   7.739395e-03   2.924931e-03   4.576020e-03   -1.835908e-03   2.575300e+00 
4.130716e-01   2.539733e-02   7.716111e-03   2.919923e-03   4.569574e-03   -1.824106e-03   2.631800e+00 
4.190779e-01   2.611258e-02   7.689582e-03   2.912483e-03   4.563745e-03   -1.812471e-03   2.688800e+00 
4.252132e-01   2.683738e-02   7.643405e-03   2.903593e-03   4.559153e-03   -1.802444e-03   2.746400e+00 
4.314415e-01   2.757505e-02   7.575378e-03   2.892315e-03   4.550472e-03   -1.792317e-03   2.804700e+00 
4.377488e-01   2.832505e-02   7.509921e-03   2.878184e-03   4.536258e-03   -1.781437e-03   2.863500e+00 
4.441520e-01   2.908722e-02   7.457954e-03   2.860923e-03   4.514728e-03   -1.769203e-03   2.923000e+00 
4.506150e-01   2.985940e-02   7.406521e-03   2.839631e-03   4.486642e-03   -1.755006e-03   2.983100e+00 
4.571321e-01   3.064409e-02   7.346838e-03   2.814886e-03   4.459343e-03   -1.738661e-03   3.043800e+00 
4.636535e-01   3.143609e-02   7.276932e-03   2.787209e-03   4.430342e-03   -1.720778e-03   3.105100e+00 
4.701627e-01   3.223195e-02   7.198717e-03   2.756808e-03   4.394140e-03   -1.703149e-03   3.167000e+00 
4.766967e-01   3.303571e-02   7.118960e-03   2.723341e-03   4.350943e-03   -1.686215e-03   3.229500e+00 
4.832472e-01   3.385064e-02   7.033485e-03   2.688286e-03   4.297089e-03   -1.669922e-03   3.292700e+00 
4.897407e-01   3.466382e-02   6.945362e-03   2.651551e-03   4.235595e-03   -1.652492e-03   3.356400e+00 
4.962752e-01   3.548620e-02   6.856534e-03   2.612584e-03   4.174904e-03   -1.631433e-03   3.420800e+00 
5.028514e-01   3.631943e-02   6.770679e-03   2.571210e-03   4.115077e-03   -1.608514e-03   3.485800e+00 
5.093966e-01   3.715049e-02   6.685836e-03   2.527332e-03   4.051367e-03   -1.583987e-03   3.551300e+00 
5.159817e-01   3.799264e-02   6.588915e-03   2.482333e-03   3.988787e-03   -1.556025e-03   3.617500e+00 
5.225927e-01   3.883999e-02   6.487574e-03   2.433728e-03   3.927282e-03   -1.526898e-03   3.684300e+00 
5.292092e-01   3.969761e-02   6.380157e-03   2.385959e-03   3.859544e-03   -1.495404e-03   3.751700e+00 
5.358743e-01   4.056804e-02   6.264957e-03   2.340442e-03   3.784394e-03   -1.462737e-03   3.819800e+00 
5.426166e-01   4.144736e-02   6.139731e-03   2.293910e-03   3.701437e-03   -1.431740e-03   3.888400e+00 
5.494475e-01   4.234177e-02   6.006036e-03   2.244003e-03   3.610067e-03   -1.399281e-03   3.957700e+00 
5.563327e-01   4.324847e-02   5.871483e-03   2.189669e-03   3.515977e-03   -1.363910e-03   4.027500e+00 
5.632262e-01   4.415948e-02   5.729996e-03   2.133024e-03   3.411178e-03   -1.328800e-03   4.098000e+00 
5.700198e-01   4.506483e-02   5.579265e-03   2.076355e-03   3.300453e-03   -1.294957e-03   4.169100e+00 
5.767259e-01   4.597142e-02   5.417757e-03   2.020219e-03   3.190622e-03   -1.259217e-03   4.240700e+00 
5.833931e-01   4.688539e-02   5.248173e-03   1.963797e-03   3.081924e-03   -1.221025e-03   4.313000e+00 
5.900427e-01   4.780385e-02   5.080534e-03   1.904703e-03   2.976064e-03   -1.181089e-03   4.385900e+00 
5.966571e-01   4.872378e-02   4.922212e-03   1.843669e-03   2.864717e-03   -1.138608e-03   4.459500e+00 
6.031368e-01   4.963139e-02   4.770668e-03   1.780783e-03   2.746622e-03   -1.095532e-03   4.533600e+00 
6.095282e-01   5.053426e-02   4.612774e-03   1.715293e-03   2.629561e-03   -1.051678e-03   4.608300e+00 
6.158675e-01   5.143643e-02   4.444908e-03   1.648505e-03   2.513743e-03   -1.006201e-03   4.683700e+00 
6.221347e-01   5.233307e-02   4.272242e-03   1.584185e-03   2.396050e-03   -9.605187e-04   4.759700e+00 
6.283327e-01   5.322496e-02   4.102609e-03   1.520625e-03   2.276812e-03   -9.151589e-04   4.836200e+00 
6.344626e-01   5.411646e-02   3.926062e-03   1.456163e-03   2.154452e-03   -8.714448e-04   4.913400e+00 
6.405402e-01   5.501390e-02   3.737839e-03   1.393035e-03   2.031030e-03   -8.268374e-04   4.991200e+00 
6.465791e-01   5.591644e-02   3.542962e-03   1.330442e-03   1.912650e-03   -7.811151e-04   5.069600e+00 
6.525557e-01   5.681742e-02   3.348891e-03   1.266324e-03   1.795539e-03   -7.346051e-04   5.148600e+00 
6.584225e-01   5.771251e-02   3.152971e-03   1.200752e-03   1.678072e-03   -6.882790e-04   5.228300e+00 
6.641117e-01   5.859241e-02   2.952886e-03   1.135594e-03   1.559520e-03   -6.436960e-04   5.308500e+00 
6.696719e-01   5.946377e-02   2.758049e-03   1.071358e-03   1.444479e-03   -5.975675e-04   5.389400e+00 
6.751081e-01   6.032661e-02   2.567676e-03   1.007559e-03   1.330558e-03   -5.510641e-04   5.470800e+00 
6.804210e-01   6.118144e-02   2.375658e-03   9.453725e-04   1.219677e-03   -5.041594e-04   5.552900e+00 
6.855701e-01   6.202169e-02   2.183611e-03   8.849209e-04   1.112539e-03   -4.583298e-04   5.635600e+00 
6.904703e-01   6.283635e-02   1.998156e-03   8.258812e-04   1.008075e-03   -4.153776e-04   5.718900e+00 
6.950934e-01   6.362186e-02   1.818352e-03   7.689603e-04   9.066887e-04   -3.752028e-04   5.802800e+00 
6.994870e-01   6.438537e-02   1.639037e-03   7.144540e-04   8.070661e-04   -3.368102e-04   5.887300e+00 
7.036673e-01   6.513006e-02   1.462136e-03   6.615302e-04   7.143505e-04   -2.997252e-04   5.972400e+00 
7.076207e-01   6.585602e-02   1.289655e-03   6.096378e-04   6.327374e-04   -2.633380e-04   6.058100e+00 
7.112975e-01   6.655529e-02   1.126126e-03   5.587349e-04   5.577689e-04   -2.288374e-04   6.144500e+00 
7.146362e-01   6.721847e-02   9.747494e-04   5.090520e-04   4.864670e-04   -1.975561e-04   6.231400e+00 
7.176590e-01   6.784999e-02   8.348523e-04   4.615173e-04   4.202162e-04   -1.687947e-04   6.319000e+00 
7.203694e-01   6.844861e-02   7.083145e-04   4.166931e-04   3.605978e-04   -1.432026e-04   6.407200e+00 
7.227604e-01   6.901331e-02   5.961160e-04   3.745407e-04   3.081303e-04   -1.210172e-04   6.496000e+00 
7.248419e-01   6.954546e-02   4.978074e-04   3.351122e-04   2.614389e-04   -1.017888e-04   6.585400e+00 
7.266389e-01   7.004689e-02   4.128199e-04   2.983259e-04   2.200755e-04   -8.554789e-05   6.675400e+00 
7.281906e-01   7.052386e-02   3.384737e-04   2.648205e-04   1.842130e-04   -7.130708e-05   6.766000e+00 
7.295099e-01   7.097733e-02   2.749199e-04   2.345305e-04   1.535150e-04   -5.869853e-05   6.857200e+00 
7.305982e-01   7.140672e-02   2.225226e-04   2.071976e-04   1.269808e-04   -4.783597e-05   6.949100e+00 
7.314824e-01   7.181427e-02   1.802732e-04   1.824546e-04   1.040537e-04   -3.864868e-05   7.041500e+00 
7.322027e-01   7.220569e-02   1.451579e-04   1.599976e-04   8.510226e-05   -3.099131e-05   7.134600e+00 
7.327742e-01   7.258193e-02   1.173309e-04   1.394093e-04   6.974471e-05   -2.474164e-05   7.228300e+00 
7.332142e-01   7.294469e-02   9.568542e-05   1.207406e-04   5.662965e-05   -1.967514e-05   7.322600e+00 
7.335523e-01   7.329781e-02   7.846936e-05   1.044271e-04   4.596194e-05   -1.531090e-05   7.417500e+00 
7.338055e-01   7.364302e-02   6.514548e-05   9.023032e-05   3.755402e-05   -1.176792e-05   7.513000e+00 
7.339878e-01   7.398198e-02   5.475013e-05   7.785866e-05   3.075749e-05   -9.055119e-06   7.609100e+00 
7.341141e-01   7.431668e-02   4.633635e-05   6.720150e-05   2.540446e-05   -6.966891e-06   7.705800e+00 
7.341929e-01   7.464859e-02   3.956735e-05   5.815314e-05   2.112572e-05   -5.352042e-06   7.803200e+00 
7.342292e-01   7.497746e-02   3.435985e-05   5.045733e-05   1.756492e-05   -4.148959e-06   7.901100e+00 
7.342256e-01   7.530443e-02   3.014394e-05   4.396928e-05   1.464966e-05   -3.283207e-06   7.999700e+00 
7.341851e-01   7.562928e-02   2.651722e-05   3.848850e-05   1.244569e-05   -2.690635e-06   8.098800e+00 
7.341109e-01   7.595319e-02   2.347123e-05   3.392095e-05   1.062093e-05   -2.214110e-06   8.198600e+00 
7.340048e-01   7.627601e-02   2.082858e-05   3.011436e-05   9.088991e-06   -1.819158e-06   8.299000e+00 
7.338692e-01   7.659787e-02   1.864039e-05   2.685636e-05   7.853922e-06   -1.519173e-06   8.400000e+00 
7.337085e-01   7.691928e-02   1.688650e-05   2.402031e-05   6.843147e-06   -1.241544e-06   8.501600e+00 
7.335257e-01   7.724094e-02   1.534740e-05   2.154343e-05   6.006833e-06   -1.007580e-06   8.603900e+00 
7.333247e-01   7.756251e-02   1.389635e-05   1.941263e-05   5.323961e-06   -8.647459e-07   8.706700e+00 
7.331106e-01   7.788491e-02   1.258737e-05   1.757812e-05   4.754098e-06   -7.833765e-07   8.810100e+00 
7.328889e-01   7.820906e-02   1.144499e-05   1.597778e-05   4.269920e-06   -7.260795e-07   8.914200e+00 
7.326647e-01   7.853520e-02   1.043144e-05   1.456840e-05   3.861834e-06   -6.791430e-07   9.018900e+00 
7.324417e-01   7.886345e-02   9.529034e-06   1.332412e-05   3.504515e-06   -6.339196e-07   9.124100e+00 
7.322220e-01   7.919469e-02   8.720755e-06   1.222335e-05   3.183402e-06   -5.937711e-07   9.230000e+00 
7.320066e-01   7.952871e-02   7.996083e-06   1.124735e-05   2.900397e-06   -5.646049e-07   9.336500e+00 
7.317963e-01   7.986559e-02   7.346069e-06   1.037746e-05   2.650523e-06   -5.428001e-07   9.443600e+00 
7.315907e-01   8.020563e-02   6.763333e-06   9.597701e-06   2.427147e-06   -5.231438e-07   9.551400e+00 
7.313897e-01   8.054818e-02   6.240685e-06   8.897069e-06   2.227046e-06   -5.035822e-07   9.659700e+00 
7.311918e-01   8.089338e-02   5.770312e-06   8.264398e-06   2.047110e-06   -4.838547e-07   9.768600e+00 
7.309957e-01   8.124145e-02   5.346373e-06   7.690645e-06   1.884614e-06   -4.637913e-07   9.878200e+00 
7.307996e-01   8.159188e-02   4.963930e-06   7.169271e-06   1.737489e-06   -4.438647e-07   9.988400e+00 
7.306033e-01   8.194427e-02   4.617458e-06   6.694761e-06   1.603947e-06   -4.240233e-07   1.009910e+01 
7.304041e-01   8.229905e-02   4.301882e-06   6.261056e-06   1.482291e-06   -4.044635e-07   1.021050e+01 
7.302025e-01   8.265590e-02   4.013658e-06   5.864059e-06   1.371384e-06   -3.851793e-07   1.032250e+01 
7.299963e-01   8.301460e-02   3.749762e-06   5.499734e-06   1.270079e-06   -3.666255e-07   1.043510e+01 
7.297863e-01   8.337555e-02   3.507216e-06   5.164445e-06   1.177305e-06   -3.486884e-07   1.054840e+01 
7.295706e-01   8.373791e-02   3.284238e-06   4.855798e-06   1.092359e-06   -3.316720e-07   1.066220e+01 
7.293510e-01   8.410216e-02   3.078514e-06   4.570979e-06   1.014388e-06   -3.153522e-07   1.077660e+01 
7.291245e-01   8.446839e-02   2.888306e-06   4.307484e-06   9.426675e-07   -2.998828e-07   1.089170e+01 
7.288945e-01   8.483618e-02   2.712392e-06   4.063799e-06   8.767227e-07   -2.851338e-07   1.100730e+01 
7.286571e-01   8.520593e-02   2.549224e-06   3.837751e-06   8.159116e-07   -2.710964e-07   1.112360e+01 
7.284160e-01   8.557755e-02   2.397779e-06   3.627978e-06   7.598219e-07   -2.577679e-07   1.124050e+01 
7.281676e-01   8.595082e-02   2.257017e-06   3.433134e-06   7.080328e-07   -2.449755e-07   1.135800e+01 
7.279154e-01   8.632594e-02   2.126060e-06   3.251908e-06   6.601647e-07   -2.328731e-07   1.147610e+01 
7.276558e-01   8.670273e-02   2.004009e-06   3.083262e-06   6.158816e-07   -2.211061e-07   1.159480e+01 
7.273922e-01   8.708130e-02   1.890249e-06   2.926078e-06   5.748744e-07   -2.100248e-07   1.171410e+01 
7.271213e-01   8.746193e-02   1.783900e-06   2.779432e-06   5.368425e-07   -1.991326e-07   1.183410e+01 
7.268459e-01   8.784394e-02   1.684699e-06   2.642612e-06   5.015962e-07   -1.889103e-07   1.195460e+01 
7.265637e-01   8.822809e-02   1.591791e-06   2.514742e-06   4.688555e-07   -1.788424e-07   1.207580e+01 
7.262764e-01   8.861352e-02   1.504979e-06   2.395237e-06   4.384677e-07   -1.693401e-07   1.219750e+01 
7.259828e-01   8.900118e-02   1.423575e-06   2.283345e-06   4.101993e-07   -1.600603e-07   1.231990e+01 
7.256834e-01   8.939037e-02   1.347298e-06   2.178550e-06   3.839074e-07   -1.511474e-07   1.244290e+01 
7.253779e-01   8.978148e-02   1.275789e-06   2.080319e-06   3.594382e-07   -1.426068e-07   1.256650e+01 
7.250668e-01   9.017415e-02   1.208632e-06   1.988231e-06   3.366529e-07   -1.341861e-07   1.269070e+01 
7.247485e-01   9.056897e-02   1.145610e-06   1.901666e-06   3.154056e-07   -1.262867e-07   1.281560e+01 
7.244260e-01   9.096516e-02   1.086349e-06   1.820510e-06   2.956171e-07   -1.183276e-07   1.294100e+01 
7.240949e-01   9.136299e-02   1.030754e-06   1.744137e-06   2.771578e-07   -1.109600e-07   1.306700e+01 
7.237606e-01   9.176301e-02   9.783253e-07   1.672328e-06   2.599225e-07   -1.034945e-07   1.319370e+01 
7.234161e-01   9.216449e-02   9.290725e-07   1.604683e-06   2.438314e-07   -9.650978e-08   1.332100e+01 
7.230703e-01   9.256764e-02   8.826924e-07   1.541051e-06   2.288174e-07   -8.962122e-08   1.344880e+01 
7.227130e-01   9.297254e-02   8.389623e-07   1.481044e-06   2.147772e-07   -8.290905e-08   1.357730e+01 
7.223542e-01   9.337937e-02   7.977899e-07   1.424398e-06   2.016563e-07   -7.659716e-08   1.370640e+01 
7.219852e-01   9.378780e-02   7.588807e-07   1.371038e-06   1.893881e-07   -7.014367e-08   1.383610e+01 
7.216131e-01   9.419792e-02   7.222775e-07   1.320532e-06   1.779139e-07   -6.431456e-08   1.396640e+01 
7.212327e-01   9.461030e-02   6.876083e-07   1.272899e-06   1.671715e-07   -5.819214e-08   1.409740e+01 
7.208472e-01   9.502371e-02   6.550065e-07   1.227803e-06   1.571256e-07   -5.262561e-08   1.422890e+01 
7.204554e-01   9.543968e-02   6.241832e-07   1.185183e-06   1.477152e-07   -4.691611e-08   1.436110e+01 
7.200568e-01   9.585646e-02   5.951535e-07   1.144877e-06   1.389110e-07   -4.135050e-08   1.449380e+01 
7.196513e-01   9.627572e-02   5.678199e-07   1.106637e-06   1.306596e-07   -3.601181e-08   1.462720e+01 
7.192393e-01   9.669616e-02   5.419968e-07   1.070520e-06   1.229322e-07   -3.036148e-08   1.476120e+01 
7.188171e-01   9.711831e-02   5.177373e-07   1.036138e-06   1.156919e-07   -2.527548e-08   1.489580e+01 
7.183911e-01   9.754199e-02   4.947440e-07   1.003651e-06   1.089100e-07   -1.981400e-08   1.503100e+01 
7.179512e-01   9.796689e-02   4.730374e-07   9.726854e-07   1.025527e-07   -1.488847e-08   1.516680e+01 
7.175103e-01   9.839367e-02   4.524569e-07   9.432845e-07   9.659572e-08   -9.983435e-09   1.530320e+01 
7.170546e-01   9.882198e-02   4.329251e-07   9.153389e-07   9.100662e-08   -5.108880e-09   1.544030e+01 
7.165979e-01   9.925172e-02   4.145050e-07   8.886558e-07   8.577146e-08   -7.457524e-10   1.557790e+01 
7.161293e-01   9.968349e-02   3.970300e-07   8.634026e-07   8.085950e-08   4.095118e-09   1.571620e+01 
7.156551e-01   1.001160e-01   3.805869e-07   8.392079e-07   7.625731e-08   8.289271e-09   1.585500e+01 
7.151729e-01   1.005511e-01   3.650234e-07   8.162587e-07   7.193914e-08   1.285028e-08   1.599450e+01 
7.146813e-01   1.009867e-01   3.503094e-07   7.943288e-07   6.789037e-08   1.716407e-08   1.613460e+01 
7.141825e-01   1.014247e-01   3.364076e-07   7.733361e-07   6.409338e-08   2.119277e-08   1.627530e+01 
7.136764e-01   1.018635e-01   3.232278e-07   7.534262e-07   6.053423e-08   2.559588e-08   1.641660e+01 
7.131582e-01   1.023044e-01   3.107613e-07   7.341935e-07   5.719317e-08   2.926643e-08   1.655860e+01 
7.126390e-01   1.027466e-01   2.989807e-07   7.159825e-07   5.406488e-08   3.342195e-08   1.670110e+01 
7.121030e-01   1.031898e-01   2.878312e-07   6.984624e-07   5.113018e-08   3.717780e-08   1.684420e+01 
7.115678e-01   1.036353e-01   2.772999e-07   6.816490e-07   4.837899e-08   4.079049e-08   1.698800e+01 
7.110165e-01   1.040821e-01   2.673577e-07   6.656782e-07   4.579954e-08   4.477543e-08   1.713240e+01 
7.104622e-01   1.045297e-01   2.579451e-07   6.501649e-07   4.338451e-08   4.800528e-08   1.727730e+01 
7.098980e-01   1.049800e-01   2.491041e-07   6.354736e-07   4.112021e-08   5.184502e-08   1.742290e+01 
7.093237e-01   1.054303e-01   2.407166e-07   6.212446e-07   3.899941e-08   5.520253e-08   1.756910e+01 
7.087431e-01   1.058835e-01   2.328243e-07   6.075591e-07   3.701344e-08   5.847316e-08   1.771590e+01 
7.081530e-01   1.063372e-01   2.254183e-07   5.945422e-07   3.515375e-08   6.214715e-08   1.786340e+01 
7.075509e-01   1.067925e-01   2.183599e-07   5.817910e-07   3.341393e-08   6.502356e-08   1.801140e+01 
7.069480e-01   1.072493e-01   2.118195e-07   5.697304e-07   3.178813e-08   6.853056e-08   1.816000e+01 
7.063245e-01   1.077071e-01   2.055869e-07   5.579876e-07   3.026582e-08   7.161500e-08   1.830930e+01 
7.057038e-01   1.081665e-01   1.997197e-07   5.466158e-07   2.884580e-08   7.447738e-08   1.845910e+01 
7.050651e-01   1.086276e-01   1.942994e-07   5.358278e-07   2.751774e-08   7.787668e-08   1.860960e+01 
7.044213e-01   1.090891e-01   1.890352e-07   5.251377e-07   2.627939e-08   8.037423e-08   1.876070e+01 
7.037697e-01   1.095537e-01   1.842686e-07   5.150144e-07   2.512445e-08   8.347993e-08   1.891240e+01 
7.031055e-01   1.100175e-01   1.797610e-07   5.051795e-07   2.404884e-08   8.636918e-08   1.906470e+01 
7.024339e-01   1.104843e-01   1.754950e-07   4.955285e-07   2.304712e-08   8.884063e-08   1.921760e+01 
7.017546e-01   1.109517e-01   1.717630e-07   4.864478e-07   2.211587e-08   9.208522e-08   1.937120e+01 
7.010564e-01   1.114197e-01   1.680808e-07   4.773851e-07   2.125085e-08   9.449082e-08   1.952530e+01 
7.003607e-01   1.118895e-01   1.648485e-07   4.687304e-07   2.044964e-08   9.727845e-08   1.968000e+01 
6.996398e-01   1.123599e-01   1.619449e-07   4.603930e-07   1.970539e-08   1.002351e-07   1.983540e+01 
6.989168e-01   1.128311e-01   1.590548e-07   4.520284e-07   1.901684e-08   1.023829e-07   1.999140e+01 
6.981802e-01   1.133046e-01   1.567946e-07   4.441894e-07   1.837910e-08   1.053878e-07   2.014800e+01 
6.974295e-01   1.137763e-01   1.545655e-07   4.363695e-07   1.779112e-08   1.077712e-07   2.030510e+01 
6.966709e-01   1.142521e-01   1.525812e-07   4.286929e-07   1.724795e-08   1.100110e-07   2.046300e+01 
6.959019e-01   1.147268e-01   1.510912e-07   4.214271e-07   1.674858e-08   1.128392e-07   2.062140e+01 
6.951154e-01   1.152031e-01   1.492895e-07   4.139677e-07   1.628712e-08   1.145913e-07   2.078040e+01 
6.943347e-01   1.156815e-01   1.478817e-07   4.068604e-07   1.586148e-08   1.168524e-07   2.094000e+01 
6.935292e-01   1.161605e-01   1.465717e-07   3.999128e-07   1.546618e-08   1.191365e-07   2.110030e+01 
6.927274e-01   1.166408e-01   1.450359e-07   3.928513e-07   1.510079e-08   1.206628e-07   2.126110e+01 
6.919128e-01   1.171241e-01   1.442311e-07   3.862588e-07   1.476177e-08   1.231572e-07   2.142260e+01 
6.910836e-01   1.176055e-01   1.432720e-07   3.795614e-07   1.444898e-08   1.249776e-07   2.158470e+01 
6.902490e-01   1.180910e-01   1.424491e-07   3.729069e-07   1.415997e-08   1.265710e-07   2.174740e+01 
6.894039e-01   1.185754e-01   1.422689e-07   3.666469e-07   1.389479e-08   1.288995e-07   2.191070e+01 
6.885371e-01   1.190608e-01   1.416077e-07   3.601320e-07   1.365003e-08   1.301714e-07   2.207460e+01 
6.876770e-01   1.195483e-01   1.414091e-07   3.538972e-07   1.342630e-08   1.318685e-07   2.223910e+01 
6.867881e-01   1.200355e-01   1.415350e-07   3.478884e-07   1.322035e-08   1.338510e-07   2.240420e+01 
6.858966e-01   1.205232e-01   1.411223e-07   3.416180e-07   1.303207e-08   1.348083e-07   2.257000e+01 
6.849956e-01   1.210142e-01   1.414955e-07   3.357833e-07   1.285983e-08   1.366398e-07   2.273630e+01 
6.840751e-01   1.215022e-01   1.417626e-07   3.299372e-07   1.270294e-08   1.381463e-07   2.290330e+01 
6.831464e-01   1.219942e-01   1.416976e-07   3.239514e-07   1.255946e-08   1.389875e-07   2.307090e+01 
6.822133e-01   1.224858e-01   1.425314e-07   3.184331e-07   1.243024e-08   1.408131e-07   2.323910e+01 
6.812503e-01   1.229767e-01   1.428632e-07   3.127261e-07   1.231208e-08   1.418484e-07   2.340780e+01 
6.802951e-01   1.234703e-01   1.431900e-07   3.070382e-07   1.220625e-08   1.426832e-07   2.357730e+01 
6.793154e-01   1.239644e-01   1.443529e-07   3.017661e-07   1.211062e-08   1.443781e-07   2.374730e+01 
6.783230e-01   1.244561e-01   1.447250e-07   2.961893e-07   1.202500e-08   1.450021e-07   2.391790e+01 
6.773266e-01   1.249529e-01   1.454827e-07   2.908044e-07   1.194856e-08   1.459000e-07   2.408910e+01 
6.763123e-01   1.254467e-01   1.468388e-07   2.857141e-07   1.188123e-08   1.473471e-07   2.426100e+01 
6.752767e-01   1.259420e-01   1.472859e-07   2.802801e-07   1.182080e-08   1.476647e-07   2.443350e+01 
6.742500e-01   1.264389e-01   1.484413e-07   2.751703e-07   1.176933e-08   1.485977e-07   2.460650e+01 
6.731873e-01   1.269348e-01   1.499106e-07   2.702241e-07   1.172364e-08   1.497555e-07   2.478020e+01 
6.721227e-01   1.274302e-01   1.504514e-07   2.649501e-07   1.168493e-08   1.498351e-07   2.495450e+01 
6.710489e-01   1.279300e-01   1.519726e-07   2.600817e-07   1.165237e-08   1.507781e-07   2.512940e+01 
6.699518e-01   1.284247e-01   1.534897e-07   2.552595e-07   1.162536e-08   1.516255e-07   2.530490e+01 
6.688423e-01   1.289230e-01   1.541660e-07   2.501504e-07   1.160306e-08   1.515423e-07   2.548100e+01 
6.677346e-01   1.294220e-01   1.559813e-07   2.454921e-07   1.158693e-08   1.524358e-07   2.565780e+01 
6.665876e-01   1.299185e-01   1.575234e-07   2.407778e-07   1.157384e-08   1.529907e-07   2.583510e+01 
6.654467e-01   1.304163e-01   1.583284e-07   2.358292e-07   1.156598e-08   1.527631e-07   2.601310e+01 
6.642887e-01   1.309172e-01   1.603928e-07   2.313541e-07   1.156195e-08   1.535756e-07   2.619170e+01 
6.631072e-01   1.314119e-01   1.619476e-07   2.267474e-07   1.156125e-08   1.538608e-07   2.637080e+01 
6.619178e-01   1.319119e-01   1.628868e-07   2.219549e-07   1.156395e-08   1.535116e-07   2.655060e+01 
6.607250e-01   1.324108e-01   1.651343e-07   2.176390e-07   1.157082e-08   1.541962e-07   2.673100e+01 
6.594910e-01   1.329072e-01   1.667342e-07   2.131457e-07   1.157902e-08   1.542663e-07   2.691200e+01 
6.582672e-01   1.334055e-01   1.677600e-07   2.084943e-07   1.159137e-08   1.537718e-07   2.709370e+01 
6.570222e-01   1.339058e-01   1.701626e-07   2.043225e-07   1.160584e-08   1.543200e-07   2.727590e+01 
6.557522e-01   1.343994e-01   1.718112e-07   1.999516e-07   1.162227e-08   1.542004e-07   2.745870e+01 
6.544759e-01   1.348991e-01   1.729008e-07   1.954322e-07   1.164111e-08   1.535567e-07   2.764220e+01 
6.531947e-01   1.353968e-01   1.754044e-07   1.913892e-07   1.166273e-08   1.539374e-07   2.782630e+01 
6.518701e-01   1.358912e-01   1.771481e-07   1.871564e-07   1.168448e-08   1.536794e-07   2.801090e+01 
6.505573e-01   1.363876e-01   1.782441e-07   1.827604e-07   1.170946e-08   1.528574e-07   2.819620e+01 
6.492222e-01   1.368863e-01   1.808276e-07   1.788446e-07   1.173551e-08   1.530700e-07   2.838210e+01 
6.478593e-01   1.373770e-01   1.826897e-07   1.747587e-07   1.176249e-08   1.527018e-07   2.856860e+01 
6.464896e-01   1.378737e-01   1.837763e-07   1.704822e-07   1.179102e-08   1.517081e-07   2.875570e+01 
6.451177e-01   1.383691e-01   1.863663e-07   1.666712e-07   1.182165e-08   1.517140e-07   2.894350e+01 
6.436975e-01   1.388599e-01   1.884021e-07   1.627455e-07   1.185149e-08   1.512817e-07   2.913180e+01 
6.422871e-01   1.393519e-01   1.894305e-07   1.585743e-07   1.188386e-08   1.500962e-07   2.932080e+01 
6.408601e-01   1.398475e-01   1.919670e-07   1.548536e-07   1.191683e-08   1.498685e-07   2.951030e+01 
6.394015e-01   1.403339e-01   1.942246e-07   1.510972e-07   1.195004e-08   1.494056e-07   2.970050e+01 
6.379281e-01   1.408246e-01   1.952271e-07   1.470440e-07   1.198389e-08   1.480644e-07   2.989130e+01 
6.364642e-01   1.413159e-01   1.976079e-07   1.433877e-07   1.201974e-08   1.475561e-07   3.008270e+01 
6.349461e-01   1.418018e-01   2.001150e-07   1.398056e-07   1.205391e-08   1.470813e-07   3.027470e+01 
6.334293e-01   1.422857e-01   2.011122e-07   1.358762e-07   1.208964e-08   1.456101e-07   3.046730e+01 
6.319053e-01   1.427765e-01   2.032396e-07   1.322660e-07   1.212566e-08   1.447830e-07   3.066050e+01 
6.303506e-01   1.432575e-01   2.059719e-07   1.288461e-07   1.216133e-08   1.442771e-07   3.085440e+01 
6.287656e-01   1.437387e-01   2.071054e-07   1.250765e-07   1.219603e-08   1.427650e-07   3.104880e+01 
6.272005e-01   1.442231e-01   2.088699e-07   1.214968e-07   1.223269e-08   1.415755e-07   3.124390e+01 
6.255886e-01   1.447037e-01   2.117658e-07   1.182317e-07   1.226702e-08   1.410009e-07   3.143950e+01 
6.239564e-01   1.451765e-01   2.131536e-07   1.146555e-07   1.230141e-08   1.395146e-07   3.163580e+01 
6.223236e-01   1.456583e-01   2.145127e-07   1.111142e-07   1.233572e-08   1.379640e-07   3.183270e+01 
6.206776e-01   1.461336e-01   2.173792e-07   1.079649e-07   1.236993e-08   1.372140e-07   3.203020e+01 
6.189759e-01   1.466032e-01   2.191956e-07   1.046260e-07   1.240138e-08   1.358413e-07   3.222830e+01 
6.172948e-01   1.470751e-01   2.202127e-07   1.011525e-07   1.243471e-08   1.339929e-07   3.242700e+01 
6.155878e-01   1.475500e-01   2.228071e-07   9.806151e-08   1.246623e-08   1.329468e-07   3.262640e+01 
6.138462e-01   1.480115e-01   2.251014e-07   9.494978e-08   1.249692e-08   1.317045e-07   3.282630e+01 
6.120843e-01   1.484774e-01   2.260136e-07   9.157970e-08   1.252627e-08   1.297036e-07   3.302690e+01 
6.103411e-01   1.489444e-01   2.280649e-07   8.849087e-08   1.255715e-08   1.282535e-07   3.322800e+01 
6.085359e-01   1.494046e-01   2.307424e-07   8.557613e-08   1.258399e-08   1.270834e-07   3.342980e+01 
6.067200e-01   1.498575e-01   2.318618e-07   8.239559e-08   1.261148e-08   1.250946e-07   3.363220e+01 
6.049029e-01   1.503204e-01   2.332661e-07   7.932307e-08   1.263744e-08   1.232129e-07   3.383520e+01 
6.030669e-01   1.507738e-01   2.359869e-07   7.656891e-08   1.266322e-08   1.219371e-07   3.403880e+01 
6.011718e-01   1.512205e-01   2.376441e-07   7.366045e-08   1.268464e-08   1.201123e-07   3.424300e+01 
5.992992e-01   1.516696e-01   2.385443e-07   7.066343e-08   1.270860e-08   1.178958e-07   3.444790e+01 
5.974012e-01   1.521217e-01   2.408500e-07   6.798073e-08   1.272892e-08   1.163075e-07   3.465330e+01 
5.954657e-01   1.525583e-01   2.431002e-07   6.534336e-08   1.274917e-08   1.146597e-07   3.485940e+01 
5.935005e-01   1.529966e-01   2.439376e-07   6.249810e-08   1.276580e-08   1.123412e-07   3.506600e+01 
5.915628e-01   1.534383e-01   2.454928e-07   5.983591e-08   1.278578e-08   1.103164e-07   3.527330e+01 
5.895652e-01   1.538736e-01   2.480121e-07   5.739326e-08   1.279966e-08   1.086921e-07   3.548120e+01 
5.875400e-01   1.542949e-01   2.493051e-07   5.479322e-08   1.281550e-08   1.064958e-07   3.568970e+01 
5.855146e-01   1.547276e-01   2.502057e-07   5.217367e-08   1.282794e-08   1.040994e-07   3.589880e+01 
5.834909e-01   1.551551e-01   2.523387e-07   4.982500e-08   1.284383e-08   1.022084e-07   3.610850e+01 
5.813851e-01   1.555693e-01   2.542901e-07   4.749471e-08   1.285195e-08   1.002051e-07   3.631880e+01 
5.792957e-01   1.559826e-01   2.551302e-07   4.503643e-08   1.286589e-08   9.770500e-08   3.652980e+01 
5.771946e-01   1.564039e-01   2.563980e-07   4.271334e-08   1.287416e-08   9.538275e-08   3.674130e+01 
5.750601e-01   1.568089e-01   2.586208e-07   4.059154e-08   1.288666e-08   9.340887e-08   3.695350e+01 
5.728772e-01   1.572105e-01   2.599352e-07   3.839633e-08   1.289120e-08   9.105802e-08   3.716620e+01 
5.707096e-01   1.576102e-01   2.604732e-07   3.615604e-08   1.290420e-08   8.839333e-08   3.737960e+01 
5.685119e-01   1.580134e-01   2.623160e-07   3.415578e-08   1.290948e-08   8.619534e-08   3.759360e+01 
5.662980e-01   1.584037e-01   2.640970e-07   3.222190e-08   1.292292e-08   8.396787e-08   3.780820e+01 
5.640057e-01   1.587821e-01   2.646607e-07   3.018501e-08   1.292687e-08   8.126587e-08   3.802340e+01 
5.617694e-01   1.591704e-01   2.659159e-07   2.827384e-08   1.294487e-08   7.875748e-08   3.823920e+01 
5.594961e-01   1.595609e-01   2.673733e-07   2.649179e-08   1.295225e-08   7.636443e-08   3.845570e+01 
5.571384e-01   1.599150e-01   2.685771e-07   2.473107e-08   1.296960e-08   7.384085e-08   3.867270e+01 
5.547943e-01   1.602874e-01   2.696473e-07   2.298711e-08   1.297763e-08   7.120620e-08   3.889040e+01 
5.524867e-01   1.606632e-01   2.701557e-07   2.129168e-08   1.300118e-08   6.843553e-08   3.910870e+01 
5.500570e-01   1.610126e-01   2.717216e-07   1.978499e-08   1.300854e-08   6.599927e-08   3.932750e+01 
5.476547e-01   1.613613e-01   2.730650e-07   1.828457e-08   1.303404e-08   6.342601e-08   3.954700e+01 
5.452198e-01   1.617143e-01   2.729880e-07   1.671465e-08   1.304506e-08   6.042744e-08   3.976710e+01 
5.427808e-01   1.620557e-01   2.743563e-07   1.531666e-08   1.307655e-08   5.784278e-08   3.998780e+01 
5.402980e-01   1.623971e-01   2.755867e-07   1.397103e-08   1.308925e-08   5.521845e-08   4.020910e+01 
5.377745e-01   1.627147e-01   2.759255e-07   1.261253e-08   1.312191e-08   5.230699e-08   4.043110e+01 
5.352408e-01   1.630434e-01   2.768376e-07   1.135440e-08   1.313680e-08   4.953785e-08   4.065360e+01 
5.327347e-01   1.633710e-01   2.773910e-07   1.016001e-08   1.317455e-08   4.669436e-08   4.087680e+01 
5.301192e-01   1.636765e-01   2.783077e-07   9.063393e-09   1.318777e-08   4.395424e-08   4.110050e+01 
5.275214e-01   1.639759e-01   2.789534e-07   7.995787e-09   1.322609e-08   4.109537e-08   4.132490e+01 
5.248808e-01   1.642775e-01   2.789917e-07   6.963593e-09   1.324190e-08   3.808425e-08   4.154990e+01 
5.222713e-01   1.645768e-01   2.802437e-07   6.069591e-09   1.328154e-08   3.537831e-08   4.177550e+01 
5.195832e-01   1.648662e-01   2.802820e-07   5.203258e-09   1.329763e-08   3.239257e-08   4.200170e+01 
5.168422e-01   1.651217e-01   2.802654e-07   4.396200e-09   1.333193e-08   2.935778e-08   4.222850e+01 
5.141257e-01   1.654049e-01   2.816927e-07   3.715683e-09   1.334967e-08   2.666639e-08   4.245590e+01 
5.114380e-01   1.656841e-01   2.815577e-07   3.064110e-09   1.338329e-08   2.361700e-08   4.268400e+01 
5.086051e-01   1.659289e-01   2.808480e-07   2.479305e-09   1.340236e-08   2.045458e-08   4.291260e+01 
5.057828e-01   1.661615e-01   2.820498e-07   2.000163e-09   1.342555e-08   1.771215e-08   4.314190e+01 
5.029750e-01   1.664175e-01   2.827501e-07   1.555567e-09   1.345718e-08   1.485503e-08   4.337180e+01 
5.001605e-01   1.666607e-01   2.816680e-07   1.165113e-09   1.346800e-08   1.161426e-08   4.360220e+01 
4.972740e-01   1.668707e-01   2.815188e-07   8.174943e-10   1.351648e-08   8.665867e-09   4.383330e+01 
4.942002e-01   1.670684e-01   2.824882e-07   6.064802e-10   1.348247e-08   5.893589e-09   4.406500e+01 
4.917866e-01   1.672645e-01   2.824630e-07   2.793669e-10   1.359407e-08   2.939112e-09   4.429740e+01 
4.876049e-01   1.672376e-01   2.824243e-07   2.428613e-17   1.348104e-08   -1.804112e-16   4.453030e+01 
