% The data presented here were obtained from a direct numerical simulation of a turbulent 
% boundary layer developing under a pressure gradient. All the data shown here are 
% not normalized. Please refer to the references below for rmore detailed information.
 
 
% We compute the boundary layer thickness using the method of Griffin et al. (2021). 
% The pressure-gradient parameters of beta_{ZS} and beta_i are computed as follows. 
% beta_{ZS}=(delta)/(rho U_{ZS}^2)(dp_e/dx) and beta_i = (nu/rho u_tau^3)(d p_w/dx) 
% where $delta$ is the boundary layer thickness, $U_{ZS}$ is the Zagorola-Smits velocity, 
% $p_e$ and $p_w$ are the pressure at the edge of boundary layer and wall, respectively. 
 
 
% Please check this report for rmore detailed information about the data: 
% Gungor, T. R., Gungor, A. G.., Maciel, Y. (2024). Datasets of  
% three non-equilibrium pressure gradient turbulent boundary layers.  
 
 
% Please cite this paper when referencing the data: 
% Gungor, T. R., Maciel, Y., & Gungor, A. G. (2022). 
% Energy transfer mechanisms in adverse pressure gradient turbulent boundary layers: 
% production and inter-component redistribution. Journal of Fluid Mechanics, 948, A5  
 
  
% ========================================================================================= 
% 	 	 	************ Position 7 of DNS22 ************ 
% ========================================================================================= 

% 	 Re_tau = 4.026868e+02 
% 	 Re_theta=6.100912e+03 
% 	 utau=7.072197e-03 
% 	 U_e=6.641190e-01 
% 	 theta=2.624707e+00 
% 	 delta_star=7.534308e+00 
% 	 delta=1.626841e+01 
%  	 x_pos=1.966475e+02 
% 	 H=2.870533e+00 
% 	 C_f=2.232831e-04 
% 	 nu=2.857143e-04 
% 	 beta_RC=3.994168e+01 
% 	 beta_i=3.265666e-01 
% 	 beta_ZS=6.865977e-02 
 
% ========================================================================================================== 
% 	 U   	   V   	   u2   	   v2   	   w2   	   uv   	   y        
% ========================================================================================================= 
4.027395e-04   2.492845e-08   1.090538e-06   3.800289e-11   1.063281e-06   -5.325403e-10   2.287286e-03 
9.337307e-04   1.305606e-07   5.589535e-06   1.005533e-09   5.444802e-06   -6.593671e-09   5.249328e-03 
1.603303e-03   3.708736e-07   1.535548e-05   7.771919e-09   1.496418e-05   -3.329957e-08   8.878786e-03 
2.423828e-03   8.082371e-07   3.213318e-05   3.495746e-08   3.130204e-05   -1.130260e-07   1.316846e-02 
3.406003e-03   1.511472e-06   5.763762e-05   1.147504e-07   5.586087e-05   -3.027273e-07   1.811128e-02 
4.557979e-03   2.553307e-06   9.351446e-05   3.050924e-07   8.955655e-05   -6.899943e-07   2.370030e-02 
5.884200e-03   4.007593e-06   1.410592e-04   6.959305e-07   1.327360e-04   -1.393099e-06   2.992870e-02 
7.386984e-03   5.946527e-06   2.010199e-04   1.411380e-06   1.851141e-04   -2.553626e-06   3.678981e-02 
9.065325e-03   8.438509e-06   2.736144e-04   2.606537e-06   2.458112e-04   -4.319748e-06   4.427706e-02 
1.091247e-02   1.154715e-05   3.584589e-04   4.459032e-06   3.134520e-04   -6.824006e-06   5.238400e-02 
1.291496e-02   1.533140e-05   4.545167e-04   7.156736e-06   3.863275e-04   -1.016124e-05   6.110430e-02 
1.505327e-02   1.984633e-05   5.601373e-04   1.088383e-05   4.625801e-04   -1.437382e-05   7.043171e-02 
1.730319e-02   2.514417e-05   6.731846e-04   1.580761e-05   5.403818e-04   -1.944789e-05   8.036013e-02 
1.963766e-02   3.127483e-05   7.912305e-04   2.206777e-05   6.180757e-04   -2.532028e-05   9.088354e-02 
2.202872e-02   3.828548e-05   9.117722e-04   2.976923e-05   6.942680e-04   -3.189234e-05   1.019960e-01 
2.444933e-02   4.621903e-05   1.032430e-03   3.897882e-05   7.678671e-04   -3.904599e-05   1.136918e-01 
2.687477e-02   5.511139e-05   1.151096e-03   4.972526e-05   8.380809e-04   -4.665823e-05   1.259652e-01 
2.928348e-02   6.498893e-05   1.266023e-03   6.200202e-05   9.043844e-04   -5.461191e-05   1.388106e-01 
3.165763e-02   7.586701e-05   1.375856e-03   7.577171e-05   9.664744e-04   -6.280257e-05   1.522225e-01 
3.398312e-02   8.775030e-05   1.479632e-03   9.097135e-05   1.024222e-03   -7.114243e-05   1.661954e-01 
3.624943e-02   1.006353e-04   1.576748e-03   1.075180e-04   1.077636e-03   -7.956264e-05   1.807240e-01 
3.844924e-02   1.145168e-04   1.666910e-03   1.253138e-04   1.126830e-03   -8.801433e-05   1.958032e-01 
4.057788e-02   1.293970e-04   1.750078e-03   1.442505e-04   1.172004e-03   -9.646734e-05   2.114276e-01 
4.263277e-02   1.452934e-04   1.826407e-03   1.642129e-04   1.213414e-03   -1.049061e-04   2.275923e-01 
4.461295e-02   1.622352e-04   1.896196e-03   1.850808e-04   1.251348e-03   -1.133230e-04   2.442923e-01 
4.651863e-02   1.802477e-04   1.959839e-03   2.067324e-04   1.286096e-03   -1.217134e-04   2.615227e-01 
4.835094e-02   1.993427e-04   2.017778e-03   2.290471e-04   1.317925e-03   -1.300730e-04   2.792786e-01 
5.011173e-02   2.195210e-04   2.070474e-03   2.519096e-04   1.347081e-03   -1.383985e-04   2.975553e-01 
5.180349e-02   2.407783e-04   2.118404e-03   2.752109e-04   1.373797e-03   -1.466917e-04   3.163481e-01 
5.342909e-02   2.631042e-04   2.162057e-03   2.988501e-04   1.398312e-03   -1.549637e-04   3.356524e-01 
5.499165e-02   2.864836e-04   2.201909e-03   3.227328e-04   1.420873e-03   -1.632314e-04   3.554638e-01 
5.649445e-02   3.108997e-04   2.238403e-03   3.467715e-04   1.441731e-03   -1.715131e-04   3.757776e-01 
5.794089e-02   3.363454e-04   2.271962e-03   3.708868e-04   1.461122e-03   -1.798274e-04   3.965896e-01 
5.933448e-02   3.628388e-04   2.303020e-03   3.950087e-04   1.479255e-03   -1.881929e-04   4.178954e-01 
6.067861e-02   3.904218e-04   2.331981e-03   4.190772e-04   1.496288e-03   -1.966265e-04   4.396908e-01 
6.197639e-02   4.191540e-04   2.359173e-03   4.430426e-04   1.512311e-03   -2.051409e-04   4.619715e-01 
6.323076e-02   4.490863e-04   2.384839e-03   4.668651e-04   1.527373e-03   -2.137432e-04   4.847335e-01 
6.444470e-02   4.802551e-04   2.409180e-03   4.905185e-04   1.541515e-03   -2.224383e-04   5.079727e-01 
6.562129e-02   5.127384e-04   2.432382e-03   5.139905e-04   1.554773e-03   -2.312288e-04   5.316850e-01 
6.676346e-02   5.466783e-04   2.454605e-03   5.372730e-04   1.567193e-03   -2.401100e-04   5.558666e-01 
6.787393e-02   5.821976e-04   2.475981e-03   5.603523e-04   1.578881e-03   -2.490692e-04   5.805136e-01 
6.895529e-02   6.193139e-04   2.496635e-03   5.832093e-04   1.589988e-03   -2.580870e-04   6.056221e-01 
7.001016e-02   6.579337e-04   2.516668e-03   6.058239e-04   1.600661e-03   -2.671433e-04   6.311883e-01 
7.104091e-02   6.978771e-04   2.536138e-03   6.281808e-04   1.611025e-03   -2.762317e-04   6.572085e-01 
7.204925e-02   7.388671e-04   2.555115e-03   6.502681e-04   1.621155e-03   -2.853688e-04   6.836791e-01 
7.303621e-02   7.805390e-04   2.573720e-03   6.720769e-04   1.631041e-03   -2.945864e-04   7.105965e-01 
7.400266e-02   8.225521e-04   2.592100e-03   6.936081e-04   1.640666e-03   -3.039115e-04   7.379571e-01 
7.494992e-02   8.647221e-04   2.610388e-03   7.148733e-04   1.650114e-03   -3.133479e-04   7.657573e-01 
7.587979e-02   9.070132e-04   2.628683e-03   7.358884e-04   1.659483e-03   -3.228859e-04   7.939938e-01 
7.679459e-02   9.494263e-04   2.647060e-03   7.566734e-04   1.668798e-03   -3.325112e-04   8.226631e-01 
7.769715e-02   9.919028e-04   2.665634e-03   7.772570e-04   1.678053e-03   -3.422076e-04   8.517619e-01 
7.859050e-02   1.034345e-03   2.684533e-03   7.976630e-04   1.687261e-03   -3.519680e-04   8.812869e-01 
7.947754e-02   1.076689e-03   2.703811e-03   8.178956e-04   1.696460e-03   -3.617933e-04   9.112347e-01 
8.036117e-02   1.118838e-03   2.723532e-03   8.379438e-04   1.705660e-03   -3.716846e-04   9.416021e-01 
8.124392e-02   1.160634e-03   2.743790e-03   8.577948e-04   1.714890e-03   -3.816529e-04   9.723861e-01 
8.212721e-02   1.202008e-03   2.764607e-03   8.774476e-04   1.724227e-03   -3.917267e-04   1.003583e+00 
8.301169e-02   1.243075e-03   2.785983e-03   8.969112e-04   1.733783e-03   -4.019473e-04   1.035191e+00 
8.389720e-02   1.284090e-03   2.807998e-03   9.161913e-04   1.743623e-03   -4.123287e-04   1.067206e+00 
8.478262e-02   1.325340e-03   2.830756e-03   9.352792e-04   1.753680e-03   -4.228379e-04   1.099625e+00 
8.566697e-02   1.367210e-03   2.854246e-03   9.541610e-04   1.763787e-03   -4.334080e-04   1.132445e+00 
8.655056e-02   1.410149e-03   2.878311e-03   9.728351e-04   1.773870e-03   -4.439735e-04   1.165663e+00 
8.743449e-02   1.454501e-03   2.902824e-03   9.913156e-04   1.784005e-03   -4.545044e-04   1.199277e+00 
8.832036e-02   1.500220e-03   2.927865e-03   1.009629e-03   1.794246e-03   -4.650296e-04   1.233283e+00 
8.921008e-02   1.546848e-03   2.953611e-03   1.027808e-03   1.804608e-03   -4.756255e-04   1.267679e+00 
9.010485e-02   1.594014e-03   2.980073e-03   1.045862e-03   1.815137e-03   -4.863315e-04   1.302462e+00 
9.100513e-02   1.641494e-03   3.007094e-03   1.063783e-03   1.825900e-03   -4.971199e-04   1.337629e+00 
9.191135e-02   1.689174e-03   3.034460e-03   1.081572e-03   1.836883e-03   -5.079027e-04   1.373178e+00 
9.282426e-02   1.737124e-03   3.062001e-03   1.099265e-03   1.848108e-03   -5.186298e-04   1.409105e+00 
9.374491e-02   1.785352e-03   3.089759e-03   1.116940e-03   1.859726e-03   -5.293605e-04   1.445409e+00 
9.467493e-02   1.833848e-03   3.117772e-03   1.134669e-03   1.871754e-03   -5.401480e-04   1.482086e+00 
9.561668e-02   1.882692e-03   3.146066e-03   1.152495e-03   1.884098e-03   -5.509803e-04   1.519134e+00 
9.657220e-02   1.932040e-03   3.174828e-03   1.170431e-03   1.896800e-03   -5.618620e-04   1.556551e+00 
9.754200e-02   1.982167e-03   3.204152e-03   1.188447e-03   1.909891e-03   -5.727898e-04   1.594334e+00 
9.852580e-02   2.033411e-03   3.233918e-03   1.206483e-03   1.923380e-03   -5.837116e-04   1.632480e+00 
9.952401e-02   2.086032e-03   3.264116e-03   1.224481e-03   1.937456e-03   -5.945943e-04   1.670987e+00 
1.005370e-01   2.140204e-03   3.294567e-03   1.242383e-03   1.952298e-03   -6.054756e-04   1.709852e+00 
1.015651e-01   2.195913e-03   3.325058e-03   1.260182e-03   1.967706e-03   -6.163946e-04   1.749074e+00 
1.026099e-01   2.253159e-03   3.355654e-03   1.277907e-03   1.983275e-03   -6.273193e-04   1.788650e+00 
1.036726e-01   2.312096e-03   3.386462e-03   1.295612e-03   1.998800e-03   -6.382018e-04   1.828577e+00 
1.047537e-01   2.372732e-03   3.417503e-03   1.313335e-03   2.014235e-03   -6.490341e-04   1.868854e+00 
1.058524e-01   2.435226e-03   3.448826e-03   1.331085e-03   2.029685e-03   -6.598447e-04   1.909477e+00 
1.069666e-01   2.500112e-03   3.480454e-03   1.348858e-03   2.045176e-03   -6.706058e-04   1.950446e+00 
1.080967e-01   2.567460e-03   3.512440e-03   1.366678e-03   2.060811e-03   -6.813283e-04   1.991756e+00 
1.092452e-01   2.636979e-03   3.545122e-03   1.384586e-03   2.076975e-03   -6.921394e-04   2.033407e+00 
1.104121e-01   2.708825e-03   3.578947e-03   1.402583e-03   2.093690e-03   -7.031776e-04   2.075396e+00 
1.115945e-01   2.783020e-03   3.614090e-03   1.420634e-03   2.110713e-03   -7.144907e-04   2.117722e+00 
1.127907e-01   2.859782e-03   3.650147e-03   1.438670e-03   2.127875e-03   -7.259747e-04   2.160380e+00 
1.140022e-01   2.939201e-03   3.686408e-03   1.456634e-03   2.144950e-03   -7.374907e-04   2.203371e+00 
1.152297e-01   3.020851e-03   3.722558e-03   1.474516e-03   2.161926e-03   -7.489308e-04   2.246692e+00 
1.164720e-01   3.104510e-03   3.758607e-03   1.492346e-03   2.178841e-03   -7.601923e-04   2.290340e+00 
1.177301e-01   3.190080e-03   3.794588e-03   1.510181e-03   2.195741e-03   -7.712190e-04   2.334314e+00 
1.190058e-01   3.277029e-03   3.830631e-03   1.528097e-03   2.212753e-03   -7.820180e-04   2.378611e+00 
1.202980e-01   3.364566e-03   3.866778e-03   1.546045e-03   2.230347e-03   -7.926444e-04   2.423230e+00 
1.216067e-01   3.452185e-03   3.902819e-03   1.563886e-03   2.249010e-03   -8.032451e-04   2.468169e+00 
1.229330e-01   3.539750e-03   3.938589e-03   1.581563e-03   2.268649e-03   -8.139888e-04   2.513426e+00 
1.242787e-01   3.628044e-03   3.973938e-03   1.599168e-03   2.289127e-03   -8.249380e-04   2.558998e+00 
1.256460e-01   3.718117e-03   4.008392e-03   1.616805e-03   2.310687e-03   -8.359706e-04   2.604885e+00 
1.270374e-01   3.810381e-03   4.041864e-03   1.634469e-03   2.333368e-03   -8.469585e-04   2.651084e+00 
1.284562e-01   3.904602e-03   4.075177e-03   1.652084e-03   2.357031e-03   -8.579808e-04   2.697593e+00 
1.299006e-01   4.000241e-03   4.109454e-03   1.669582e-03   2.381177e-03   -8.691790e-04   2.744410e+00 
1.313652e-01   4.097228e-03   4.144543e-03   1.687034e-03   2.405063e-03   -8.804498e-04   2.791535e+00 
1.328480e-01   4.194670e-03   4.179799e-03   1.704578e-03   2.428653e-03   -8.918237e-04   2.838964e+00 
1.343494e-01   4.291841e-03   4.215638e-03   1.722210e-03   2.452253e-03   -9.034284e-04   2.886696e+00 
1.358668e-01   4.388916e-03   4.252664e-03   1.739721e-03   2.476041e-03   -9.152200e-04   2.934729e+00 
1.373977e-01   4.486119e-03   4.290989e-03   1.756993e-03   2.500344e-03   -9.271404e-04   2.983063e+00 
1.389454e-01   4.584521e-03   4.331025e-03   1.774171e-03   2.525327e-03   -9.391857e-04   3.031694e+00 
1.405158e-01   4.685106e-03   4.372970e-03   1.791452e-03   2.550539e-03   -9.512822e-04   3.080621e+00 
1.421098e-01   4.787908e-03   4.415932e-03   1.808963e-03   2.575406e-03   -9.632386e-04   3.129843e+00 
1.437274e-01   4.892332e-03   4.459608e-03   1.826781e-03   2.600554e-03   -9.749630e-04   3.179358e+00 
1.453692e-01   4.997778e-03   4.504198e-03   1.844953e-03   2.626681e-03   -9.865947e-04   3.229164e+00 
1.470323e-01   5.104313e-03   4.549479e-03   1.863322e-03   2.653351e-03   -9.982957e-04   3.279260e+00 
1.487144e-01   5.211545e-03   4.595281e-03   1.881627e-03   2.679830e-03   -1.010106e-03   3.329644e+00 
1.504164e-01   5.319655e-03   4.641917e-03   1.899696e-03   2.705885e-03   -1.021999e-03   3.380315e+00 
1.521399e-01   5.428144e-03   4.689446e-03   1.917450e-03   2.731855e-03   -1.033981e-03   3.431270e+00 
1.538860e-01   5.536556e-03   4.737834e-03   1.934998e-03   2.757851e-03   -1.046152e-03   3.482509e+00 
1.556532e-01   5.646083e-03   4.786071e-03   1.952521e-03   2.783679e-03   -1.058656e-03   3.534029e+00 
1.574373e-01   5.757502e-03   4.832489e-03   1.969974e-03   2.809164e-03   -1.071382e-03   3.585830e+00 
1.592387e-01   5.871097e-03   4.877445e-03   1.987289e-03   2.834091e-03   -1.084219e-03   3.637910e+00 
1.610615e-01   5.987058e-03   4.922129e-03   2.004399e-03   2.858444e-03   -1.097060e-03   3.690267e+00 
1.629070e-01   6.104680e-03   4.967663e-03   2.021202e-03   2.882502e-03   -1.109752e-03   3.742900e+00 
1.647729e-01   6.223030e-03   5.014980e-03   2.037730e-03   2.906967e-03   -1.122305e-03   3.795807e+00 
1.666577e-01   6.342500e-03   5.063378e-03   2.054062e-03   2.932514e-03   -1.134742e-03   3.848987e+00 
1.685609e-01   6.463772e-03   5.111673e-03   2.070252e-03   2.959556e-03   -1.147065e-03   3.902439e+00 
1.704823e-01   6.586550e-03   5.159682e-03   2.086308e-03   2.987927e-03   -1.159309e-03   3.956161e+00 
1.724255e-01   6.709928e-03   5.207900e-03   2.102300e-03   3.016947e-03   -1.171572e-03   4.010151e+00 
1.743934e-01   6.833794e-03   5.257492e-03   2.118389e-03   3.045009e-03   -1.184093e-03   4.064409e+00 
1.763839e-01   6.957421e-03   5.309149e-03   2.134621e-03   3.071497e-03   -1.197049e-03   4.118932e+00 
1.783949e-01   7.080456e-03   5.361257e-03   2.150697e-03   3.096756e-03   -1.210322e-03   4.173720e+00 
1.804279e-01   7.204121e-03   5.412671e-03   2.166292e-03   3.122060e-03   -1.223516e-03   4.228772e+00 
1.824864e-01   7.327600e-03   5.463547e-03   2.181515e-03   3.147939e-03   -1.236632e-03   4.284085e+00 
1.845702e-01   7.451151e-03   5.514157e-03   2.196392e-03   3.173949e-03   -1.249706e-03   4.339659e+00 
1.866795e-01   7.576064e-03   5.564444e-03   2.211065e-03   3.199676e-03   -1.262868e-03   4.395492e+00 
1.888114e-01   7.703877e-03   5.613518e-03   2.225526e-03   3.224837e-03   -1.275902e-03   4.451583e+00 
1.909618e-01   7.834489e-03   5.662019e-03   2.239631e-03   3.249399e-03   -1.288756e-03   4.507931e+00 
1.931331e-01   7.967512e-03   5.711867e-03   2.253419e-03   3.272560e-03   -1.301569e-03   4.564534e+00 
1.953288e-01   8.104422e-03   5.763007e-03   2.266860e-03   3.294574e-03   -1.313846e-03   4.621391e+00 
1.975494e-01   8.245783e-03   5.813848e-03   2.279963e-03   3.316275e-03   -1.325300e-03   4.678501e+00 
1.997940e-01   8.392225e-03   5.862653e-03   2.293140e-03   3.338936e-03   -1.336130e-03   4.735863e+00 
2.020651e-01   8.543722e-03   5.910113e-03   2.306758e-03   3.361891e-03   -1.346586e-03   4.793475e+00 
2.043626e-01   8.698866e-03   5.956760e-03   2.320558e-03   3.384762e-03   -1.356883e-03   4.851337e+00 
2.066804e-01   8.857488e-03   6.001991e-03   2.334109e-03   3.408263e-03   -1.367090e-03   4.909446e+00 
2.090161e-01   9.018756e-03   6.046862e-03   2.347237e-03   3.433094e-03   -1.377133e-03   4.967802e+00 
2.113712e-01   9.181227e-03   6.090786e-03   2.360054e-03   3.459649e-03   -1.387028e-03   5.026404e+00 
2.137463e-01   9.345916e-03   6.132713e-03   2.372682e-03   3.487563e-03   -1.396368e-03   5.085251e+00 
2.161434e-01   9.513820e-03   6.172940e-03   2.385232e-03   3.515293e-03   -1.405077e-03   5.144340e+00 
2.185632e-01   9.684517e-03   6.211423e-03   2.397905e-03   3.541940e-03   -1.413601e-03   5.203672e+00 
2.210109e-01   9.856844e-03   6.248780e-03   2.410551e-03   3.568215e-03   -1.422251e-03   5.263245e+00 
2.234835e-01   1.002902e-02   6.285216e-03   2.423026e-03   3.594173e-03   -1.431366e-03   5.323058e+00 
2.259718e-01   1.020054e-02   6.320279e-03   2.435407e-03   3.619787e-03   -1.440672e-03   5.383109e+00 
2.284786e-01   1.037155e-02   6.355080e-03   2.447938e-03   3.645536e-03   -1.450080e-03   5.443399e+00 
2.310059e-01   1.054390e-02   6.390464e-03   2.460311e-03   3.670572e-03   -1.459362e-03   5.503925e+00 
2.335557e-01   1.071883e-02   6.425895e-03   2.472371e-03   3.695424e-03   -1.468468e-03   5.564686e+00 
2.361326e-01   1.089770e-02   6.460611e-03   2.484181e-03   3.719836e-03   -1.477324e-03   5.625682e+00 
2.387372e-01   1.108093e-02   6.494070e-03   2.495707e-03   3.743024e-03   -1.485782e-03   5.686911e+00 
2.413603e-01   1.126694e-02   6.526322e-03   2.507092e-03   3.765887e-03   -1.494101e-03   5.748373e+00 
2.439923e-01   1.145414e-02   6.556542e-03   2.518053e-03   3.789445e-03   -1.502109e-03   5.810065e+00 
2.466414e-01   1.164209e-02   6.584656e-03   2.528664e-03   3.812813e-03   -1.510311e-03   5.871988e+00 
2.493165e-01   1.183102e-02   6.612118e-03   2.538962e-03   3.834006e-03   -1.518976e-03   5.934140e+00 
2.520150e-01   1.202241e-02   6.638588e-03   2.548883e-03   3.853708e-03   -1.527693e-03   5.996521e+00 
2.547368e-01   1.221751e-02   6.663502e-03   2.558510e-03   3.874090e-03   -1.535882e-03   6.059128e+00 
2.574774e-01   1.241593e-02   6.687412e-03   2.568241e-03   3.894337e-03   -1.543411e-03   6.121962e+00 
2.602323e-01   1.261533e-02   6.710688e-03   2.578256e-03   3.913080e-03   -1.550576e-03   6.185021e+00 
2.630038e-01   1.281677e-02   6.733860e-03   2.588433e-03   3.932222e-03   -1.557521e-03   6.248304e+00 
2.657862e-01   1.302067e-02   6.757874e-03   2.598164e-03   3.952634e-03   -1.563968e-03   6.311810e+00 
2.685713e-01   1.322565e-02   6.783928e-03   2.607185e-03   3.972191e-03   -1.569909e-03   6.375539e+00 
2.713608e-01   1.343313e-02   6.809247e-03   2.615604e-03   3.991631e-03   -1.575373e-03   6.439489e+00 
2.741650e-01   1.364466e-02   6.833587e-03   2.623161e-03   4.011467e-03   -1.580460e-03   6.503658e+00 
2.769892e-01   1.386042e-02   6.858875e-03   2.629867e-03   4.029984e-03   -1.584958e-03   6.568048e+00 
2.798355e-01   1.407852e-02   6.883680e-03   2.636404e-03   4.046008e-03   -1.589299e-03   6.632656e+00 
2.827076e-01   1.429815e-02   6.907360e-03   2.643193e-03   4.058423e-03   -1.593831e-03   6.697481e+00 
2.856096e-01   1.451819e-02   6.931129e-03   2.650251e-03   4.067487e-03   -1.598574e-03   6.762523e+00 
2.885333e-01   1.473800e-02   6.955317e-03   2.657179e-03   4.075607e-03   -1.603470e-03   6.827781e+00 
2.914778e-01   1.495785e-02   6.979851e-03   2.663656e-03   4.084434e-03   -1.608602e-03   6.893253e+00 
2.944474e-01   1.517994e-02   7.003609e-03   2.669611e-03   4.093185e-03   -1.613886e-03   6.958940e+00 
2.974382e-01   1.540560e-02   7.025480e-03   2.674948e-03   4.101211e-03   -1.618666e-03   7.024839e+00 
3.004397e-01   1.563553e-02   7.045875e-03   2.679676e-03   4.108105e-03   -1.622953e-03   7.090950e+00 
3.034413e-01   1.586987e-02   7.065059e-03   2.684150e-03   4.114306e-03   -1.626698e-03   7.157273e+00 
3.064412e-01   1.610588e-02   7.084126e-03   2.688628e-03   4.121058e-03   -1.630288e-03   7.223806e+00 
3.094449e-01   1.634243e-02   7.100598e-03   2.693011e-03   4.127902e-03   -1.633933e-03   7.290548e+00 
3.124561e-01   1.657969e-02   7.113065e-03   2.697409e-03   4.133658e-03   -1.637658e-03   7.357499e+00 
3.154710e-01   1.681792e-02   7.122963e-03   2.701330e-03   4.139970e-03   -1.641187e-03   7.424658e+00 
3.185045e-01   1.705806e-02   7.131289e-03   2.704346e-03   4.148255e-03   -1.644305e-03   7.492024e+00 
3.215701e-01   1.730129e-02   7.139203e-03   2.706845e-03   4.157533e-03   -1.647210e-03   7.559596e+00 
3.246717e-01   1.755017e-02   7.147979e-03   2.709172e-03   4.166801e-03   -1.649359e-03   7.627374e+00 
3.278043e-01   1.780334e-02   7.155809e-03   2.710855e-03   4.174563e-03   -1.650818e-03   7.695355e+00 
3.309606e-01   1.805717e-02   7.161110e-03   2.711951e-03   4.180741e-03   -1.652184e-03   7.763540e+00 
3.341349e-01   1.831011e-02   7.164134e-03   2.712458e-03   4.186754e-03   -1.653543e-03   7.831929e+00 
3.373221e-01   1.856181e-02   7.167227e-03   2.712379e-03   4.192355e-03   -1.655195e-03   7.900519e+00 
3.405303e-01   1.881579e-02   7.169972e-03   2.711888e-03   4.197730e-03   -1.656651e-03   7.969311e+00 
3.437596e-01   1.907498e-02   7.169295e-03   2.711238e-03   4.201621e-03   -1.657431e-03   8.038303e+00 
3.470206e-01   1.933870e-02   7.164243e-03   2.710578e-03   4.202411e-03   -1.657997e-03   8.107494e+00 
3.503183e-01   1.960659e-02   7.156276e-03   2.709556e-03   4.202601e-03   -1.658776e-03   8.176885e+00 
3.536329e-01   1.987649e-02   7.147513e-03   2.707726e-03   4.202183e-03   -1.659527e-03   8.246474e+00 
3.569607e-01   2.014664e-02   7.138732e-03   2.705017e-03   4.200611e-03   -1.660373e-03   8.316260e+00 
3.603133e-01   2.041914e-02   7.129770e-03   2.701756e-03   4.197488e-03   -1.660513e-03   8.386243e+00 
3.636854e-01   2.069551e-02   7.119246e-03   2.698232e-03   4.191252e-03   -1.659730e-03   8.456421e+00 
3.670650e-01   2.097598e-02   7.107470e-03   2.694362e-03   4.183413e-03   -1.657736e-03   8.526795e+00 
3.704496e-01   2.126074e-02   7.092551e-03   2.690477e-03   4.175897e-03   -1.654911e-03   8.597363e+00 
3.738372e-01   2.154727e-02   7.075956e-03   2.686568e-03   4.167954e-03   -1.651818e-03   8.668125e+00 
3.772328e-01   2.183393e-02   7.061792e-03   2.682254e-03   4.158603e-03   -1.648549e-03   8.739080e+00 
3.806404e-01   2.211993e-02   7.048608e-03   2.677073e-03   4.148532e-03   -1.645660e-03   8.810226e+00 
3.840640e-01   2.240559e-02   7.036140e-03   2.670953e-03   4.137541e-03   -1.643011e-03   8.881564e+00 
3.875092e-01   2.269191e-02   7.023533e-03   2.664137e-03   4.124477e-03   -1.640581e-03   8.953094e+00 
3.909672e-01   2.298005e-02   7.007764e-03   2.656607e-03   4.109591e-03   -1.638347e-03   9.024812e+00 
3.944377e-01   2.327085e-02   6.987115e-03   2.648393e-03   4.093388e-03   -1.636169e-03   9.096720e+00 
3.979244e-01   2.356549e-02   6.963531e-03   2.639572e-03   4.077994e-03   -1.633485e-03   9.168818e+00 
4.014166e-01   2.386224e-02   6.938421e-03   2.630552e-03   4.062980e-03   -1.630278e-03   9.241103e+00 
4.049180e-01   2.416184e-02   6.910966e-03   2.621711e-03   4.047972e-03   -1.626378e-03   9.313575e+00 
4.084417e-01   2.446597e-02   6.879437e-03   2.613136e-03   4.033825e-03   -1.621423e-03   9.386233e+00 
4.119841e-01   2.477321e-02   6.846268e-03   2.604342e-03   4.018283e-03   -1.615647e-03   9.459078e+00 
4.155315e-01   2.508313e-02   6.811672e-03   2.594719e-03   4.001259e-03   -1.609249e-03   9.532108e+00 
4.190812e-01   2.539432e-02   6.775387e-03   2.583858e-03   3.984651e-03   -1.602392e-03   9.605323e+00 
4.226387e-01   2.570715e-02   6.738809e-03   2.571823e-03   3.967886e-03   -1.594903e-03   9.678721e+00 
4.261985e-01   2.602167e-02   6.701837e-03   2.558781e-03   3.950157e-03   -1.586967e-03   9.752303e+00 
4.297559e-01   2.633659e-02   6.664564e-03   2.544651e-03   3.932095e-03   -1.578383e-03   9.826067e+00 
4.333149e-01   2.665361e-02   6.624307e-03   2.529724e-03   3.911862e-03   -1.568928e-03   9.900013e+00 
4.368867e-01   2.697224e-02   6.582481e-03   2.514089e-03   3.889891e-03   -1.559086e-03   9.974140e+00 
4.404714e-01   2.729158e-02   6.540296e-03   2.498105e-03   3.867489e-03   -1.549428e-03   1.004845e+01 
4.440529e-01   2.761236e-02   6.495948e-03   2.481931e-03   3.843406e-03   -1.539621e-03   1.012294e+01 
4.476381e-01   2.793505e-02   6.449286e-03   2.465555e-03   3.817680e-03   -1.529682e-03   1.019760e+01 
4.512401e-01   2.825908e-02   6.402211e-03   2.448997e-03   3.790931e-03   -1.519683e-03   1.027245e+01 
4.548529e-01   2.858456e-02   6.353646e-03   2.432174e-03   3.762312e-03   -1.509444e-03   1.034747e+01 
4.584562e-01   2.891028e-02   6.303606e-03   2.414726e-03   3.730919e-03   -1.498636e-03   1.042268e+01 
4.620477e-01   2.923602e-02   6.251816e-03   2.396405e-03   3.697696e-03   -1.487402e-03   1.049806e+01 
4.656332e-01   2.956249e-02   6.198234e-03   2.377355e-03   3.663292e-03   -1.476028e-03   1.057361e+01 
4.692090e-01   2.989016e-02   6.143827e-03   2.357685e-03   3.628475e-03   -1.464009e-03   1.064934e+01 
4.727814e-01   3.021913e-02   6.087504e-03   2.337537e-03   3.591782e-03   -1.451407e-03   1.072525e+01 
4.763528e-01   3.054712e-02   6.031610e-03   2.316145e-03   3.553445e-03   -1.438815e-03   1.080133e+01 
4.799202e-01   3.087469e-02   5.975305e-03   2.294044e-03   3.514059e-03   -1.425928e-03   1.087758e+01 
4.834801e-01   3.120328e-02   5.917311e-03   2.271675e-03   3.474322e-03   -1.412432e-03   1.095401e+01 
4.870350e-01   3.153310e-02   5.855656e-03   2.248726e-03   3.435181e-03   -1.398437e-03   1.103061e+01 
4.905885e-01   3.186427e-02   5.789772e-03   2.224739e-03   3.394204e-03   -1.383982e-03   1.110738e+01 
4.941440e-01   3.219728e-02   5.721278e-03   2.200106e-03   3.350698e-03   -1.368940e-03   1.118433e+01 
4.977017e-01   3.253207e-02   5.650595e-03   2.175309e-03   3.305785e-03   -1.353490e-03   1.126144e+01 
5.012625e-01   3.286775e-02   5.579901e-03   2.150218e-03   3.259387e-03   -1.337586e-03   1.133873e+01 
5.048309e-01   3.320476e-02   5.510263e-03   2.124742e-03   3.212873e-03   -1.321145e-03   1.141618e+01 
5.083954e-01   3.354166e-02   5.438522e-03   2.099266e-03   3.165669e-03   -1.304845e-03   1.149381e+01 
5.119551e-01   3.388013e-02   5.362907e-03   2.073904e-03   3.117422e-03   -1.287997e-03   1.157160e+01 
5.155094e-01   3.421948e-02   5.287064e-03   2.048118e-03   3.068559e-03   -1.270509e-03   1.164956e+01 
5.190463e-01   3.455828e-02   5.212446e-03   2.021674e-03   3.018332e-03   -1.252625e-03   1.172769e+01 
5.225739e-01   3.489779e-02   5.135334e-03   1.994321e-03   2.966840e-03   -1.234456e-03   1.180599e+01 
5.260887e-01   3.523648e-02   5.056825e-03   1.965877e-03   2.914250e-03   -1.216527e-03   1.188445e+01 
5.295802e-01   3.557330e-02   4.978833e-03   1.936360e-03   2.860835e-03   -1.198477e-03   1.196308e+01 
5.330655e-01   3.591157e-02   4.899640e-03   1.906411e-03   2.807709e-03   -1.179683e-03   1.204188e+01 
5.365482e-01   3.625078e-02   4.819291e-03   1.876260e-03   2.754823e-03   -1.160685e-03   1.212084e+01 
5.400207e-01   3.658925e-02   4.739061e-03   1.845777e-03   2.701487e-03   -1.141410e-03   1.219996e+01 
5.434794e-01   3.692742e-02   4.657715e-03   1.815227e-03   2.647333e-03   -1.121689e-03   1.227925e+01 
5.469227e-01   3.726568e-02   4.576012e-03   1.784617e-03   2.591545e-03   -1.101244e-03   1.235870e+01 
5.503563e-01   3.760501e-02   4.492637e-03   1.754249e-03   2.534105e-03   -1.080227e-03   1.243832e+01 
5.537693e-01   3.794459e-02   4.405975e-03   1.724004e-03   2.476614e-03   -1.058807e-03   1.251809e+01 
5.571522e-01   3.828284e-02   4.318738e-03   1.693332e-03   2.419621e-03   -1.036890e-03   1.259803e+01 
5.605081e-01   3.862028e-02   4.230655e-03   1.661928e-03   2.362561e-03   -1.014481e-03   1.267813e+01 
5.638414e-01   3.895696e-02   4.141747e-03   1.629978e-03   2.305201e-03   -9.915993e-04   1.275839e+01 
5.671649e-01   3.929408e-02   4.051911e-03   1.597765e-03   2.246935e-03   -9.683049e-04   1.283881e+01 
5.704840e-01   3.963195e-02   3.960588e-03   1.565165e-03   2.187468e-03   -9.446653e-04   1.291940e+01 
5.737888e-01   3.996935e-02   3.867523e-03   1.532092e-03   2.127761e-03   -9.208652e-04   1.300014e+01 
5.770739e-01   4.030569e-02   3.772863e-03   1.498529e-03   2.067866e-03   -8.969701e-04   1.308103e+01 
5.803434e-01   4.064158e-02   3.678273e-03   1.464676e-03   2.007213e-03   -8.725250e-04   1.316209e+01 
5.835965e-01   4.097710e-02   3.583438e-03   1.430421e-03   1.946102e-03   -8.476736e-04   1.324331e+01 
5.868260e-01   4.131164e-02   3.486555e-03   1.395823e-03   1.884153e-03   -8.228215e-04   1.332468e+01 
5.900323e-01   4.164563e-02   3.387579e-03   1.361117e-03   1.822298e-03   -7.978386e-04   1.340621e+01 
5.932114e-01   4.197828e-02   3.286809e-03   1.326298e-03   1.760540e-03   -7.728750e-04   1.348790e+01 
5.963606e-01   4.230924e-02   3.183824e-03   1.291315e-03   1.698207e-03   -7.479941e-04   1.356974e+01 
5.994813e-01   4.263905e-02   3.079507e-03   1.256543e-03   1.635681e-03   -7.230746e-04   1.365174e+01 
6.025690e-01   4.296665e-02   2.974812e-03   1.221987e-03   1.572758e-03   -6.982438e-04   1.373390e+01 
6.056206e-01   4.329208e-02   2.868873e-03   1.187956e-03   1.509547e-03   -6.735910e-04   1.381620e+01 
6.086256e-01   4.361411e-02   2.763927e-03   1.154402e-03   1.446543e-03   -6.489713e-04   1.389866e+01 
6.115716e-01   4.393100e-02   2.661218e-03   1.120914e-03   1.384573e-03   -6.245980e-04   1.398128e+01 
6.144586e-01   4.424310e-02   2.559103e-03   1.087593e-03   1.323760e-03   -6.006557e-04   1.406405e+01 
6.172888e-01   4.455101e-02   2.457497e-03   1.054435e-03   1.264279e-03   -5.768494e-04   1.414697e+01 
6.200649e-01   4.485594e-02   2.355254e-03   1.021710e-03   1.206032e-03   -5.528411e-04   1.423005e+01 
6.227866e-01   4.515737e-02   2.252731e-03   9.895000e-04   1.148316e-03   -5.288262e-04   1.431327e+01 
6.254508e-01   4.545388e-02   2.151536e-03   9.576086e-04   1.091627e-03   -5.051595e-04   1.439665e+01 
6.280556e-01   4.574540e-02   2.050813e-03   9.257441e-04   1.036504e-03   -4.819105e-04   1.448018e+01 
6.305912e-01   4.603116e-02   1.950940e-03   8.935974e-04   9.831916e-04   -4.591119e-04   1.456386e+01 
6.330521e-01   4.631110e-02   1.851780e-03   8.615249e-04   9.309327e-04   -4.367476e-04   1.464769e+01 
6.354412e-01   4.658573e-02   1.752388e-03   8.299207e-04   8.793220e-04   -4.147973e-04   1.473166e+01 
6.377639e-01   4.685540e-02   1.652836e-03   7.988329e-04   8.289280e-04   -3.931550e-04   1.481579e+01 
6.400226e-01   4.712032e-02   1.553855e-03   7.681586e-04   7.806036e-04   -3.717530e-04   1.490007e+01 
6.422054e-01   4.737861e-02   1.457733e-03   7.378022e-04   7.342639e-04   -3.508652e-04   1.498450e+01 
6.443056e-01   4.762962e-02   1.364027e-03   7.079789e-04   6.893102e-04   -3.306140e-04   1.506907e+01 
6.463236e-01   4.787405e-02   1.271967e-03   6.789140e-04   6.456766e-04   -3.108146e-04   1.515379e+01 
6.482540e-01   4.811115e-02   1.182480e-03   6.504806e-04   6.037397e-04   -2.914781e-04   1.523866e+01 
6.500921e-01   4.834040e-02   1.096082e-03   6.225869e-04   5.636485e-04   -2.726222e-04   1.532367e+01 
6.518364e-01   4.856162e-02   1.013043e-03   5.951587e-04   5.253145e-04   -2.543029e-04   1.540883e+01 
6.534855e-01   4.877439e-02   9.336091e-04   5.681466e-04   4.889242e-04   -2.366549e-04   1.549414e+01 
6.550377e-01   4.897852e-02   8.578563e-04   5.416157e-04   4.542135e-04   -2.196875e-04   1.557959e+01 
6.564911e-01   4.917384e-02   7.862098e-04   5.155691e-04   4.208736e-04   -2.033895e-04   1.566519e+01 
6.578490e-01   4.936057e-02   7.186226e-04   4.900372e-04   3.889530e-04   -1.877687e-04   1.575094e+01 
6.591157e-01   4.953897e-02   6.550522e-04   4.651117e-04   3.586631e-04   -1.728621e-04   1.583682e+01 
6.602920e-01   4.970892e-02   5.955891e-04   4.409511e-04   3.297625e-04   -1.587792e-04   1.592285e+01 
6.613787e-01   4.987059e-02   5.404104e-04   4.177285e-04   3.024347e-04   -1.454566e-04   1.600903e+01 
6.623775e-01   5.002424e-02   4.895372e-04   3.954023e-04   2.769994e-04   -1.328278e-04   1.609534e+01 
6.632911e-01   5.017006e-02   4.429891e-04   3.739553e-04   2.531413e-04   -1.208730e-04   1.618180e+01 
6.641190e-01   5.030769e-02   4.012969e-04   3.533280e-04   2.307868e-04   -1.096302e-04   1.626841e+01 
6.648631e-01   5.043713e-02   3.638196e-04   3.334344e-04   2.100867e-04   -9.923020e-05   1.635515e+01 
6.655317e-01   5.055943e-02   3.294088e-04   3.143214e-04   1.909642e-04   -8.961405e-05   1.644204e+01 
6.661313e-01   5.067529e-02   2.980342e-04   2.960469e-04   1.734093e-04   -8.065756e-05   1.652906e+01 
6.666652e-01   5.078492e-02   2.697813e-04   2.786095e-04   1.572613e-04   -7.237575e-05   1.661623e+01 
6.671372e-01   5.088880e-02   2.444383e-04   2.619969e-04   1.424642e-04   -6.470476e-05   1.670354e+01 
6.675521e-01   5.098755e-02   2.217008e-04   2.462468e-04   1.289131e-04   -5.752150e-05   1.679099e+01 
6.679119e-01   5.108118e-02   2.015061e-04   2.313483e-04   1.165475e-04   -5.088598e-05   1.687858e+01 
6.682185e-01   5.116963e-02   1.837323e-04   2.172778e-04   1.053509e-04   -4.490023e-05   1.696630e+01 
6.684775e-01   5.125354e-02   1.678180e-04   2.040794e-04   9.527812e-05   -3.950685e-05   1.705417e+01 
6.686947e-01   5.133357e-02   1.535293e-04   1.917222e-04   8.622199e-05   -3.460130e-05   1.714217e+01 
6.688743e-01   5.140990e-02   1.408519e-04   1.800728e-04   7.813747e-05   -3.024005e-05   1.723032e+01 
6.690189e-01   5.148269e-02   1.295085e-04   1.691065e-04   7.086672e-05   -2.645245e-05   1.731860e+01 
6.691315e-01   5.155238e-02   1.193196e-04   1.588613e-04   6.425585e-05   -2.310615e-05   1.740702e+01 
6.692148e-01   5.161927e-02   1.103247e-04   1.492643e-04   5.828840e-05   -2.013976e-05   1.749557e+01 
6.692734e-01   5.168384e-02   1.023187e-04   1.402458e-04   5.289260e-05   -1.750328e-05   1.758426e+01 
6.693113e-01   5.174649e-02   9.518305e-05   1.317537e-04   4.810109e-05   -1.515284e-05   1.767309e+01 
6.693301e-01   5.180737e-02   8.885819e-05   1.237610e-04   4.389282e-05   -1.308566e-05   1.776206e+01 
6.693318e-01   5.186666e-02   8.319225e-05   1.162612e-04   4.010683e-05   -1.129615e-05   1.785116e+01 
6.693188e-01   5.192460e-02   7.811546e-05   1.092537e-04   3.668342e-05   -9.745368e-06   1.794039e+01 
6.692926e-01   5.198135e-02   7.353808e-05   1.027378e-04   3.362908e-05   -8.402756e-06   1.802977e+01 
6.692545e-01   5.203705e-02   6.933579e-05   9.673109e-05   3.085084e-05   -7.253287e-06   1.811927e+01 
6.692065e-01   5.209192e-02   6.546305e-05   9.122818e-05   2.829238e-05   -6.251553e-06   1.820891e+01 
6.691498e-01   5.214607e-02   6.191991e-05   8.617214e-05   2.599513e-05   -5.389485e-06   1.829868e+01 
6.690855e-01   5.219962e-02   5.866690e-05   8.152131e-05   2.396205e-05   -4.648495e-06   1.838859e+01 
6.690152e-01   5.225270e-02   5.570557e-05   7.722841e-05   2.214085e-05   -4.007199e-06   1.847863e+01 
6.689397e-01   5.230537e-02   5.306677e-05   7.324517e-05   2.048931e-05   -3.474806e-06   1.856880e+01 
6.688593e-01   5.235765e-02   5.065981e-05   6.954663e-05   1.902424e-05   -3.051678e-06   1.865911e+01 
6.687748e-01   5.240961e-02   4.839759e-05   6.611768e-05   1.772538e-05   -2.716124e-06   1.874955e+01 
6.686872e-01   5.246140e-02   4.627191e-05   6.293508e-05   1.656522e-05   -2.435440e-06   1.884012e+01 
6.685969e-01   5.251302e-02   4.430479e-05   5.996429e-05   1.553794e-05   -2.197811e-06   1.893082e+01 
6.685042e-01   5.256452e-02   4.248359e-05   5.719300e-05   1.462335e-05   -1.997085e-06   1.902166e+01 
6.684094e-01   5.261595e-02   4.079233e-05   5.461099e-05   1.377905e-05   -1.818665e-06   1.911262e+01 
6.683128e-01   5.266735e-02   3.920364e-05   5.220679e-05   1.299139e-05   -1.659548e-06   1.920371e+01 
6.682148e-01   5.271876e-02   3.770152e-05   4.996939e-05   1.226963e-05   -1.515667e-06   1.929494e+01 
6.681156e-01   5.277018e-02   3.629457e-05   4.788185e-05   1.162017e-05   -1.387193e-06   1.938630e+01 
6.680150e-01   5.282162e-02   3.494906e-05   4.593364e-05   1.102828e-05   -1.276068e-06   1.947778e+01 
6.679135e-01   5.287310e-02   3.365143e-05   4.411469e-05   1.048384e-05   -1.182624e-06   1.956939e+01 
6.678110e-01   5.292461e-02   3.242316e-05   4.240740e-05   9.984971e-06   -1.104462e-06   1.966114e+01 
6.677076e-01   5.297617e-02   3.125228e-05   4.080056e-05   9.521945e-06   -1.032848e-06   1.975301e+01 
6.676035e-01   5.302781e-02   3.013694e-05   3.928555e-05   9.087606e-06   -9.599634e-07   1.984501e+01 
6.674988e-01   5.307953e-02   2.908567e-05   3.785194e-05   8.690553e-06   -8.868082e-07   1.993714e+01 
6.673934e-01   5.313131e-02   2.810109e-05   3.649152e-05   8.326864e-06   -8.219403e-07   2.002940e+01 
6.672874e-01   5.318315e-02   2.717439e-05   3.520279e-05   7.982804e-06   -7.641080e-07   2.012178e+01 
6.671807e-01   5.323506e-02   2.629312e-05   3.398110e-05   7.650674e-06   -7.091187e-07   2.021429e+01 
6.670734e-01   5.328704e-02   2.545470e-05   3.282119e-05   7.333762e-06   -6.568570e-07   2.030693e+01 
6.669654e-01   5.333908e-02   2.465497e-05   3.171769e-05   7.039560e-06   -6.085975e-07   2.039969e+01 
6.668565e-01   5.339118e-02   2.389130e-05   3.066388e-05   6.763046e-06   -5.679370e-07   2.049258e+01 
6.667470e-01   5.344334e-02   2.315147e-05   2.966168e-05   6.500352e-06   -5.283950e-07   2.058560e+01 
6.666368e-01   5.349558e-02   2.244565e-05   2.870718e-05   6.259234e-06   -4.917278e-07   2.067874e+01 
6.665257e-01   5.354786e-02   2.178288e-05   2.779462e-05   6.044187e-06   -4.603858e-07   2.077201e+01 
6.664141e-01   5.360023e-02   2.114630e-05   2.692559e-05   5.846006e-06   -4.260276e-07   2.086540e+01 
6.663018e-01   5.365267e-02   2.053359e-05   2.609748e-05   5.646918e-06   -3.893596e-07   2.095892e+01 
6.661887e-01   5.370518e-02   1.994935e-05   2.530545e-05   5.444060e-06   -3.547201e-07   2.105257e+01 
6.660749e-01   5.375774e-02   1.939125e-05   2.454725e-05   5.242219e-06   -3.194753e-07   2.114633e+01 
6.659603e-01   5.381038e-02   1.885396e-05   2.382256e-05   5.047616e-06   -2.808721e-07   2.124022e+01 
6.658448e-01   5.386307e-02   1.833808e-05   2.312743e-05   4.861314e-06   -2.437832e-07   2.133424e+01 
6.657285e-01   5.391580e-02   1.784346e-05   2.245782e-05   4.682230e-06   -2.131005e-07   2.142837e+01 
6.656113e-01   5.396858e-02   1.736990e-05   2.181275e-05   4.513915e-06   -1.855973e-07   2.152264e+01 
6.654932e-01   5.402140e-02   1.691716e-05   2.119055e-05   4.355178e-06   -1.597688e-07   2.161702e+01 
6.653742e-01   5.407426e-02   1.647910e-05   2.059025e-05   4.203766e-06   -1.372155e-07   2.171152e+01 
6.652543e-01   5.412718e-02   1.605392e-05   2.001143e-05   4.060268e-06   -1.174394e-07   2.180615e+01 
6.651336e-01   5.418014e-02   1.564333e-05   1.945359e-05   3.925779e-06   -9.860347e-08   2.190090e+01 
6.650120e-01   5.423316e-02   1.524708e-05   1.891625e-05   3.797717e-06   -8.047995e-08   2.199577e+01 
6.648896e-01   5.428623e-02   1.486339e-05   1.839867e-05   3.674702e-06   -6.392877e-08   2.209077e+01 
6.647664e-01   5.433935e-02   1.449138e-05   1.789978e-05   3.556684e-06   -4.925737e-08   2.218588e+01 
6.646423e-01   5.439252e-02   1.413161e-05   1.741887e-05   3.443517e-06   -3.545406e-08   2.228112e+01 
6.645174e-01   5.444575e-02   1.378429e-05   1.695533e-05   3.334819e-06   -2.178045e-08   2.237647e+01 
6.643917e-01   5.449903e-02   1.344900e-05   1.650842e-05   3.230301e-06   -8.204878e-09   2.247195e+01 
6.642652e-01   5.455237e-02   1.312509e-05   1.607725e-05   3.129840e-06   5.092808e-09   2.256755e+01 
6.641380e-01   5.460577e-02   1.281188e-05   1.566091e-05   3.033271e-06   1.794444e-08   2.266326e+01 
6.640099e-01   5.465922e-02   1.250879e-05   1.525865e-05   2.940385e-06   3.030352e-08   2.275910e+01 
6.638811e-01   5.471272e-02   1.221538e-05   1.486982e-05   2.850989e-06   4.220392e-08   2.285505e+01 
6.637514e-01   5.476629e-02   1.193125e-05   1.449383e-05   2.764912e-06   5.366684e-08   2.295112e+01 
6.636211e-01   5.481991e-02   1.165599e-05   1.413012e-05   2.681992e-06   6.471469e-08   2.304732e+01 
6.634899e-01   5.487358e-02   1.138927e-05   1.377817e-05   2.602084e-06   7.536094e-08   2.314363e+01 
6.633581e-01   5.492732e-02   1.113073e-05   1.343751e-05   2.525048e-06   8.562343e-08   2.324006e+01 
6.632255e-01   5.498111e-02   1.088007e-05   1.310766e-05   2.450755e-06   9.551897e-08   2.333660e+01 
6.630921e-01   5.503496e-02   1.063697e-05   1.278819e-05   2.379083e-06   1.050754e-07   2.343327e+01 
6.629581e-01   5.508887e-02   1.040118e-05   1.247869e-05   2.309919e-06   1.143022e-07   2.353005e+01 
6.628233e-01   5.514283e-02   1.017242e-05   1.217876e-05   2.243151e-06   1.232186e-07   2.362695e+01 
6.626878e-01   5.519686e-02   9.950428e-06   1.188805e-05   2.178680e-06   1.318398e-07   2.372396e+01 
6.625516e-01   5.525094e-02   9.734987e-06   1.160618e-05   2.116409e-06   1.401864e-07   2.382110e+01 
6.624146e-01   5.530509e-02   9.525837e-06   1.133283e-05   2.056246e-06   1.482592e-07   2.391835e+01 
6.622770e-01   5.535929e-02   9.322757e-06   1.106768e-05   1.998103e-06   1.560851e-07   2.401571e+01 
6.621386e-01   5.541354e-02   9.125544e-06   1.081042e-05   1.941900e-06   1.636645e-07   2.411319e+01 
6.619995e-01   5.546786e-02   8.933963e-06   1.056075e-05   1.887557e-06   1.710005e-07   2.421079e+01 
6.618597e-01   5.552223e-02   8.747821e-06   1.031840e-05   1.834999e-06   1.781096e-07   2.430850e+01 
6.617192e-01   5.557666e-02   8.566921e-06   1.008310e-05   1.784158e-06   1.849883e-07   2.440633e+01 
6.615780e-01   5.563115e-02   8.391057e-06   9.854607e-06   1.734964e-06   1.916440e-07   2.450427e+01 
6.614360e-01   5.568569e-02   8.220067e-06   9.632666e-06   1.687355e-06   1.980802e-07   2.460233e+01 
6.612934e-01   5.574029e-02   8.053761e-06   9.417046e-06   1.641268e-06   2.042989e-07   2.470050e+01 
6.611500e-01   5.579495e-02   7.891973e-06   9.207535e-06   1.596647e-06   2.103086e-07   2.479878e+01 
6.610059e-01   5.584966e-02   7.734560e-06   9.003908e-06   1.553434e-06   2.161126e-07   2.489718e+01 
6.608611e-01   5.590443e-02   7.581376e-06   8.805971e-06   1.511577e-06   2.217236e-07   2.499570e+01 
6.607157e-01   5.595926e-02   7.432303e-06   8.613529e-06   1.471026e-06   2.271526e-07   2.509432e+01 
6.605695e-01   5.601414e-02   7.287196e-06   8.426392e-06   1.431733e-06   2.324128e-07   2.519306e+01 
6.604227e-01   5.606908e-02   7.145975e-06   8.244389e-06   1.393650e-06   2.375193e-07   2.529191e+01 
6.602751e-01   5.612408e-02   7.008536e-06   8.067346e-06   1.356734e-06   2.424957e-07   2.539088e+01 
6.601268e-01   5.617913e-02   6.874781e-06   7.895101e-06   1.320944e-06   2.473524e-07   2.548996e+01 
6.599778e-01   5.623424e-02   6.744620e-06   7.727495e-06   1.286238e-06   2.521083e-07   2.558915e+01 
6.598281e-01   5.628939e-02   6.617977e-06   7.564379e-06   1.252579e-06   2.567816e-07   2.568845e+01 
6.596775e-01   5.634459e-02   6.494740e-06   7.405603e-06   1.219929e-06   2.613807e-07   2.578787e+01 
6.595261e-01   5.639984e-02   6.374826e-06   7.251030e-06   1.188254e-06   2.659134e-07   2.588739e+01 
6.593739e-01   5.645513e-02   6.258129e-06   7.100523e-06   1.157519e-06   2.703823e-07   2.598703e+01 
6.592207e-01   5.651046e-02   6.144542e-06   6.953945e-06   1.127692e-06   2.747855e-07   2.608678e+01 
6.590667e-01   5.656582e-02   6.033933e-06   6.811174e-06   1.098743e-06   2.791148e-07   2.618663e+01 
6.589117e-01   5.662121e-02   5.926188e-06   6.672086e-06   1.070641e-06   2.833601e-07   2.628660e+01 
6.587557e-01   5.667664e-02   5.821182e-06   6.536561e-06   1.043357e-06   2.875025e-07   2.638668e+01 
6.585988e-01   5.673210e-02   5.718782e-06   6.404485e-06   1.016864e-06   2.915285e-07   2.648688e+01 
6.584409e-01   5.678758e-02   5.618857e-06   6.275749e-06   9.911359e-07   2.954130e-07   2.658718e+01 
6.582820e-01   5.684310e-02   5.521275e-06   6.150243e-06   9.661465e-07   2.991336e-07   2.668759e+01 
6.581222e-01   5.689865e-02   5.425916e-06   6.027869e-06   9.418710e-07   3.026688e-07   2.678811e+01 
6.579615e-01   5.695423e-02   5.332658e-06   5.908529e-06   9.182857e-07   3.059993e-07   2.688874e+01 
6.578000e-01   5.700986e-02   5.241386e-06   5.792129e-06   8.953679e-07   3.091054e-07   2.698947e+01 
6.576377e-01   5.706553e-02   5.152013e-06   5.678579e-06   8.730952e-07   3.119730e-07   2.709032e+01 
6.574746e-01   5.712124e-02   5.064449e-06   5.567799e-06   8.514464e-07   3.146011e-07   2.719128e+01 
6.573110e-01   5.717702e-02   4.978645e-06   5.459703e-06   8.304004e-07   3.169855e-07   2.729234e+01 
6.571467e-01   5.723286e-02   4.894563e-06   5.354219e-06   8.099384e-07   3.191418e-07   2.739351e+01 
6.569820e-01   5.728876e-02   4.812191e-06   5.251275e-06   7.900406e-07   3.210927e-07   2.749479e+01 
6.568169e-01   5.734475e-02   4.731542e-06   5.150804e-06   7.706894e-07   3.228694e-07   2.759618e+01 
6.566513e-01   5.740081e-02   4.652634e-06   5.052738e-06   7.518667e-07   3.245142e-07   2.769768e+01 
6.564855e-01   5.745695e-02   4.575513e-06   4.957019e-06   7.335566e-07   3.260656e-07   2.779928e+01 
6.563192e-01   5.751317e-02   4.500217e-06   4.863584e-06   7.157425e-07   3.275744e-07   2.790099e+01 
6.561526e-01   5.756947e-02   4.426789e-06   4.772376e-06   6.984094e-07   3.290847e-07   2.800281e+01 
6.559855e-01   5.762584e-02   4.355241e-06   4.683332e-06   6.815426e-07   3.306311e-07   2.810474e+01 
6.558180e-01   5.768228e-02   4.285598e-06   4.596398e-06   6.651284e-07   3.322465e-07   2.820677e+01 
6.556498e-01   5.773878e-02   4.217827e-06   4.511516e-06   6.491531e-07   3.339442e-07   2.830890e+01 
6.554810e-01   5.779534e-02   4.151900e-06   4.428624e-06   6.336034e-07   3.357285e-07   2.841115e+01 
6.553114e-01   5.785193e-02   4.087752e-06   4.347663e-06   6.184675e-07   3.375949e-07   2.851350e+01 
6.551410e-01   5.790856e-02   4.025307e-06   4.268579e-06   6.037329e-07   3.395228e-07   2.861595e+01 
6.549696e-01   5.796522e-02   3.964457e-06   4.191310e-06   5.893876e-07   3.414922e-07   2.871852e+01 
6.547972e-01   5.802190e-02   3.905127e-06   4.115805e-06   5.754205e-07   3.434728e-07   2.882118e+01 
6.546238e-01   5.807860e-02   3.847212e-06   4.042004e-06   5.618203e-07   3.454410e-07   2.892395e+01 
6.544493e-01   5.813531e-02   3.790617e-06   3.969863e-06   5.485763e-07   3.473666e-07   2.902683e+01 
6.542738e-01   5.819204e-02   3.735285e-06   3.899327e-06   5.356779e-07   3.492326e-07   2.912981e+01 
6.540971e-01   5.824878e-02   3.681132e-06   3.830356e-06   5.231151e-07   3.510253e-07   2.923290e+01 
6.539193e-01   5.830552e-02   3.628117e-06   3.762902e-06   5.108780e-07   3.527319e-07   2.933609e+01 
6.537405e-01   5.836228e-02   3.576197e-06   3.696927e-06   4.989571e-07   3.543543e-07   2.943938e+01 
6.535606e-01   5.841906e-02   3.525350e-06   3.632390e-06   4.873431e-07   3.558866e-07   2.954278e+01 
6.533796e-01   5.847585e-02   3.475538e-06   3.569254e-06   4.760268e-07   3.573355e-07   2.964628e+01 
6.531977e-01   5.853265e-02   3.426752e-06   3.507485e-06   4.650003e-07   3.587057e-07   2.974989e+01 
6.530147e-01   5.858947e-02   3.378968e-06   3.447044e-06   4.542546e-07   3.600002e-07   2.985360e+01 
6.528307e-01   5.864631e-02   3.332168e-06   3.387901e-06   4.437820e-07   3.612268e-07   2.995741e+01 
6.526457e-01   5.870317e-02   3.286334e-06   3.330022e-06   4.335746e-07   3.623874e-07   3.006132e+01 
6.524597e-01   5.876004e-02   3.241442e-06   3.273373e-06   4.236249e-07   3.634843e-07   3.016534e+01 
6.522727e-01   5.881693e-02   3.197473e-06   3.217925e-06   4.139255e-07   3.645244e-07   3.026946e+01 
6.520848e-01   5.887384e-02   3.154413e-06   3.163647e-06   4.044695e-07   3.655087e-07   3.037369e+01 
6.518958e-01   5.893077e-02   3.112239e-06   3.110509e-06   3.952500e-07   3.664384e-07   3.047801e+01 
6.517059e-01   5.898772e-02   3.070931e-06   3.058483e-06   3.862605e-07   3.673186e-07   3.058244e+01 
6.515150e-01   5.904468e-02   3.030472e-06   3.007539e-06   3.774946e-07   3.681494e-07   3.068697e+01 
6.513231e-01   5.910166e-02   2.990847e-06   2.957654e-06   3.689461e-07   3.689330e-07   3.079160e+01 
6.511303e-01   5.915865e-02   2.952027e-06   2.908798e-06   3.606089e-07   3.696704e-07   3.089633e+01 
6.509364e-01   5.921567e-02   2.914003e-06   2.860947e-06   3.524773e-07   3.703620e-07   3.100117e+01 
6.507416e-01   5.927270e-02   2.876752e-06   2.814073e-06   3.445457e-07   3.710131e-07   3.110610e+01 
6.505458e-01   5.932974e-02   2.840261e-06   2.768158e-06   3.368086e-07   3.716184e-07   3.121113e+01 
6.503491e-01   5.938680e-02   2.804512e-06   2.723172e-06   3.292607e-07   3.721852e-07   3.131627e+01 
6.501513e-01   5.944387e-02   2.769486e-06   2.679095e-06   3.218970e-07   3.727110e-07   3.142151e+01 
6.499526e-01   5.950096e-02   2.735170e-06   2.635905e-06   3.147123e-07   3.731974e-07   3.152685e+01 
6.497529e-01   5.955807e-02   2.701547e-06   2.593580e-06   3.077021e-07   3.736456e-07   3.163228e+01 
6.495522e-01   5.961518e-02   2.668598e-06   2.552100e-06   3.008616e-07   3.740557e-07   3.173782e+01 
6.493506e-01   5.967231e-02   2.636317e-06   2.511445e-06   2.941862e-07   3.744325e-07   3.184346e+01 
6.491479e-01   5.972946e-02   2.604678e-06   2.471591e-06   2.876714e-07   3.747705e-07   3.194920e+01 
6.489443e-01   5.978661e-02   2.573675e-06   2.432525e-06   2.813133e-07   3.750746e-07   3.205503e+01 
6.487397e-01   5.984378e-02   2.543294e-06   2.394223e-06   2.751075e-07   3.753451e-07   3.216097e+01 
6.485341e-01   5.990096e-02   2.513518e-06   2.356670e-06   2.690500e-07   3.755804e-07   3.226700e+01 
6.483275e-01   5.995815e-02   2.484339e-06   2.319848e-06   2.631371e-07   3.757837e-07   3.237314e+01 
6.481199e-01   6.001535e-02   2.455740e-06   2.283738e-06   2.573648e-07   3.759551e-07   3.247937e+01 
6.479113e-01   6.007256e-02   2.427711e-06   2.248325e-06   2.517296e-07   3.760936e-07   3.258570e+01 
6.477017e-01   6.012977e-02   2.400241e-06   2.213593e-06   2.462278e-07   3.762014e-07   3.269213e+01 
6.474912e-01   6.018700e-02   2.373317e-06   2.179525e-06   2.408560e-07   3.762785e-07   3.279866e+01 
6.472796e-01   6.024424e-02   2.346925e-06   2.146104e-06   2.356109e-07   3.763249e-07   3.290529e+01 
6.470670e-01   6.030148e-02   2.321062e-06   2.113320e-06   2.304891e-07   3.763437e-07   3.301201e+01 
6.468535e-01   6.035873e-02   2.295710e-06   2.081153e-06   2.254876e-07   3.763327e-07   3.311883e+01 
6.466389e-01   6.041598e-02   2.270864e-06   2.049591e-06   2.206032e-07   3.762930e-07   3.322575e+01 
6.464233e-01   6.047325e-02   2.246507e-06   2.018621e-06   2.158329e-07   3.762257e-07   3.333277e+01 
6.462067e-01   6.053051e-02   2.222638e-06   1.988229e-06   2.111740e-07   3.761318e-07   3.343988e+01 
6.459891e-01   6.058779e-02   2.199236e-06   1.958401e-06   2.066234e-07   3.760112e-07   3.354709e+01 
6.457705e-01   6.064506e-02   2.176307e-06   1.929126e-06   2.021786e-07   3.758631e-07   3.365440e+01 
6.455508e-01   6.070234e-02   2.153831e-06   1.900389e-06   1.978368e-07   3.756908e-07   3.376181e+01 
6.453302e-01   6.075962e-02   2.131801e-06   1.872180e-06   1.935954e-07   3.754929e-07   3.386931e+01 
6.451085e-01   6.081691e-02   2.110210e-06   1.844486e-06   1.894520e-07   3.752682e-07   3.397691e+01 
6.448858e-01   6.087420e-02   2.089048e-06   1.817297e-06   1.854040e-07   3.750226e-07   3.408460e+01 
6.446621e-01   6.093149e-02   2.068308e-06   1.790601e-06   1.814491e-07   3.747506e-07   3.419239e+01 
6.444374e-01   6.098878e-02   2.047982e-06   1.764386e-06   1.775850e-07   3.744546e-07   3.430028e+01 
6.442116e-01   6.104607e-02   2.028064e-06   1.738644e-06   1.738096e-07   3.741375e-07   3.440826e+01 
6.439848e-01   6.110336e-02   2.008541e-06   1.713368e-06   1.701203e-07   3.737947e-07   3.451634e+01 
6.437570e-01   6.116065e-02   1.989420e-06   1.688568e-06   1.665154e-07   3.734194e-07   3.462451e+01 
6.435281e-01   6.121794e-02   1.970694e-06   1.664352e-06   1.629926e-07   3.729749e-07   3.473278e+01 
6.432982e-01   6.127522e-02   1.952491e-06   1.641366e-06   1.595500e-07   3.721687e-07   3.484114e+01 
6.430673e-01   6.133250e-02   1.935108e-06   1.623303e-06   1.561854e-07   3.699050e-07   3.494960e+01 
6.428353e-01   6.138978e-02   1.922786e-06   1.613744e-06   1.528973e-07   3.606540e-07   3.505815e+01 
6.426023e-01   6.144706e-02   1.906756e-06   1.593149e-06   1.496835e-07   3.841206e-07   3.516680e+01 
6.423682e-01   6.150433e-02   1.885018e-06   1.557512e-06   1.465423e-07   3.755989e-07   3.527554e+01 
6.421331e-01   6.156160e-02   1.872613e-06   1.529787e-06   1.434720e-07   3.749596e-07   3.538438e+01 
6.418969e-01   6.161886e-02   1.855106e-06   1.505061e-06   1.404708e-07   3.692076e-07   3.549331e+01 
6.416596e-01   6.167611e-02   1.834455e-06   1.483858e-06   1.375371e-07   3.690587e-07   3.560233e+01 
6.414213e-01   6.173336e-02   1.818352e-06   1.463000e-06   1.346692e-07   3.686284e-07   3.571145e+01 
6.411820e-01   6.179060e-02   1.802963e-06   1.442528e-06   1.318656e-07   3.680735e-07   3.582066e+01 
6.409416e-01   6.184783e-02   1.788016e-06   1.422405e-06   1.291248e-07   3.674720e-07   3.592997e+01 
6.407001e-01   6.190505e-02   1.773396e-06   1.402624e-06   1.264452e-07   3.668518e-07   3.603937e+01 
6.404576e-01   6.196226e-02   1.759087e-06   1.383175e-06   1.238254e-07   3.662111e-07   3.614886e+01 
6.402140e-01   6.201946e-02   1.745082e-06   1.364052e-06   1.212639e-07   3.655534e-07   3.625844e+01 
6.399693e-01   6.207665e-02   1.731377e-06   1.345247e-06   1.187594e-07   3.648772e-07   3.636812e+01 
6.397235e-01   6.213383e-02   1.717969e-06   1.326754e-06   1.163105e-07   3.641835e-07   3.647789e+01 
6.394767e-01   6.219100e-02   1.704850e-06   1.308566e-06   1.139160e-07   3.634717e-07   3.658776e+01 
6.392288e-01   6.224815e-02   1.692018e-06   1.290677e-06   1.115744e-07   3.627432e-07   3.669771e+01 
6.389798e-01   6.230529e-02   1.679464e-06   1.273082e-06   1.092846e-07   3.619977e-07   3.680776e+01 
6.387297e-01   6.236241e-02   1.667190e-06   1.255774e-06   1.070454e-07   3.612352e-07   3.691790e+01 
6.384785e-01   6.241952e-02   1.655191e-06   1.238747e-06   1.048555e-07   3.604574e-07   3.702813e+01 
6.382263e-01   6.247661e-02   1.643459e-06   1.221998e-06   1.027140e-07   3.596617e-07   3.713846e+01 
6.379729e-01   6.253369e-02   1.631995e-06   1.205518e-06   1.006194e-07   3.588507e-07   3.724887e+01 
6.377185e-01   6.259075e-02   1.620794e-06   1.189303e-06   9.857085e-08   3.580239e-07   3.735938e+01 
6.374629e-01   6.264778e-02   1.609849e-06   1.173349e-06   9.656726e-08   3.571819e-07   3.746998e+01 
6.372063e-01   6.270481e-02   1.599163e-06   1.157648e-06   9.460752e-08   3.563253e-07   3.758067e+01 
6.369485e-01   6.276181e-02   1.588726e-06   1.142198e-06   9.269066e-08   3.554534e-07   3.769145e+01 
6.366897e-01   6.281879e-02   1.578540e-06   1.126992e-06   9.081569e-08   3.545685e-07   3.780233e+01 
6.364297e-01   6.287575e-02   1.568599e-06   1.112026e-06   8.898160e-08   3.536681e-07   3.791329e+01 
6.361686e-01   6.293269e-02   1.558897e-06   1.097293e-06   8.718749e-08   3.527537e-07   3.802434e+01 
6.359064e-01   6.298960e-02   1.549439e-06   1.082791e-06   8.543248e-08   3.518268e-07   3.813549e+01 
6.356431e-01   6.304650e-02   1.540212e-06   1.068513e-06   8.371559e-08   3.508862e-07   3.824672e+01 
6.353787e-01   6.310337e-02   1.531222e-06   1.054456e-06   8.203598e-08   3.499330e-07   3.835805e+01 
6.351132e-01   6.316021e-02   1.522462e-06   1.040616e-06   8.039284e-08   3.489664e-07   3.846946e+01 
6.348465e-01   6.321704e-02   1.513929e-06   1.026987e-06   7.878528e-08   3.479853e-07   3.858097e+01 
6.345787e-01   6.327383e-02   1.505622e-06   1.013567e-06   7.721251e-08   3.469928e-07   3.869256e+01 
6.343098e-01   6.333060e-02   1.497536e-06   1.000351e-06   7.567380e-08   3.459852e-07   3.880425e+01 
6.340397e-01   6.338734e-02   1.489673e-06   9.873364e-07   7.416827e-08   3.449652e-07   3.891602e+01 
6.337685e-01   6.344406e-02   1.482025e-06   9.745183e-07   7.269521e-08   3.439315e-07   3.902789e+01 
6.334962e-01   6.350074e-02   1.474593e-06   9.618950e-07   7.125397e-08   3.428831e-07   3.913984e+01 
6.332227e-01   6.355740e-02   1.467374e-06   9.494605e-07   6.984373e-08   3.418218e-07   3.925188e+01 
6.329481e-01   6.361402e-02   1.460368e-06   9.372128e-07   6.846377e-08   3.407457e-07   3.936401e+01 
6.326723e-01   6.367062e-02   1.453569e-06   9.251480e-07   6.711352e-08   3.396565e-07   3.947624e+01 
6.323954e-01   6.372718e-02   1.446981e-06   9.132627e-07   6.579226e-08   3.385530e-07   3.958854e+01 
6.321173e-01   6.378371e-02   1.440599e-06   9.015525e-07   6.449923e-08   3.374380e-07   3.970094e+01 
6.318381e-01   6.384021e-02   1.434428e-06   8.900142e-07   6.323400e-08   3.363099e-07   3.981343e+01 
6.315577e-01   6.389667e-02   1.428457e-06   8.786441e-07   6.199586e-08   3.351710e-07   3.992600e+01 
6.312762e-01   6.395310e-02   1.422695e-06   8.674383e-07   6.078407e-08   3.340201e-07   4.003866e+01 
6.309934e-01   6.400949e-02   1.417126e-06   8.563937e-07   5.959820e-08   3.328588e-07   4.015142e+01 
6.307096e-01   6.406585e-02   1.411753e-06   8.455058e-07   5.843774e-08   3.316834e-07   4.026425e+01 
6.304245e-01   6.412216e-02   1.406570e-06   8.347720e-07   5.730190e-08   3.304963e-07   4.037718e+01 
6.301383e-01   6.417844e-02   1.401573e-06   8.241898e-07   5.619020e-08   3.292979e-07   4.049019e+01 
6.298511e-01   6.423463e-02   1.396773e-06   8.137626e-07   5.510316e-08   3.280886e-07   4.060321e+01 
6.295630e-01   6.429075e-02   1.392161e-06   8.034879e-07   5.403997e-08   3.268691e-07   4.071622e+01 
6.292739e-01   6.434678e-02   1.387744e-06   7.933631e-07   5.300000e-08   3.256391e-07   4.082924e+01 
6.289838e-01   6.440272e-02   1.383523e-06   7.833843e-07   5.198297e-08   3.244022e-07   4.094225e+01 
6.286928e-01   6.445858e-02   1.379494e-06   7.735495e-07   5.098830e-08   3.231541e-07   4.105527e+01 
6.284009e-01   6.451436e-02   1.375654e-06   7.638553e-07   5.001519e-08   3.218973e-07   4.116828e+01 
6.281079e-01   6.457005e-02   1.372002e-06   7.542999e-07   4.906333e-08   3.206305e-07   4.128130e+01 
6.278141e-01   6.462566e-02   1.368537e-06   7.448792e-07   4.813246e-08   3.193534e-07   4.139431e+01 
6.275192e-01   6.468118e-02   1.365253e-06   7.355922e-07   4.722179e-08   3.180653e-07   4.150733e+01 
6.272234e-01   6.473662e-02   1.362149e-06   7.264364e-07   4.633070e-08   3.167673e-07   4.162034e+01 
6.269266e-01   6.479196e-02   1.359224e-06   7.174098e-07   4.545917e-08   3.154578e-07   4.173336e+01 
6.266289e-01   6.484723e-02   1.356476e-06   7.085100e-07   4.460677e-08   3.141388e-07   4.184637e+01 
6.263302e-01   6.490240e-02   1.353904e-06   6.997354e-07   4.377259e-08   3.128094e-07   4.195939e+01 
6.260305e-01   6.495749e-02   1.351508e-06   6.910831e-07   4.295630e-08   3.114702e-07   4.207240e+01 
6.257299e-01   6.501248e-02   1.349289e-06   6.825524e-07   4.215804e-08   3.101229e-07   4.218541e+01 
6.254282e-01   6.506739e-02   1.347238e-06   6.741400e-07   4.137716e-08   3.087672e-07   4.229843e+01 
6.251257e-01   6.512221e-02   1.345361e-06   6.658431e-07   4.061271e-08   3.074025e-07   4.241145e+01 
6.248221e-01   6.517693e-02   1.343650e-06   6.576607e-07   3.986466e-08   3.060307e-07   4.252446e+01 
6.245176e-01   6.523157e-02   1.342113e-06   6.495899e-07   3.913325e-08   3.046522e-07   4.263747e+01 
6.242120e-01   6.528611e-02   1.340738e-06   6.416287e-07   3.841765e-08   3.032666e-07   4.275049e+01 
6.239056e-01   6.534056e-02   1.339531e-06   6.337742e-07   3.771683e-08   3.018752e-07   4.286350e+01 
6.235981e-01   6.539491e-02   1.338487e-06   6.260248e-07   3.703099e-08   3.004776e-07   4.297652e+01 
6.232897e-01   6.544917e-02   1.337608e-06   6.183782e-07   3.636060e-08   2.990734e-07   4.308953e+01 
6.229802e-01   6.550334e-02   1.336884e-06   6.108325e-07   3.570471e-08   2.976621e-07   4.320255e+01 
6.226698e-01   6.555741e-02   1.336332e-06   6.033858e-07   3.506203e-08   2.962458e-07   4.331556e+01 
6.223584e-01   6.561138e-02   1.335940e-06   5.960363e-07   3.443285e-08   2.948213e-07   4.342858e+01 
6.220461e-01   6.566526e-02   1.335698e-06   5.887823e-07   3.381809e-08   2.933912e-07   4.354159e+01 
6.217327e-01   6.571904e-02   1.335620e-06   5.816215e-07   3.321701e-08   2.919530e-07   4.365461e+01 
6.214184e-01   6.577272e-02   1.335712e-06   5.745535e-07   3.262776e-08   2.905088e-07   4.376762e+01 
6.211030e-01   6.582631e-02   1.335960e-06   5.675758e-07   3.205015e-08   2.890581e-07   4.388064e+01 
6.207867e-01   6.587979e-02   1.336363e-06   5.606860e-07   3.148580e-08   2.875998e-07   4.399365e+01 
6.204694e-01   6.593318e-02   1.336934e-06   5.538841e-07   3.093508e-08   2.861356e-07   4.410667e+01 
6.201511e-01   6.598646e-02   1.337664e-06   5.471668e-07   3.039576e-08   2.846652e-07   4.421968e+01 
6.198318e-01   6.603965e-02   1.338552e-06   5.405332e-07   2.986580e-08   2.831881e-07   4.433270e+01 
6.195116e-01   6.609273e-02   1.339591e-06   5.339824e-07   2.934672e-08   2.817057e-07   4.444571e+01 
6.191903e-01   6.614572e-02   1.340790e-06   5.275111e-07   2.884126e-08   2.802176e-07   4.455873e+01 
6.188680e-01   6.619860e-02   1.342143e-06   5.211163e-07   2.834968e-08   2.787269e-07   4.467174e+01 
6.185447e-01   6.625137e-02   1.343608e-06   5.147983e-07   2.786718e-08   2.772321e-07   4.478475e+01 
6.182204e-01   6.630404e-02   1.345171e-06   5.085553e-07   2.738840e-08   2.757324e-07   4.489777e+01 
6.178951e-01   6.635661e-02   1.346853e-06   5.023885e-07   2.691622e-08   2.742280e-07   4.501078e+01 
6.175688e-01   6.640907e-02   1.348660e-06   4.962963e-07   2.645630e-08   2.727220e-07   4.512380e+01 
6.172414e-01   6.646142e-02   1.350597e-06   4.902783e-07   2.600866e-08   2.712140e-07   4.523681e+01 
6.169131e-01   6.651366e-02   1.352728e-06   4.843299e-07   2.557343e-08   2.696942e-07   4.534983e+01 
6.165838e-01   6.656581e-02   1.355175e-06   4.784439e-07   2.515327e-08   2.681578e-07   4.546284e+01 
6.162536e-01   6.661786e-02   1.358051e-06   4.726177e-07   2.474616e-08   2.666010e-07   4.557586e+01 
6.159225e-01   6.666982e-02   1.361337e-06   4.668479e-07   2.434521e-08   2.650471e-07   4.568887e+01 
6.155903e-01   6.672167e-02   1.364782e-06   4.611440e-07   2.394642e-08   2.634932e-07   4.580189e+01 
6.152571e-01   6.677340e-02   1.368076e-06   4.555018e-07   2.355131e-08   2.619448e-07   4.591490e+01 
6.149227e-01   6.682500e-02   1.371129e-06   4.499277e-07   2.316324e-08   2.603701e-07   4.602792e+01 
6.145873e-01   6.687650e-02   1.374137e-06   4.444132e-07   2.278418e-08   2.587899e-07   4.614093e+01 
6.142508e-01   6.692788e-02   1.377333e-06   4.389648e-07   2.241445e-08   2.571949e-07   4.625395e+01 
6.139133e-01   6.697916e-02   1.380836e-06   4.335795e-07   2.205361e-08   2.555970e-07   4.636696e+01 
6.135749e-01   6.703034e-02   1.384613e-06   4.282558e-07   2.170106e-08   2.540033e-07   4.647998e+01 
6.132355e-01   6.708140e-02   1.388598e-06   4.229995e-07   2.135633e-08   2.523966e-07   4.659299e+01 
6.128951e-01   6.713236e-02   1.392737e-06   4.178037e-07   2.101906e-08   2.507923e-07   4.670600e+01 
6.125536e-01   6.718320e-02   1.397019e-06   4.127003e-07   2.068899e-08   2.491986e-07   4.681902e+01 
6.122111e-01   6.723393e-02   1.401587e-06   4.076698e-07   2.036594e-08   2.474589e-07   4.693203e+01 
6.118676e-01   6.728453e-02   1.406127e-06   4.025655e-07   2.004975e-08   2.459558e-07   4.704505e+01 
6.115230e-01   6.733502e-02   1.410775e-06   3.975913e-07   1.974026e-08   2.443172e-07   4.715806e+01 
6.111774e-01   6.738541e-02   1.415661e-06   3.926668e-07   1.943735e-08   2.426942e-07   4.727108e+01 
6.108308e-01   6.743567e-02   1.420689e-06   3.877888e-07   1.914086e-08   2.410657e-07   4.738409e+01 
6.104832e-01   6.748581e-02   1.425851e-06   3.829546e-07   1.885066e-08   2.394345e-07   4.749711e+01 
6.101345e-01   6.753584e-02   1.431147e-06   3.781622e-07   1.856663e-08   2.377979e-07   4.761012e+01 
6.097847e-01   6.758575e-02   1.436577e-06   3.734121e-07   1.828863e-08   2.361566e-07   4.772314e+01 
6.094340e-01   6.763553e-02   1.442143e-06   3.687070e-07   1.801654e-08   2.345057e-07   4.783615e+01 
6.090821e-01   6.768520e-02   1.447850e-06   3.640497e-07   1.775025e-08   2.328434e-07   4.794917e+01 
6.087292e-01   6.773474e-02   1.453688e-06   3.594432e-07   1.748962e-08   2.311680e-07   4.806218e+01 
6.083753e-01   6.778417e-02   1.459664e-06   3.548881e-07   1.723455e-08   2.294793e-07   4.817520e+01 
6.080203e-01   6.783347e-02   1.465784e-06   3.503846e-07   1.698493e-08   2.277829e-07   4.828821e+01 
6.076643e-01   6.788265e-02   1.472055e-06   3.459302e-07   1.674063e-08   2.260839e-07   4.840123e+01 
6.073073e-01   6.793171e-02   1.478496e-06   3.415214e-07   1.650159e-08   2.243925e-07   4.851424e+01 
6.069492e-01   6.798065e-02   1.485131e-06   3.371546e-07   1.626766e-08   2.227185e-07   4.862726e+01 
6.065900e-01   6.802947e-02   1.491991e-06   3.328262e-07   1.603877e-08   2.210707e-07   4.874027e+01 
6.062299e-01   6.807816e-02   1.499085e-06   3.285343e-07   1.581484e-08   2.194508e-07   4.885328e+01 
6.058687e-01   6.812674e-02   1.506431e-06   3.242764e-07   1.559572e-08   2.178555e-07   4.896630e+01 
6.055065e-01   6.817519e-02   1.513995e-06   3.200518e-07   1.538147e-08   2.162710e-07   4.907932e+01 
6.051432e-01   6.822351e-02   1.521723e-06   3.158589e-07   1.517184e-08   2.146772e-07   4.919233e+01 
6.047788e-01   6.827171e-02   1.529549e-06   3.116974e-07   1.496665e-08   2.130520e-07   4.930534e+01 
6.044133e-01   6.831976e-02   1.537424e-06   3.075665e-07   1.476602e-08   2.113844e-07   4.941836e+01 
6.040467e-01   6.836769e-02   1.545347e-06   3.034689e-07   1.456990e-08   2.096754e-07   4.953137e+01 
6.036790e-01   6.841548e-02   1.553341e-06   2.994075e-07   1.437797e-08   2.079389e-07   4.964439e+01 
6.033102e-01   6.846313e-02   1.561471e-06   2.953848e-07   1.419020e-08   2.061945e-07   4.975740e+01 
6.029404e-01   6.851066e-02   1.569783e-06   2.914027e-07   1.400668e-08   2.044601e-07   4.987042e+01 
6.025694e-01   6.855805e-02   1.578309e-06   2.874615e-07   1.382725e-08   2.027446e-07   4.998343e+01 
6.021974e-01   6.860531e-02   1.587047e-06   2.835592e-07   1.365172e-08   2.010474e-07   5.009645e+01 
6.018242e-01   6.865243e-02   1.595992e-06   2.796930e-07   1.348023e-08   1.993630e-07   5.020946e+01 
6.014499e-01   6.869942e-02   1.605111e-06   2.758608e-07   1.331263e-08   1.976818e-07   5.032248e+01 
6.010746e-01   6.874627e-02   1.614391e-06   2.720604e-07   1.314880e-08   1.959983e-07   5.043549e+01 
6.006980e-01   6.879298e-02   1.623819e-06   2.682909e-07   1.298872e-08   1.943077e-07   5.054851e+01 
6.003204e-01   6.883954e-02   1.633401e-06   2.645521e-07   1.283218e-08   1.926107e-07   5.066152e+01 
5.999416e-01   6.888597e-02   1.643140e-06   2.608438e-07   1.267924e-08   1.909078e-07   5.077454e+01 
5.995617e-01   6.893225e-02   1.653045e-06   2.571653e-07   1.252984e-08   1.892004e-07   5.088755e+01 
5.991806e-01   6.897839e-02   1.663116e-06   2.535155e-07   1.238363e-08   1.874891e-07   5.100057e+01 
5.987984e-01   6.902439e-02   1.673348e-06   2.498936e-07   1.224085e-08   1.857735e-07   5.111358e+01 
5.984152e-01   6.907025e-02   1.683735e-06   2.462982e-07   1.210142e-08   1.840517e-07   5.122660e+01 
5.980308e-01   6.911596e-02   1.694296e-06   2.427313e-07   1.196536e-08   1.823231e-07   5.133961e+01 
5.976453e-01   6.916153e-02   1.705018e-06   2.392017e-07   1.183307e-08   1.805784e-07   5.145262e+01 
5.972588e-01   6.920696e-02   1.715956e-06   2.357279e-07   1.170623e-08   1.788035e-07   5.156564e+01 
5.968711e-01   6.925225e-02   1.727099e-06   2.323164e-07   1.159073e-08   1.769948e-07   5.167865e+01 
5.964825e-01   6.929739e-02   1.738367e-06   2.289490e-07   1.150831e-08   1.752085e-07   5.179167e+01 
5.960928e-01   6.934241e-02   1.749789e-06   2.255979e-07   1.153701e-08   1.735252e-07   5.190468e+01 
5.957019e-01   6.938726e-02   1.761669e-06   2.226776e-07   1.196212e-08   1.716512e-07   5.201770e+01 
5.953102e-01   6.943202e-02   1.775390e-06   2.207047e-07   1.317875e-08   1.695336e-07   5.213071e+01 
5.949173e-01   6.947670e-02   1.787175e-06   2.275678e-07   2.243225e-08   1.669335e-07   5.224373e+01 
5.945232e-01   6.952098e-02   1.812450e-06   2.478154e-07   5.431208e-08   1.701815e-07   5.235674e+01 
5.941283e-01   6.956539e-02   1.814737e-06   2.155422e-07   1.389441e-08   1.656439e-07   5.246976e+01 
5.937323e-01   6.960966e-02   1.822584e-06   2.119528e-07   1.105231e-08   1.633378e-07   5.258277e+01 
5.933351e-01   6.965361e-02   1.834739e-06   2.035726e-07   1.287267e-08   1.618493e-07   5.269579e+01 
5.929367e-01   6.969744e-02   1.847108e-06   1.995046e-07   1.229358e-08   1.597207e-07   5.280880e+01 
5.925373e-01   6.974120e-02   1.859729e-06   1.955897e-07   1.062025e-08   1.581118e-07   5.292182e+01 
5.921368e-01   6.978482e-02   1.872695e-06   1.922668e-07   1.028452e-08   1.563769e-07   5.303483e+01 
5.917352e-01   6.982826e-02   1.885928e-06   1.887719e-07   1.016820e-08   1.546378e-07   5.314785e+01 
5.913325e-01   6.987157e-02   1.899364e-06   1.855939e-07   1.006721e-08   1.529143e-07   5.326086e+01 
5.909288e-01   6.991473e-02   1.912996e-06   1.824536e-07   9.976207e-09   1.511675e-07   5.337387e+01 
5.905238e-01   6.995776e-02   1.926806e-06   1.793639e-07   9.888132e-09   1.494768e-07   5.348689e+01 
5.901179e-01   7.000064e-02   1.940815e-06   1.762164e-07   9.802299e-09   1.477604e-07   5.359990e+01 
5.897107e-01   7.004336e-02   1.954994e-06   1.732228e-07   9.718559e-09   1.460327e-07   5.371292e+01 
5.893025e-01   7.008594e-02   1.969372e-06   1.700940e-07   9.636835e-09   1.443105e-07   5.382593e+01 
5.888931e-01   7.012838e-02   1.983936e-06   1.671114e-07   9.557090e-09   1.425768e-07   5.393895e+01 
5.884827e-01   7.017065e-02   1.998693e-06   1.640892e-07   9.479302e-09   1.408303e-07   5.405196e+01 
5.880710e-01   7.021277e-02   2.013638e-06   1.611158e-07   9.403423e-09   1.390963e-07   5.416498e+01 
5.876584e-01   7.025474e-02   2.028770e-06   1.581572e-07   9.329432e-09   1.373637e-07   5.427799e+01 
5.872445e-01   7.029656e-02   2.044094e-06   1.552150e-07   9.257291e-09   1.356370e-07   5.439101e+01 
5.868296e-01   7.033822e-02   2.059610e-06   1.522956e-07   9.186952e-09   1.339138e-07   5.450402e+01 
5.864135e-01   7.037972e-02   2.075308e-06   1.493979e-07   9.118398e-09   1.321939e-07   5.461704e+01 
5.859963e-01   7.042107e-02   2.091203e-06   1.465188e-07   9.051599e-09   1.304775e-07   5.473005e+01 
5.855780e-01   7.046226e-02   2.107289e-06   1.436612e-07   8.986518e-09   1.287657e-07   5.484307e+01 
5.851586e-01   7.050329e-02   2.123571e-06   1.408256e-07   8.923129e-09   1.270543e-07   5.495608e+01 
5.847379e-01   7.054416e-02   2.140047e-06   1.380136e-07   8.861393e-09   1.253455e-07   5.506910e+01 
5.843162e-01   7.058487e-02   2.156723e-06   1.352254e-07   8.801279e-09   1.236363e-07   5.518211e+01 
5.838933e-01   7.062543e-02   2.173598e-06   1.324598e-07   8.742762e-09   1.219288e-07   5.529513e+01 
5.834694e-01   7.066582e-02   2.190676e-06   1.297160e-07   8.685813e-09   1.202214e-07   5.540814e+01 
5.830441e-01   7.070605e-02   2.207954e-06   1.269920e-07   8.630392e-09   1.185160e-07   5.552116e+01 
5.826180e-01   7.074612e-02   2.225441e-06   1.242860e-07   8.576473e-09   1.168100e-07   5.563417e+01 
5.821904e-01   7.078602e-02   2.243137e-06   1.215968e-07   8.524019e-09   1.151050e-07   5.574719e+01 
5.817620e-01   7.082576e-02   2.261045e-06   1.189241e-07   8.473004e-09   1.133990e-07   5.586020e+01 
5.813321e-01   7.086534e-02   2.279170e-06   1.162684e-07   8.423389e-09   1.116919e-07   5.597321e+01 
5.809014e-01   7.090475e-02   2.297517e-06   1.136305e-07   8.375152e-09   1.099802e-07   5.608623e+01 
5.804692e-01   7.094400e-02   2.316082e-06   1.110118e-07   8.328259e-09   1.082645e-07   5.619924e+01 
5.800362e-01   7.098307e-02   2.334875e-06   1.084145e-07   8.282693e-09   1.065419e-07   5.631226e+01 
5.796016e-01   7.102199e-02   2.353891e-06   1.058381e-07   8.238423e-09   1.048146e-07   5.642527e+01 
5.791663e-01   7.106073e-02   2.373136e-06   1.032829e-07   8.195440e-09   1.030805e-07   5.653829e+01 
5.787294e-01   7.109932e-02   2.392611e-06   1.007494e-07   8.153719e-09   1.013438e-07   5.665130e+01 
5.782918e-01   7.113772e-02   2.412311e-06   9.823636e-08   8.113257e-09   9.960282e-08   5.676432e+01 
5.778526e-01   7.117596e-02   2.432241e-06   9.574266e-08   8.074031e-09   9.786284e-08   5.687733e+01 
5.774127e-01   7.121402e-02   2.452393e-06   9.326759e-08   8.036044e-09   9.612206e-08   5.699035e+01 
5.769711e-01   7.125192e-02   2.472781e-06   9.081021e-08   7.999272e-09   9.438496e-08   5.710336e+01 
5.765289e-01   7.128963e-02   2.493390e-06   8.837021e-08   7.963721e-09   9.265021e-08   5.721638e+01 
5.760849e-01   7.132717e-02   2.514233e-06   8.594726e-08   7.929361e-09   9.092010e-08   5.732939e+01 
5.756405e-01   7.136453e-02   2.535300e-06   8.354193e-08   7.896201e-09   8.919292e-08   5.744241e+01 
5.751941e-01   7.140173e-02   2.556611e-06   8.115395e-08   7.864204e-09   8.747176e-08   5.755542e+01 
5.747473e-01   7.143873e-02   2.578145e-06   7.878465e-08   7.833379e-09   8.575100e-08   5.766844e+01 
5.742985e-01   7.147557e-02   2.599933e-06   7.643422e-08   7.803682e-09   8.403422e-08   5.778145e+01 
5.738495e-01   7.151223e-02   2.621951e-06   7.410430e-08   7.775123e-09   8.231535e-08   5.789446e+01 
5.733982e-01   7.154872e-02   2.644227e-06   7.179489e-08   7.747649e-09   8.059932e-08   5.800748e+01 
5.729469e-01   7.158502e-02   2.666741e-06   6.950707e-08   7.721275e-09   7.887949e-08   5.812049e+01 
5.724931e-01   7.162116e-02   2.689526e-06   6.724129e-08   7.695940e-09   7.716211e-08   5.823351e+01 
5.720395e-01   7.165711e-02   2.712540e-06   6.499830e-08   7.671665e-09   7.544123e-08   5.834652e+01 
5.715833e-01   7.169290e-02   2.735834e-06   6.277890e-08   7.648384e-09   7.372169e-08   5.845954e+01 
5.711274e-01   7.172850e-02   2.759367e-06   6.058478e-08   7.626130e-09   7.199856e-08   5.857255e+01 
5.706686e-01   7.176394e-02   2.783183e-06   5.841697e-08   7.604830e-09   7.027722e-08   5.868557e+01 
5.702105e-01   7.179919e-02   2.807237e-06   5.627730e-08   7.584534e-09   6.854637e-08   5.879858e+01 
5.697492e-01   7.183428e-02   2.831592e-06   5.416655e-08   7.565150e-09   6.681980e-08   5.891160e+01 
5.692888e-01   7.186917e-02   2.856186e-06   5.208502e-08   7.546746e-09   6.507880e-08   5.902461e+01 
5.688249e-01   7.190390e-02   2.881095e-06   5.003196e-08   7.529232e-09   6.334269e-08   5.913763e+01 
5.683623e-01   7.193843e-02   2.906240e-06   4.800722e-08   7.512729e-09   6.159782e-08   5.925064e+01 
5.678957e-01   7.197279e-02   2.931713e-06   4.600824e-08   7.497072e-09   5.984915e-08   5.936366e+01 
5.674310e-01   7.200694e-02   2.957415e-06   4.403570e-08   7.482435e-09   5.810470e-08   5.947667e+01 
5.669617e-01   7.204095e-02   2.983463e-06   4.209093e-08   7.468724e-09   5.637640e-08   5.958969e+01 
5.664949e-01   7.207472e-02   3.009725e-06   4.016902e-08   7.455988e-09   5.462654e-08   5.970270e+01 
5.660229e-01   7.210832e-02   3.036352e-06   3.826092e-08   7.444052e-09   5.287303e-08   5.981571e+01 
5.655539e-01   7.214169e-02   3.063181e-06   3.637677e-08   7.433320e-09   5.112032e-08   5.992873e+01 
5.650791e-01   7.217492e-02   3.090390e-06   3.451888e-08   7.423316e-09   4.938895e-08   6.004174e+01 
5.646081e-01   7.220793e-02   3.117786e-06   3.268794e-08   7.414548e-09   4.765497e-08   6.015476e+01 
5.641305e-01   7.224078e-02   3.145609e-06   3.088540e-08   7.406480e-09   4.593430e-08   6.026777e+01 
5.636575e-01   7.227341e-02   3.173614e-06   2.911519e-08   7.399779e-09   4.420309e-08   6.038079e+01 
5.631769e-01   7.230589e-02   3.202086e-06   2.737907e-08   7.393632e-09   4.248272e-08   6.049380e+01 
5.627021e-01   7.233814e-02   3.230710e-06   2.568040e-08   7.388995e-09   4.074817e-08   6.060682e+01 
5.622184e-01   7.237025e-02   3.259826e-06   2.401922e-08   7.384712e-09   3.902139e-08   6.071983e+01 
5.617417e-01   7.240212e-02   3.289074e-06   2.239751e-08   7.382131e-09   3.727706e-08   6.083285e+01 
5.612549e-01   7.243385e-02   3.318868e-06   2.081332e-08   7.379639e-09   3.553988e-08   6.094586e+01 
5.607765e-01   7.246534e-02   3.348768e-06   1.926900e-08   7.379099e-09   3.378315e-08   6.105888e+01 
5.602864e-01   7.249670e-02   3.379300e-06   1.776200e-08   7.378309e-09   3.203258e-08   6.117189e+01 
5.598065e-01   7.252779e-02   3.409878e-06   1.629606e-08   7.379792e-09   3.025973e-08   6.128491e+01 
5.593129e-01   7.255878e-02   3.441191e-06   1.486887e-08   7.380615e-09   2.849328e-08   6.139792e+01 
5.588317e-01   7.258949e-02   3.472466e-06   1.348594e-08   7.384105e-09   2.670102e-08   6.151094e+01 
5.583344e-01   7.262009e-02   3.504591e-06   1.214433e-08   7.386478e-09   2.491699e-08   6.162395e+01 
5.578521e-01   7.265040e-02   3.536586e-06   1.085120e-08   7.391945e-09   2.310438e-08   6.173697e+01 
5.573509e-01   7.268060e-02   3.569556e-06   9.600484e-09   7.395862e-09   2.130280e-08   6.184998e+01 
5.568678e-01   7.271051e-02   3.602323e-06   8.402559e-09   7.403238e-09   1.947095e-08   6.196300e+01 
5.563625e-01   7.274028e-02   3.636173e-06   7.245106e-09   7.408795e-09   1.765253e-08   6.207601e+01 
5.558789e-01   7.276975e-02   3.669784e-06   6.148339e-09   7.417939e-09   1.579342e-08   6.218903e+01 
5.553692e-01   7.279904e-02   3.704592e-06   5.084488e-09   7.425375e-09   1.395963e-08   6.230204e+01 
5.548852e-01   7.282799e-02   3.739108e-06   4.100158e-09   7.436016e-09   1.205471e-08   6.241505e+01 
5.543712e-01   7.285668e-02   3.775035e-06   3.134521e-09   7.445778e-09   1.020382e-08   6.252807e+01 
5.538842e-01   7.288489e-02   3.810560e-06   2.276310e-09   7.457398e-09   8.251624e-09   6.264108e+01 
5.533702e-01   7.291251e-02   3.847704e-06   1.454829e-09   7.470253e-09   6.316368e-09   6.275410e+01 
5.528570e-01   7.293879e-02   3.884905e-06   7.600862e-10   7.482051e-09   4.342817e-09   6.286711e+01 
5.523881e-01   7.295983e-02   3.922126e-06   2.420033e-10   7.498273e-09   2.178766e-09   6.298013e+01 
5.517192e-01   7.296513e-02   3.961698e-06   -7.459311e-17   7.512422e-09   -2.706169e-16   6.309314e+01 
