% The data presented here were obtained from a direct numerical simulation of a turbulent 
% boundary layer developing under a pressure gradient. All the data shown here are 
% not normalized. Please refer to the references below for rmore detailed information.
 
 
% We compute the boundary layer thickness using the method of Griffin et al. (2021). 
% The pressure-gradient parameters of beta_{ZS} and beta_i are computed as follows. 
% beta_{ZS}=(delta)/(rho U_{ZS}^2)(dp_e/dx) and beta_i = (nu/rho u_tau^3)(d p_w/dx) 
% where $delta$ is the boundary layer thickness, $U_{ZS}$ is the Zagorola-Smits velocity, 
% $p_e$ and $p_w$ are the pressure at the edge of boundary layer and wall, respectively. 
 
 
% Please check this report for rmore detailed information about the data: 
% Gungor, T. R., Gungor, A. G.., Maciel, Y. (2024). Datasets of  
% three non-equilibrium pressure gradient turbulent boundary layers.  
 
 
% Please cite this paper when referencing the data: 
% Gungor, T. R., Maciel, Y., & Gungor, A. G. (2022). 
% Energy transfer mechanisms in adverse pressure gradient turbulent boundary layers: 
% production and inter-component redistribution. Journal of Fluid Mechanics, 948, A5  
 
  
% ========================================================================================= 
% 	 	 	************ Position 2 of DNS22 ************ 
% ========================================================================================= 

% 	 Re_tau = 6.492041e+02 
% 	 Re_theta=2.892446e+03 
% 	 utau=2.769502e-02 
% 	 U_e=8.326885e-01 
% 	 theta=9.924636e-01 
% 	 delta_star=1.642816e+00 
% 	 delta=6.697481e+00 
%  	 x_pos=8.062978e+01 
% 	 H=1.655291e+00 
% 	 C_f=2.171866e-03 
% 	 nu=2.857143e-04 
% 	 beta_RC=3.683459e+00 
% 	 beta_i=2.784479e-02 
% 	 beta_ZS=3.315729e-01 
 
% ========================================================================================================== 
% 	 U   	   V   	   u2   	   v2   	   w2   	   uv   	   y        
% ========================================================================================================= 
6.152085e-03   1.237818e-07   1.209192e-05   1.201347e-09   8.581877e-06   -2.293102e-08   2.287286e-03 
1.416253e-02   6.528739e-07   6.284688e-05   3.049293e-08   4.238682e-05   -2.849887e-07   5.249328e-03 
2.405531e-02   1.870442e-06   1.767989e-04   2.238362e-07   1.107132e-04   -1.427186e-06   8.878786e-03 
3.584560e-02   4.120999e-06   3.813737e-04   9.431851e-07   2.175630e-04   -4.774972e-06   1.316846e-02 
4.951019e-02   7.805764e-06   7.043798e-04   2.870993e-06   3.619074e-04   -1.249397e-05   1.811128e-02 
6.496391e-02   1.337216e-05   1.167289e-03   7.024419e-06   5.374862e-04   -2.744534e-05   2.370030e-02 
8.202239e-02   2.129234e-05   1.775598e-03   1.466752e-05   7.350262e-04   -5.257078e-05   2.992870e-02 
1.003861e-01   3.202757e-05   2.510688e-03   2.714983e-05   9.442660e-04   -8.999953e-05   3.678981e-02 
1.196477e-01   4.598173e-05   3.329282e-03   4.572965e-05   1.156133e-03   -1.402698e-04   4.427706e-02 
1.393303e-01   6.345756e-05   4.172251e-03   7.143434e-05   1.363864e-03   -2.020623e-04   5.238400e-02 
1.589442e-01   8.463353e-05   4.978806e-03   1.049791e-04   1.563216e-03   -2.725229e-04   6.110430e-02 
1.780459e-01   1.095684e-04   5.699535e-03   1.467379e-04   1.751950e-03   -3.479847e-04   7.043171e-02 
1.962817e-01   1.382292e-04   6.303566e-03   1.967463e-04   1.929089e-03   -4.247624e-04   8.036013e-02 
2.134085e-01   1.705294e-04   6.779103e-03   2.547207e-04   2.094269e-03   -4.997621e-04   9.088354e-02 
2.292921e-01   2.063605e-04   7.129513e-03   3.200887e-04   2.247332e-03   -5.707894e-04   1.019960e-01 
2.438907e-01   2.456149e-04   7.367806e-03   3.920294e-04   2.388162e-03   -6.365786e-04   1.136918e-01 
2.572305e-01   2.882064e-04   7.511553e-03   4.695229e-04   2.516730e-03   -6.966342e-04   1.259652e-01 
2.693824e-01   3.340782e-04   7.579296e-03   5.514149e-04   2.633219e-03   -7.509940e-04   1.388106e-01 
2.804419e-01   3.831868e-04   7.588506e-03   6.364890e-04   2.738038e-03   -8.000189e-04   1.522225e-01 
2.905150e-01   4.354670e-04   7.554502e-03   7.235390e-04   2.831722e-03   -8.442448e-04   1.661954e-01 
2.997079e-01   4.908050e-04   7.489964e-03   8.114306e-04   2.914879e-03   -8.842808e-04   1.807240e-01 
3.081220e-01   5.490392e-04   7.405031e-03   8.991432e-04   2.988267e-03   -9.207465e-04   1.958032e-01 
3.158499e-01   6.099845e-04   7.307665e-03   9.857870e-04   3.052811e-03   -9.542244e-04   2.114276e-01 
3.229745e-01   6.734870e-04   7.203944e-03   1.070612e-03   3.109434e-03   -9.852229e-04   2.275923e-01 
3.295692e-01   7.394303e-04   7.098235e-03   1.153016e-03   3.158881e-03   -1.014159e-03   2.442923e-01 
3.356998e-01   8.077610e-04   6.993544e-03   1.232553e-03   3.201825e-03   -1.041352e-03   2.615227e-01 
3.414250e-01   8.785219e-04   6.892107e-03   1.308923e-03   3.238922e-03   -1.067050e-03   2.792786e-01 
3.467959e-01   9.518200e-04   6.795484e-03   1.381951e-03   3.270775e-03   -1.091451e-03   2.975553e-01 
3.518569e-01   1.027825e-03   6.704440e-03   1.451575e-03   3.298040e-03   -1.114693e-03   3.163481e-01 
3.566474e-01   1.106638e-03   6.619589e-03   1.517795e-03   3.321385e-03   -1.136857e-03   3.356524e-01 
3.612024e-01   1.188171e-03   6.541657e-03   1.580645e-03   3.341372e-03   -1.158047e-03   3.554638e-01 
3.655528e-01   1.272254e-03   6.471147e-03   1.640181e-03   3.358663e-03   -1.178417e-03   3.757776e-01 
3.697250e-01   1.358815e-03   6.408071e-03   1.696476e-03   3.373859e-03   -1.198099e-03   3.965896e-01 
3.737422e-01   1.447904e-03   6.352177e-03   1.749606e-03   3.387205e-03   -1.217172e-03   4.178954e-01 
3.776247e-01   1.539642e-03   6.303269e-03   1.799666e-03   3.398797e-03   -1.235668e-03   4.396908e-01 
3.813898e-01   1.634096e-03   6.261223e-03   1.846784e-03   3.408811e-03   -1.253591e-03   4.619715e-01 
3.850539e-01   1.731254e-03   6.225668e-03   1.891090e-03   3.417592e-03   -1.270958e-03   4.847335e-01 
3.886311e-01   1.831170e-03   6.195780e-03   1.932718e-03   3.425611e-03   -1.287801e-03   5.079727e-01 
3.921342e-01   1.933898e-03   6.170955e-03   1.971790e-03   3.433173e-03   -1.304165e-03   5.316850e-01 
3.955720e-01   2.039324e-03   6.150981e-03   2.008415e-03   3.440154e-03   -1.320142e-03   5.558666e-01 
3.989518e-01   2.147243e-03   6.135458e-03   2.042754e-03   3.446236e-03   -1.335790e-03   5.805136e-01 
4.022830e-01   2.257635e-03   6.123789e-03   2.075032e-03   3.451312e-03   -1.351120e-03   6.056221e-01 
4.055748e-01   2.370574e-03   6.115479e-03   2.105444e-03   3.455498e-03   -1.366154e-03   6.311883e-01 
4.088341e-01   2.486196e-03   6.110239e-03   2.134138e-03   3.459232e-03   -1.380843e-03   6.572085e-01 
4.120672e-01   2.604711e-03   6.107822e-03   2.161195e-03   3.463037e-03   -1.395115e-03   6.836791e-01 
4.152794e-01   2.726242e-03   6.107917e-03   2.186679e-03   3.466968e-03   -1.408944e-03   7.105965e-01 
4.184755e-01   2.850785e-03   6.110259e-03   2.210620e-03   3.470894e-03   -1.422346e-03   7.379571e-01 
4.216598e-01   2.978276e-03   6.114566e-03   2.233052e-03   3.474838e-03   -1.435362e-03   7.657573e-01 
4.248358e-01   3.108645e-03   6.120871e-03   2.254046e-03   3.478720e-03   -1.448005e-03   7.939938e-01 
4.280050e-01   3.241740e-03   6.129238e-03   2.273679e-03   3.482766e-03   -1.460307e-03   8.226631e-01 
4.311716e-01   3.377627e-03   6.139390e-03   2.292067e-03   3.487239e-03   -1.472236e-03   8.517619e-01 
4.343408e-01   3.516368e-03   6.150888e-03   2.309381e-03   3.491979e-03   -1.483811e-03   8.812869e-01 
4.375161e-01   3.657941e-03   6.163315e-03   2.325731e-03   3.496815e-03   -1.495000e-03   9.112347e-01 
4.407015e-01   3.802351e-03   6.176235e-03   2.341123e-03   3.501864e-03   -1.505759e-03   9.416021e-01 
4.439008e-01   3.949545e-03   6.189764e-03   2.355512e-03   3.507278e-03   -1.516105e-03   9.723861e-01 
4.471154e-01   4.099800e-03   6.204000e-03   2.368938e-03   3.513006e-03   -1.526015e-03   1.003583e+00 
4.503454e-01   4.253355e-03   6.218125e-03   2.381514e-03   3.518959e-03   -1.535462e-03   1.035191e+00 
4.535901e-01   4.410092e-03   6.231557e-03   2.393332e-03   3.524903e-03   -1.544439e-03   1.067206e+00 
4.568491e-01   4.569982e-03   6.243717e-03   2.404443e-03   3.530948e-03   -1.552890e-03   1.099625e+00 
4.601236e-01   4.733046e-03   6.254042e-03   2.414861e-03   3.537362e-03   -1.560799e-03   1.132445e+00 
4.634155e-01   4.899036e-03   6.263078e-03   2.424605e-03   3.544072e-03   -1.568258e-03   1.165663e+00 
4.667268e-01   5.067898e-03   6.271399e-03   2.433707e-03   3.551213e-03   -1.575240e-03   1.199277e+00 
4.700597e-01   5.239700e-03   6.279553e-03   2.442123e-03   3.558784e-03   -1.581704e-03   1.233283e+00 
4.734135e-01   5.414277e-03   6.287735e-03   2.449804e-03   3.566199e-03   -1.587752e-03   1.267679e+00 
4.767873e-01   5.591439e-03   6.295434e-03   2.456792e-03   3.572965e-03   -1.593458e-03   1.302462e+00 
4.801846e-01   5.771068e-03   6.301822e-03   2.463157e-03   3.578982e-03   -1.598870e-03   1.337629e+00 
4.836090e-01   5.953598e-03   6.306074e-03   2.468927e-03   3.584353e-03   -1.603943e-03   1.373178e+00 
4.870579e-01   6.139509e-03   6.308505e-03   2.474022e-03   3.588865e-03   -1.608498e-03   1.409105e+00 
4.905258e-01   6.328634e-03   6.309696e-03   2.478302e-03   3.592372e-03   -1.612453e-03   1.445409e+00 
4.940106e-01   6.520830e-03   6.310180e-03   2.481683e-03   3.595274e-03   -1.615783e-03   1.482086e+00 
4.975110e-01   6.715998e-03   6.310397e-03   2.484136e-03   3.598031e-03   -1.618526e-03   1.519134e+00 
5.010286e-01   6.913900e-03   6.310117e-03   2.485682e-03   3.600734e-03   -1.620771e-03   1.556551e+00 
5.045686e-01   7.114641e-03   6.308593e-03   2.486415e-03   3.603228e-03   -1.622541e-03   1.594334e+00 
5.081343e-01   7.318281e-03   6.305248e-03   2.486458e-03   3.605329e-03   -1.623904e-03   1.632480e+00 
5.117278e-01   7.524763e-03   6.299924e-03   2.485925e-03   3.607282e-03   -1.624930e-03   1.670987e+00 
5.153491e-01   7.734113e-03   6.292903e-03   2.484894e-03   3.609100e-03   -1.625641e-03   1.709852e+00 
5.189942e-01   7.946475e-03   6.284759e-03   2.483441e-03   3.609918e-03   -1.625945e-03   1.749074e+00 
5.226589e-01   8.161690e-03   6.275636e-03   2.481495e-03   3.608736e-03   -1.625780e-03   1.788650e+00 
5.263381e-01   8.379640e-03   6.265037e-03   2.478987e-03   3.605428e-03   -1.625085e-03   1.828577e+00 
5.300311e-01   8.600264e-03   6.252894e-03   2.475778e-03   3.601069e-03   -1.623738e-03   1.868854e+00 
5.337420e-01   8.823578e-03   6.239693e-03   2.471726e-03   3.596899e-03   -1.621882e-03   1.909477e+00 
5.374724e-01   9.049537e-03   6.225233e-03   2.466854e-03   3.592880e-03   -1.619543e-03   1.950446e+00 
5.412209e-01   9.277767e-03   6.209210e-03   2.461274e-03   3.588129e-03   -1.616829e-03   1.991756e+00 
5.449854e-01   9.508331e-03   6.191192e-03   2.455023e-03   3.582216e-03   -1.613764e-03   2.033407e+00 
5.487665e-01   9.741929e-03   6.170548e-03   2.448085e-03   3.575244e-03   -1.610050e-03   2.075396e+00 
5.525627e-01   9.978601e-03   6.147370e-03   2.440446e-03   3.567475e-03   -1.605628e-03   2.117722e+00 
5.563690e-01   1.021778e-02   6.122287e-03   2.432001e-03   3.558586e-03   -1.600629e-03   2.160380e+00 
5.601833e-01   1.045932e-02   6.095570e-03   2.422643e-03   3.548329e-03   -1.595101e-03   2.203371e+00 
5.640071e-01   1.070309e-02   6.067674e-03   2.412400e-03   3.537448e-03   -1.589129e-03   2.246692e+00 
5.678433e-01   1.094930e-02   6.038744e-03   2.401433e-03   3.526509e-03   -1.582616e-03   2.290340e+00 
5.716966e-01   1.119847e-02   6.008164e-03   2.389875e-03   3.515266e-03   -1.575386e-03   2.334314e+00 
5.755680e-01   1.145050e-02   5.975183e-03   2.377773e-03   3.503178e-03   -1.567437e-03   2.378611e+00 
5.794579e-01   1.170543e-02   5.939322e-03   2.365118e-03   3.490307e-03   -1.558672e-03   2.423230e+00 
5.833625e-01   1.196311e-02   5.901174e-03   2.351987e-03   3.476770e-03   -1.549215e-03   2.468169e+00 
5.872736e-01   1.222317e-02   5.860517e-03   2.338414e-03   3.461825e-03   -1.539078e-03   2.513426e+00 
5.911890e-01   1.248532e-02   5.817463e-03   2.324320e-03   3.445009e-03   -1.528341e-03   2.558998e+00 
5.951105e-01   1.274967e-02   5.773054e-03   2.309538e-03   3.426604e-03   -1.517040e-03   2.604885e+00 
5.990395e-01   1.301629e-02   5.727737e-03   2.293915e-03   3.406140e-03   -1.505090e-03   2.651084e+00 
6.029748e-01   1.328473e-02   5.681379e-03   2.277506e-03   3.383385e-03   -1.492696e-03   2.697593e+00 
6.069158e-01   1.355485e-02   5.633605e-03   2.260385e-03   3.358638e-03   -1.480007e-03   2.744410e+00 
6.108613e-01   1.382624e-02   5.583617e-03   2.242562e-03   3.331756e-03   -1.467234e-03   2.791535e+00 
6.148159e-01   1.409910e-02   5.531353e-03   2.224056e-03   3.303619e-03   -1.454368e-03   2.838964e+00 
6.187829e-01   1.437353e-02   5.477932e-03   2.204671e-03   3.274990e-03   -1.441423e-03   2.886696e+00 
6.227545e-01   1.464944e-02   5.424315e-03   2.184217e-03   3.246509e-03   -1.428309e-03   2.934729e+00 
6.267239e-01   1.492712e-02   5.369687e-03   2.162868e-03   3.217789e-03   -1.414876e-03   2.983063e+00 
6.306870e-01   1.520668e-02   5.313585e-03   2.140870e-03   3.187620e-03   -1.400990e-03   3.031694e+00 
6.346464e-01   1.548850e-02   5.256119e-03   2.118335e-03   3.155743e-03   -1.386380e-03   3.080621e+00 
6.386060e-01   1.577266e-02   5.197435e-03   2.095189e-03   3.122483e-03   -1.371178e-03   3.129843e+00 
6.425617e-01   1.605863e-02   5.138065e-03   2.071341e-03   3.088385e-03   -1.355499e-03   3.179358e+00 
6.465105e-01   1.634627e-02   5.077349e-03   2.046968e-03   3.053363e-03   -1.339354e-03   3.229164e+00 
6.504560e-01   1.663593e-02   5.014157e-03   2.022291e-03   3.016680e-03   -1.322691e-03   3.279260e+00 
6.544005e-01   1.692752e-02   4.948781e-03   1.997360e-03   2.978738e-03   -1.305516e-03   3.329644e+00 
6.583419e-01   1.722084e-02   4.881836e-03   1.972049e-03   2.939981e-03   -1.287821e-03   3.380315e+00 
6.622801e-01   1.751566e-02   4.813568e-03   1.946239e-03   2.899815e-03   -1.269614e-03   3.431270e+00 
6.662117e-01   1.781169e-02   4.744156e-03   1.919763e-03   2.858109e-03   -1.250963e-03   3.482509e+00 
6.701318e-01   1.810886e-02   4.672904e-03   1.892417e-03   2.815609e-03   -1.231840e-03   3.534029e+00 
6.740388e-01   1.840728e-02   4.599839e-03   1.864350e-03   2.772604e-03   -1.212278e-03   3.585830e+00 
6.779330e-01   1.870696e-02   4.525805e-03   1.835768e-03   2.729151e-03   -1.192234e-03   3.637910e+00 
6.818143e-01   1.900767e-02   4.451250e-03   1.806713e-03   2.684612e-03   -1.171765e-03   3.690267e+00 
6.856798e-01   1.930918e-02   4.376439e-03   1.777157e-03   2.638169e-03   -1.151020e-03   3.742900e+00 
6.895294e-01   1.961153e-02   4.301480e-03   1.747080e-03   2.590063e-03   -1.129894e-03   3.795807e+00 
6.933648e-01   1.991464e-02   4.226051e-03   1.716487e-03   2.541032e-03   -1.108466e-03   3.848987e+00 
6.971881e-01   2.021880e-02   4.149706e-03   1.685447e-03   2.491164e-03   -1.086739e-03   3.902439e+00 
7.009978e-01   2.052389e-02   4.072581e-03   1.654039e-03   2.440635e-03   -1.064803e-03   3.956161e+00 
7.047885e-01   2.082942e-02   3.994642e-03   1.622449e-03   2.389456e-03   -1.042844e-03   4.010151e+00 
7.085577e-01   2.113543e-02   3.915116e-03   1.590905e-03   2.337545e-03   -1.020859e-03   4.064409e+00 
7.123029e-01   2.144184e-02   3.834457e-03   1.559509e-03   2.285086e-03   -9.987667e-04   4.118932e+00 
7.160222e-01   2.174877e-02   3.753284e-03   1.528139e-03   2.232219e-03   -9.763838e-04   4.173720e+00 
7.197160e-01   2.205623e-02   3.671135e-03   1.496626e-03   2.179249e-03   -9.537255e-04   4.228772e+00 
7.233830e-01   2.236378e-02   3.588782e-03   1.464733e-03   2.125903e-03   -9.309249e-04   4.284085e+00 
7.270245e-01   2.267131e-02   3.506779e-03   1.432310e-03   2.071552e-03   -9.080294e-04   4.339659e+00 
7.306443e-01   2.297896e-02   3.425078e-03   1.399419e-03   2.016478e-03   -8.850881e-04   4.395492e+00 
7.342436e-01   2.328683e-02   3.343329e-03   1.366300e-03   1.960870e-03   -8.620845e-04   4.451583e+00 
7.378220e-01   2.359508e-02   3.261206e-03   1.333091e-03   1.904278e-03   -8.388368e-04   4.507931e+00 
7.413780e-01   2.390370e-02   3.178739e-03   1.299754e-03   1.846825e-03   -8.153615e-04   4.564534e+00 
7.449094e-01   2.421269e-02   3.095838e-03   1.266169e-03   1.789437e-03   -7.915888e-04   4.621391e+00 
7.484101e-01   2.452158e-02   3.012266e-03   1.232330e-03   1.732297e-03   -7.677364e-04   4.678501e+00 
7.518743e-01   2.482996e-02   2.927918e-03   1.198420e-03   1.675299e-03   -7.438920e-04   4.735863e+00 
7.553043e-01   2.513807e-02   2.842835e-03   1.164626e-03   1.618547e-03   -7.199806e-04   4.793475e+00 
7.587011e-01   2.544600e-02   2.757526e-03   1.131061e-03   1.561383e-03   -6.959627e-04   4.851337e+00 
7.620635e-01   2.575373e-02   2.671986e-03   1.097729e-03   1.503662e-03   -6.717974e-04   4.909446e+00 
7.653907e-01   2.606098e-02   2.586331e-03   1.064487e-03   1.446025e-03   -6.475793e-04   4.967802e+00 
7.686818e-01   2.636771e-02   2.500077e-03   1.031232e-03   1.388420e-03   -6.233759e-04   5.026404e+00 
7.719351e-01   2.667409e-02   2.412811e-03   9.979901e-04   1.331155e-03   -5.991120e-04   5.085251e+00 
7.751478e-01   2.697990e-02   2.324820e-03   9.647719e-04   1.274609e-03   -5.748001e-04   5.144340e+00 
7.783185e-01   2.728504e-02   2.236069e-03   9.316982e-04   1.218762e-03   -5.504714e-04   5.203672e+00 
7.814439e-01   2.758939e-02   2.147118e-03   8.989549e-04   1.163442e-03   -5.260973e-04   5.263245e+00 
7.845192e-01   2.789262e-02   2.058234e-03   8.665909e-04   1.108918e-03   -5.017215e-04   5.323058e+00 
7.875383e-01   2.819416e-02   1.969401e-03   8.345714e-04   1.055049e-03   -4.776009e-04   5.383109e+00 
7.904984e-01   2.849373e-02   1.881115e-03   8.029706e-04   1.001483e-03   -4.537926e-04   5.443399e+00 
7.933995e-01   2.879149e-02   1.793106e-03   7.719384e-04   9.484913e-04   -4.302372e-04   5.503925e+00 
7.962390e-01   2.908714e-02   1.705161e-03   7.414230e-04   8.963867e-04   -4.070815e-04   5.564686e+00 
7.990161e-01   2.938060e-02   1.617158e-03   7.112759e-04   8.451694e-04   -3.843691e-04   5.625682e+00 
8.017293e-01   2.967208e-02   1.529360e-03   6.814627e-04   7.950244e-04   -3.619346e-04   5.686911e+00 
8.043710e-01   2.996103e-02   1.442339e-03   6.520000e-04   7.462070e-04   -3.399169e-04   5.748373e+00 
8.069344e-01   3.024695e-02   1.355991e-03   6.229189e-04   6.986951e-04   -3.184753e-04   5.810065e+00 
8.094153e-01   3.052977e-02   1.270380e-03   5.943124e-04   6.523933e-04   -2.975617e-04   5.871988e+00 
8.118080e-01   3.080915e-02   1.186225e-03   5.662315e-04   6.073547e-04   -2.772236e-04   5.934140e+00 
8.141090e-01   3.108489e-02   1.103704e-03   5.387125e-04   5.637940e-04   -2.575030e-04   5.996521e+00 
8.163156e-01   3.135678e-02   1.022910e-03   5.117673e-04   5.220516e-04   -2.384471e-04   6.059128e+00 
8.184256e-01   3.162455e-02   9.442072e-04   4.853665e-04   4.823383e-04   -2.201287e-04   6.121962e+00 
8.204369e-01   3.188807e-02   8.681346e-04   4.594813e-04   4.446571e-04   -2.025657e-04   6.185021e+00 
8.223448e-01   3.214700e-02   7.952053e-04   4.341213e-04   4.090092e-04   -1.857767e-04   6.248304e+00 
8.241460e-01   3.240117e-02   7.255275e-04   4.093537e-04   3.753380e-04   -1.697613e-04   6.311810e+00 
8.258389e-01   3.265049e-02   6.592603e-04   3.852797e-04   3.434453e-04   -1.545446e-04   6.375539e+00 
8.274228e-01   3.289493e-02   5.967811e-04   3.619604e-04   3.132215e-04   -1.400841e-04   6.439489e+00 
8.288991e-01   3.313456e-02   5.381078e-04   3.394208e-04   2.846847e-04   -1.263685e-04   6.503658e+00 
8.302681e-01   3.336924e-02   4.833298e-04   3.176343e-04   2.579337e-04   -1.135088e-04   6.568048e+00 
8.315303e-01   3.359885e-02   4.324998e-04   2.965902e-04   2.330398e-04   -1.015517e-04   6.632656e+00 
8.326885e-01   3.382353e-02   3.856528e-04   2.763227e-04   2.098788e-04   -9.049470e-05   6.697481e+00 
8.337452e-01   3.404345e-02   3.426181e-04   2.568986e-04   1.883939e-04   -8.029208e-05   6.762523e+00 
8.347021e-01   3.425869e-02   3.034095e-04   2.383567e-04   1.686503e-04   -7.091690e-05   6.827781e+00 
8.355622e-01   3.446930e-02   2.680030e-04   2.206795e-04   1.506066e-04   -6.238311e-05   6.893253e+00 
8.363311e-01   3.467560e-02   2.361027e-04   2.038672e-04   1.342257e-04   -5.462670e-05   6.958940e+00 
8.370125e-01   3.487774e-02   2.075719e-04   1.879213e-04   1.193990e-04   -4.764558e-05   7.024839e+00 
8.376101e-01   3.507585e-02   1.822821e-04   1.728635e-04   1.059692e-04   -4.140718e-05   7.090950e+00 
8.381300e-01   3.527028e-02   1.599581e-04   1.587270e-04   9.383029e-05   -3.581124e-05   7.157273e+00 
8.385791e-01   3.546133e-02   1.403109e-04   1.455014e-04   8.291561e-05   -3.082304e-05   7.223806e+00 
8.389633e-01   3.564929e-02   1.231002e-04   1.331623e-04   7.315747e-05   -2.640678e-05   7.290548e+00 
8.392877e-01   3.583446e-02   1.081134e-04   1.216786e-04   6.447703e-05   -2.251619e-05   7.357499e+00 
8.395582e-01   3.601715e-02   9.509593e-05   1.110117e-04   5.676327e-05   -1.910418e-05   7.424658e+00 
8.397802e-01   3.619768e-02   8.376142e-05   1.011486e-04   4.989332e-05   -1.612305e-05   7.492024e+00 
8.399594e-01   3.637629e-02   7.385910e-05   9.206811e-05   4.382592e-05   -1.355723e-05   7.559596e+00 
8.401011e-01   3.655327e-02   6.525644e-05   8.373673e-05   3.851176e-05   -1.135226e-05   7.627374e+00 
8.402112e-01   3.672895e-02   5.782494e-05   7.610763e-05   3.382042e-05   -9.457470e-06   7.695355e+00 
8.402944e-01   3.690357e-02   5.139164e-05   6.914495e-05   2.965871e-05   -7.848211e-06   7.763540e+00 
8.403542e-01   3.707733e-02   4.586724e-05   6.281172e-05   2.600631e-05   -6.492805e-06   7.831929e+00 
8.403938e-01   3.725038e-02   4.114250e-05   5.706519e-05   2.284106e-05   -5.375655e-06   7.900519e+00 
8.404170e-01   3.742293e-02   3.704536e-05   5.186260e-05   2.011507e-05   -4.461658e-06   7.969311e+00 
8.404272e-01   3.759523e-02   3.347308e-05   4.715815e-05   1.775771e-05   -3.705116e-06   8.038303e+00 
8.404271e-01   3.776740e-02   3.034567e-05   4.290891e-05   1.571666e-05   -3.072728e-06   8.107494e+00 
8.404183e-01   3.793959e-02   2.757845e-05   3.907732e-05   1.395284e-05   -2.553145e-06   8.176885e+00 
8.404021e-01   3.811181e-02   2.511025e-05   3.562999e-05   1.241253e-05   -2.143850e-06   8.246474e+00 
8.403803e-01   3.828417e-02   2.290131e-05   3.253435e-05   1.106770e-05   -1.816193e-06   8.316260e+00 
8.403541e-01   3.845679e-02   2.091689e-05   2.975568e-05   9.896825e-06   -1.547587e-06   8.386243e+00 
8.403246e-01   3.862971e-02   1.914567e-05   2.725656e-05   8.875324e-06   -1.325726e-06   8.456421e+00 
8.402925e-01   3.880299e-02   1.757346e-05   2.500606e-05   7.988057e-06   -1.133006e-06   8.526795e+00 
8.402587e-01   3.897668e-02   1.617847e-05   2.298022e-05   7.210197e-06   -9.568030e-07   8.597363e+00 
8.402233e-01   3.915076e-02   1.494532e-05   2.115646e-05   6.529966e-06   -8.007091e-07   8.668125e+00 
8.401863e-01   3.932522e-02   1.384130e-05   1.951253e-05   5.941528e-06   -6.703797e-07   8.739080e+00 
8.401474e-01   3.950006e-02   1.284282e-05   1.802946e-05   5.426482e-06   -5.675380e-07   8.810226e+00 
8.401069e-01   3.967527e-02   1.194181e-05   1.669136e-05   4.972558e-06   -4.863231e-07   8.881564e+00 
8.400649e-01   3.985089e-02   1.112631e-05   1.548353e-05   4.570810e-06   -4.211182e-07   8.953094e+00 
8.400216e-01   4.002691e-02   1.037907e-05   1.439219e-05   4.213360e-06   -3.699173e-07   9.024812e+00 
8.399774e-01   4.020336e-02   9.696948e-06   1.340515e-05   3.893713e-06   -3.269690e-07   9.096720e+00 
8.399323e-01   4.038026e-02   9.080753e-06   1.250953e-05   3.606461e-06   -2.882043e-07   9.168818e+00 
8.398865e-01   4.055760e-02   8.522396e-06   1.169422e-05   3.347134e-06   -2.536467e-07   9.241103e+00 
8.398399e-01   4.073538e-02   8.014218e-06   1.094940e-05   3.113270e-06   -2.261220e-07   9.313575e+00 
8.397923e-01   4.091358e-02   7.547005e-06   1.026732e-05   2.903663e-06   -2.058688e-07   9.386233e+00 
8.397440e-01   4.109222e-02   7.114451e-06   9.642370e-06   2.713848e-06   -1.888324e-07   9.459078e+00 
8.396948e-01   4.127130e-02   6.713201e-06   9.068719e-06   2.539926e-06   -1.744061e-07   9.532108e+00 
8.396449e-01   4.145082e-02   6.341743e-06   8.540946e-06   2.380747e-06   -1.626899e-07   9.605323e+00 
8.395942e-01   4.163076e-02   5.997974e-06   8.054473e-06   2.235326e-06   -1.528716e-07   9.678721e+00 
8.395427e-01   4.181115e-02   5.678175e-06   7.604989e-06   2.102062e-06   -1.446146e-07   9.752303e+00 
8.394906e-01   4.199197e-02   5.379231e-06   7.188655e-06   1.980094e-06   -1.371841e-07   9.826067e+00 
8.394378e-01   4.217323e-02   5.100409e-06   6.801907e-06   1.868234e-06   -1.304067e-07   9.900013e+00 
8.393842e-01   4.235493e-02   4.840690e-06   6.441442e-06   1.764732e-06   -1.241701e-07   9.974140e+00 
8.393301e-01   4.253706e-02   4.598751e-06   6.104556e-06   1.668197e-06   -1.181001e-07   1.004845e+01 
8.392752e-01   4.271963e-02   4.372832e-06   5.789708e-06   1.578591e-06   -1.121337e-07   1.012294e+01 
8.392197e-01   4.290262e-02   4.161542e-06   5.495780e-06   1.495288e-06   -1.063424e-07   1.019760e+01 
8.391635e-01   4.308605e-02   3.963531e-06   5.221398e-06   1.417545e-06   -1.007772e-07   1.027245e+01 
8.391066e-01   4.326991e-02   3.777672e-06   4.964890e-06   1.344940e-06   -9.565023e-08   1.034747e+01 
8.390491e-01   4.345420e-02   3.603213e-06   4.724614e-06   1.277006e-06   -9.117170e-08   1.042268e+01 
8.389908e-01   4.363891e-02   3.439072e-06   4.499186e-06   1.213400e-06   -8.720503e-08   1.049806e+01 
8.389319e-01   4.382405e-02   3.284541e-06   4.287442e-06   1.153823e-06   -8.350046e-08   1.057361e+01 
8.388724e-01   4.400961e-02   3.139035e-06   4.088312e-06   1.097939e-06   -7.996230e-08   1.064934e+01 
8.388122e-01   4.419560e-02   3.001886e-06   3.900824e-06   1.045433e-06   -7.665105e-08   1.072525e+01 
8.387514e-01   4.438201e-02   2.872404e-06   3.724110e-06   9.960321e-07   -7.363737e-08   1.080133e+01 
8.386899e-01   4.456883e-02   2.750020e-06   3.557421e-06   9.495100e-07   -7.088312e-08   1.087758e+01 
8.386278e-01   4.475609e-02   2.634266e-06   3.400064e-06   9.056550e-07   -6.832342e-08   1.095401e+01 
8.385650e-01   4.494376e-02   2.524744e-06   3.251415e-06   8.642777e-07   -6.591533e-08   1.103061e+01 
8.385017e-01   4.513185e-02   2.421028e-06   3.110876e-06   8.252084e-07   -6.365203e-08   1.110738e+01 
8.384377e-01   4.532036e-02   2.322758e-06   2.977899e-06   7.882941e-07   -6.152847e-08   1.118433e+01 
8.383731e-01   4.550929e-02   2.229566e-06   2.851987e-06   7.533922e-07   -5.954517e-08   1.126144e+01 
8.383080e-01   4.569863e-02   2.141123e-06   2.732680e-06   7.203679e-07   -5.769279e-08   1.133873e+01 
8.382423e-01   4.588839e-02   2.057137e-06   2.619563e-06   6.890984e-07   -5.597275e-08   1.141618e+01 
8.381761e-01   4.607857e-02   1.977337e-06   2.512251e-06   6.594699e-07   -5.436390e-08   1.149381e+01 
8.381093e-01   4.626916e-02   1.901483e-06   2.410389e-06   6.313795e-07   -5.286511e-08   1.157160e+01 
8.380420e-01   4.646018e-02   1.829330e-06   2.313648e-06   6.047312e-07   -5.146511e-08   1.164956e+01 
8.379742e-01   4.665161e-02   1.760655e-06   2.221724e-06   5.794365e-07   -5.014869e-08   1.172769e+01 
8.379059e-01   4.684345e-02   1.695316e-06   2.134336e-06   5.554145e-07   -4.891147e-08   1.180599e+01 
8.378372e-01   4.703571e-02   1.633112e-06   2.051219e-06   5.325883e-07   -4.773172e-08   1.188445e+01 
8.377678e-01   4.722838e-02   1.573858e-06   1.972125e-06   5.108872e-07   -4.661005e-08   1.196308e+01 
8.376980e-01   4.742145e-02   1.517454e-06   1.896830e-06   4.902462e-07   -4.553122e-08   1.204188e+01 
8.376275e-01   4.761494e-02   1.463717e-06   1.825113e-06   4.706034e-07   -4.448492e-08   1.212084e+01 
8.375564e-01   4.780883e-02   1.412509e-06   1.756780e-06   4.519029e-07   -4.346918e-08   1.219996e+01 
8.374846e-01   4.800311e-02   1.363711e-06   1.691641e-06   4.340913e-07   -4.248201e-08   1.227925e+01 
8.374121e-01   4.819778e-02   1.317178e-06   1.629522e-06   4.171193e-07   -4.152694e-08   1.235870e+01 
8.373387e-01   4.839285e-02   1.272764e-06   1.570255e-06   4.009406e-07   -4.060170e-08   1.243832e+01 
8.372645e-01   4.858830e-02   1.230357e-06   1.513690e-06   3.855125e-07   -3.971827e-08   1.251809e+01 
8.371895e-01   4.878414e-02   1.189811e-06   1.459678e-06   3.707940e-07   -3.887538e-08   1.259803e+01 
8.371135e-01   4.898036e-02   1.151059e-06   1.408087e-06   3.567481e-07   -3.808554e-08   1.267813e+01 
8.370367e-01   4.917696e-02   1.113963e-06   1.358786e-06   3.433382e-07   -3.734793e-08   1.275839e+01 
8.369591e-01   4.937394e-02   1.078425e-06   1.311661e-06   3.305309e-07   -3.666506e-08   1.283881e+01 
8.368806e-01   4.957130e-02   1.044370e-06   1.266600e-06   3.182939e-07   -3.603575e-08   1.291940e+01 
8.368014e-01   4.976905e-02   1.011736e-06   1.223499e-06   3.065974e-07   -3.545331e-08   1.300014e+01 
8.367213e-01   4.996717e-02   9.804564e-07   1.182261e-06   2.954135e-07   -3.491416e-08   1.308103e+01 
8.366404e-01   5.016567e-02   9.504636e-07   1.142790e-06   2.847154e-07   -3.440790e-08   1.316209e+01 
8.365588e-01   5.036456e-02   9.216843e-07   1.105003e-06   2.744789e-07   -3.393585e-08   1.324331e+01 
8.364763e-01   5.056382e-02   8.940928e-07   1.068816e-06   2.646805e-07   -3.349640e-08   1.332468e+01 
8.363931e-01   5.076346e-02   8.676176e-07   1.034156e-06   2.552983e-07   -3.308488e-08   1.340621e+01 
8.363090e-01   5.096348e-02   8.422000e-07   1.000946e-06   2.463116e-07   -3.270057e-08   1.348790e+01 
8.362242e-01   5.116387e-02   8.177997e-07   9.691187e-07   2.377007e-07   -3.234292e-08   1.356974e+01 
8.361385e-01   5.136464e-02   7.943476e-07   9.386084e-07   2.294473e-07   -3.201439e-08   1.365174e+01 
8.360521e-01   5.156578e-02   7.718079e-07   9.093531e-07   2.215338e-07   -3.171419e-08   1.373390e+01 
8.359649e-01   5.176729e-02   7.501437e-07   8.812948e-07   2.139439e-07   -3.144453e-08   1.381620e+01 
8.358769e-01   5.196917e-02   7.293076e-07   8.543779e-07   2.066625e-07   -3.120115e-08   1.389866e+01 
8.357882e-01   5.217144e-02   7.092519e-07   8.285499e-07   1.996752e-07   -3.098212e-08   1.398128e+01 
8.356987e-01   5.237407e-02   6.899637e-07   8.037623e-07   1.929687e-07   -3.079126e-08   1.406405e+01 
8.356085e-01   5.257708e-02   6.713880e-07   7.799668e-07   1.865298e-07   -3.062107e-08   1.414697e+01 
8.355176e-01   5.278046e-02   6.535085e-07   7.571209e-07   1.803462e-07   -3.047344e-08   1.423005e+01 
8.354260e-01   5.298421e-02   6.362929e-07   7.351813e-07   1.744059e-07   -3.034454e-08   1.431327e+01 
8.353336e-01   5.318834e-02   6.197054e-07   7.141084e-07   1.686974e-07   -3.023184e-08   1.439665e+01 
8.352406e-01   5.339283e-02   6.037222e-07   6.938648e-07   1.632103e-07   -3.013776e-08   1.448018e+01 
8.351468e-01   5.359770e-02   5.883275e-07   6.744134e-07   1.579344e-07   -3.005768e-08   1.456386e+01 
8.350524e-01   5.380294e-02   5.734812e-07   6.557200e-07   1.528602e-07   -2.998928e-08   1.464769e+01 
8.349572e-01   5.400854e-02   5.591835e-07   6.377539e-07   1.479789e-07   -2.993758e-08   1.473166e+01 
8.348613e-01   5.421451e-02   5.453931e-07   6.204818e-07   1.432817e-07   -2.989714e-08   1.481579e+01 
8.347646e-01   5.442085e-02   5.320857e-07   6.038751e-07   1.387605e-07   -2.986544e-08   1.490007e+01 
8.346672e-01   5.462755e-02   5.192560e-07   5.879067e-07   1.344077e-07   -2.985013e-08   1.498450e+01 
8.345691e-01   5.483461e-02   5.068687e-07   5.725493e-07   1.302159e-07   -2.984440e-08   1.506907e+01 
8.344702e-01   5.504204e-02   4.949070e-07   5.577781e-07   1.261781e-07   -2.985030e-08   1.515379e+01 
8.343706e-01   5.524982e-02   4.833601e-07   5.435678e-07   1.222879e-07   -2.987162e-08   1.523866e+01 
8.342703e-01   5.545797e-02   4.722001e-07   5.298956e-07   1.185390e-07   -2.990292e-08   1.532367e+01 
8.341692e-01   5.566648e-02   4.614142e-07   5.167401e-07   1.149257e-07   -2.995103e-08   1.540883e+01 
8.340674e-01   5.587536e-02   4.509814e-07   5.040779e-07   1.114421e-07   -3.000946e-08   1.549414e+01 
8.339649e-01   5.608459e-02   4.408926e-07   4.918900e-07   1.080830e-07   -3.008226e-08   1.557959e+01 
8.338618e-01   5.629419e-02   4.311437e-07   4.801591e-07   1.048430e-07   -3.016663e-08   1.566519e+01 
8.337580e-01   5.650415e-02   4.217065e-07   4.688676e-07   1.017173e-07   -3.025992e-08   1.575094e+01 
8.336535e-01   5.671447e-02   4.125750e-07   4.579990e-07   9.870116e-08   -3.036106e-08   1.583682e+01 
8.335483e-01   5.692516e-02   4.037402e-07   4.475369e-07   9.579005e-08   -3.046459e-08   1.592285e+01 
8.334424e-01   5.713620e-02   3.952118e-07   4.374642e-07   9.297988e-08   -3.057077e-08   1.600903e+01 
8.333358e-01   5.734759e-02   3.869572e-07   4.277659e-07   9.026660e-08   -3.067567e-08   1.609534e+01 
8.332284e-01   5.755934e-02   3.789924e-07   4.184267e-07   8.764639e-08   -3.077958e-08   1.618180e+01 
8.331201e-01   5.777143e-02   3.712890e-07   4.094335e-07   8.511562e-08   -3.088428e-08   1.626841e+01 
8.330109e-01   5.798386e-02   3.638445e-07   4.007735e-07   8.267075e-08   -3.098671e-08   1.635515e+01 
8.329007e-01   5.819662e-02   3.566331e-07   3.924349e-07   8.030850e-08   -3.108667e-08   1.644204e+01 
8.327895e-01   5.840973e-02   3.496468e-07   3.844055e-07   7.802559e-08   -3.118653e-08   1.652906e+01 
8.326773e-01   5.862315e-02   3.429092e-07   3.766726e-07   7.581904e-08   -3.129214e-08   1.661623e+01 
8.325640e-01   5.883691e-02   3.363511e-07   3.692248e-07   7.368582e-08   -3.139723e-08   1.670354e+01 
8.324496e-01   5.905100e-02   3.300009e-07   3.620514e-07   7.162320e-08   -3.150851e-08   1.679099e+01 
8.323341e-01   5.926540e-02   3.238582e-07   3.551426e-07   6.962845e-08   -3.163080e-08   1.687858e+01 
8.322176e-01   5.948013e-02   3.178639e-07   3.484881e-07   6.769901e-08   -3.176016e-08   1.696630e+01 
8.321000e-01   5.969519e-02   3.120563e-07   3.420785e-07   6.583236e-08   -3.190881e-08   1.705417e+01 
8.319815e-01   5.991058e-02   3.063944e-07   3.359031e-07   6.402619e-08   -3.207135e-08   1.714217e+01 
8.318621e-01   6.012630e-02   3.008820e-07   3.299550e-07   6.227814e-08   -3.226003e-08   1.723032e+01 
8.317420e-01   6.034237e-02   2.955023e-07   3.242247e-07   6.058608e-08   -3.247080e-08   1.731860e+01 
8.316213e-01   6.055880e-02   2.902572e-07   3.187056e-07   5.894784e-08   -3.270620e-08   1.740702e+01 
8.315002e-01   6.077560e-02   2.851334e-07   3.133892e-07   5.736146e-08   -3.296414e-08   1.749557e+01 
8.313787e-01   6.099277e-02   2.801469e-07   3.082706e-07   5.582500e-08   -3.324346e-08   1.758426e+01 
8.312570e-01   6.121032e-02   2.752905e-07   3.033424e-07   5.433667e-08   -3.353176e-08   1.767309e+01 
8.311352e-01   6.142825e-02   2.705633e-07   2.986001e-07   5.289473e-08   -3.382386e-08   1.776206e+01 
8.310131e-01   6.164657e-02   2.659873e-07   2.940386e-07   5.149767e-08   -3.411108e-08   1.785116e+01 
8.308908e-01   6.186526e-02   2.615585e-07   2.896527e-07   5.014413e-08   -3.438590e-08   1.794039e+01 
8.307680e-01   6.208432e-02   2.572843e-07   2.854389e-07   4.883324e-08   -3.464252e-08   1.802977e+01 
8.306447e-01   6.230374e-02   2.531648e-07   2.813921e-07   4.756460e-08   -3.487514e-08   1.811927e+01 
8.305206e-01   6.252350e-02   2.492646e-07   2.775137e-07   4.633766e-08   -3.507777e-08   1.820891e+01 
8.303957e-01   6.274358e-02   2.456045e-07   2.738124e-07   4.514899e-08   -3.523299e-08   1.829868e+01 
8.302697e-01   6.296399e-02   2.422059e-07   2.703149e-07   4.398954e-08   -3.531815e-08   1.838859e+01 
8.301426e-01   6.318470e-02   2.386454e-07   2.670331e-07   4.285693e-08   -3.537855e-08   1.847863e+01 
8.300143e-01   6.340572e-02   2.345882e-07   2.639435e-07   4.179622e-08   -3.574458e-08   1.856880e+01 
8.298848e-01   6.362703e-02   2.325362e-07   2.607127e-07   4.087201e-08   -3.669976e-08   1.865911e+01 
8.297541e-01   6.384866e-02   2.355979e-07   2.573128e-07   3.979206e-08   -3.684694e-08   1.874955e+01 
8.296222e-01   6.407059e-02   2.248096e-07   2.562085e-07   3.869882e-08   -3.562537e-08   1.884012e+01 
8.294892e-01   6.429282e-02   2.226926e-07   2.520872e-07   3.776267e-08   -3.599703e-08   1.893082e+01 
8.293551e-01   6.451536e-02   2.178245e-07   2.488687e-07   3.677550e-08   -3.679155e-08   1.902166e+01 
8.292198e-01   6.473820e-02   2.147037e-07   2.462082e-07   3.586799e-08   -3.700469e-08   1.911262e+01 
8.290835e-01   6.496135e-02   2.116940e-07   2.437211e-07   3.497528e-08   -3.721327e-08   1.920371e+01 
8.289461e-01   6.518481e-02   2.087842e-07   2.413546e-07   3.411625e-08   -3.743027e-08   1.929494e+01 
8.288076e-01   6.540858e-02   2.059331e-07   2.390917e-07   3.328253e-08   -3.764716e-08   1.938630e+01 
8.286681e-01   6.563265e-02   2.031630e-07   2.369291e-07   3.247283e-08   -3.786844e-08   1.947778e+01 
8.285275e-01   6.585704e-02   2.004571e-07   2.348624e-07   3.168635e-08   -3.809154e-08   1.956939e+01 
8.283858e-01   6.608173e-02   1.978115e-07   2.328894e-07   3.092232e-08   -3.831586e-08   1.966114e+01 
8.282432e-01   6.630673e-02   1.952286e-07   2.310077e-07   3.018003e-08   -3.854233e-08   1.975301e+01 
8.280994e-01   6.653204e-02   1.927054e-07   2.292133e-07   2.945875e-08   -3.877117e-08   1.984501e+01 
8.279546e-01   6.675765e-02   1.902507e-07   2.275048e-07   2.875783e-08   -3.900112e-08   1.993714e+01 
8.278088e-01   6.698357e-02   1.878418e-07   2.258809e-07   2.807662e-08   -3.923255e-08   2.002940e+01 
8.276619e-01   6.720980e-02   1.854902e-07   2.243370e-07   2.741450e-08   -3.946305e-08   2.012178e+01 
8.275140e-01   6.743633e-02   1.831970e-07   2.228768e-07   2.677082e-08   -3.969873e-08   2.021429e+01 
8.273650e-01   6.766316e-02   1.809514e-07   2.214923e-07   2.614496e-08   -3.992777e-08   2.030693e+01 
8.272150e-01   6.789031e-02   1.787539e-07   2.201913e-07   2.553642e-08   -4.016810e-08   2.039969e+01 
8.270639e-01   6.811773e-02   1.766140e-07   2.189370e-07   2.494524e-08   -4.039318e-08   2.049258e+01 
8.269118e-01   6.834551e-02   1.745158e-07   2.177680e-07   2.437288e-08   -4.064872e-08   2.058560e+01 
8.267586e-01   6.857352e-02   1.724624e-07   2.167655e-07   2.381132e-08   -4.085888e-08   2.067874e+01 
8.266043e-01   6.880184e-02   1.704560e-07   2.157809e-07   2.326754e-08   -4.107872e-08   2.077201e+01 
8.264490e-01   6.903051e-02   1.684844e-07   2.146752e-07   2.273666e-08   -4.134085e-08   2.086540e+01 
8.262926e-01   6.925948e-02   1.665644e-07   2.137163e-07   2.222093e-08   -4.159275e-08   2.095892e+01 
8.261351e-01   6.948873e-02   1.646754e-07   2.128493e-07   2.171836e-08   -4.183076e-08   2.105257e+01 
8.259766e-01   6.971828e-02   1.628326e-07   2.120487e-07   2.122973e-08   -4.206852e-08   2.114633e+01 
8.258170e-01   6.994812e-02   1.610263e-07   2.113085e-07   2.075448e-08   -4.230809e-08   2.124022e+01 
8.256563e-01   7.017826e-02   1.592559e-07   2.106246e-07   2.029199e-08   -4.254742e-08   2.133424e+01 
8.254945e-01   7.040870e-02   1.575266e-07   2.099959e-07   1.984183e-08   -4.278845e-08   2.142837e+01 
8.253316e-01   7.063943e-02   1.558224e-07   2.094198e-07   1.940360e-08   -4.302820e-08   2.152264e+01 
8.251677e-01   7.087046e-02   1.541571e-07   2.088951e-07   1.897693e-08   -4.326835e-08   2.161702e+01 
8.250026e-01   7.110178e-02   1.525265e-07   2.084201e-07   1.856148e-08   -4.350995e-08   2.171152e+01 
8.248365e-01   7.133339e-02   1.509246e-07   2.079939e-07   1.815690e-08   -4.374996e-08   2.180615e+01 
8.246692e-01   7.156530e-02   1.493453e-07   2.076154e-07   1.776289e-08   -4.398800e-08   2.190090e+01 
8.245009e-01   7.179750e-02   1.478170e-07   2.072828e-07   1.737912e-08   -4.423086e-08   2.199577e+01 
8.243314e-01   7.202998e-02   1.462961e-07   2.069947e-07   1.700531e-08   -4.446900e-08   2.209077e+01 
8.241608e-01   7.226276e-02   1.448131e-07   2.067511e-07   1.664115e-08   -4.470877e-08   2.218588e+01 
8.239891e-01   7.249583e-02   1.433554e-07   2.065498e-07   1.628637e-08   -4.494795e-08   2.228112e+01 
8.238163e-01   7.272919e-02   1.419262e-07   2.063907e-07   1.594070e-08   -4.518812e-08   2.237647e+01 
8.236424e-01   7.296284e-02   1.405209e-07   2.062712e-07   1.560387e-08   -4.542645e-08   2.247195e+01 
8.234673e-01   7.319677e-02   1.391386e-07   2.061915e-07   1.527563e-08   -4.566434e-08   2.256755e+01 
8.232912e-01   7.343099e-02   1.377859e-07   2.061509e-07   1.495574e-08   -4.590320e-08   2.266326e+01 
8.231138e-01   7.366549e-02   1.364473e-07   2.061473e-07   1.464396e-08   -4.613974e-08   2.275910e+01 
8.229354e-01   7.390028e-02   1.351428e-07   2.061799e-07   1.434005e-08   -4.637646e-08   2.285505e+01 
8.227558e-01   7.413535e-02   1.338474e-07   2.062484e-07   1.404380e-08   -4.661131e-08   2.295112e+01 
8.225750e-01   7.437071e-02   1.325829e-07   2.063519e-07   1.375498e-08   -4.684698e-08   2.304732e+01 
8.223931e-01   7.460635e-02   1.313429e-07   2.064892e-07   1.347340e-08   -4.708332e-08   2.314363e+01 
8.222100e-01   7.484227e-02   1.301087e-07   2.066589e-07   1.319884e-08   -4.731538e-08   2.324006e+01 
8.220258e-01   7.507848e-02   1.289101e-07   2.068618e-07   1.293112e-08   -4.755091e-08   2.333660e+01 
8.218404e-01   7.531496e-02   1.277153e-07   2.070954e-07   1.267004e-08   -4.778195e-08   2.343327e+01 
8.216539e-01   7.555172e-02   1.265476e-07   2.073601e-07   1.241542e-08   -4.801491e-08   2.353005e+01 
8.214662e-01   7.578876e-02   1.254010e-07   2.076543e-07   1.216708e-08   -4.824765e-08   2.362695e+01 
8.212772e-01   7.602608e-02   1.242603e-07   2.079780e-07   1.192485e-08   -4.847605e-08   2.372396e+01 
8.210872e-01   7.626368e-02   1.231512e-07   2.083299e-07   1.168856e-08   -4.870812e-08   2.382110e+01 
8.208959e-01   7.650155e-02   1.220455e-07   2.087098e-07   1.145806e-08   -4.893510e-08   2.391835e+01 
8.207034e-01   7.673970e-02   1.209606e-07   2.091171e-07   1.123318e-08   -4.916349e-08   2.401571e+01 
8.205098e-01   7.697812e-02   1.198910e-07   2.095501e-07   1.101378e-08   -4.939055e-08   2.411319e+01 
8.203149e-01   7.721682e-02   1.188383e-07   2.100102e-07   1.079973e-08   -4.961687e-08   2.421079e+01 
8.201189e-01   7.745579e-02   1.178005e-07   2.104949e-07   1.059087e-08   -4.984198e-08   2.430850e+01 
8.199216e-01   7.769503e-02   1.167745e-07   2.110059e-07   1.038715e-08   -5.006641e-08   2.440633e+01 
8.197231e-01   7.793454e-02   1.157652e-07   2.115424e-07   1.018880e-08   -5.029145e-08   2.450427e+01 
8.195235e-01   7.817432e-02   1.147649e-07   2.121653e-07   9.994914e-09   -5.051557e-08   2.460233e+01 
8.193225e-01   7.841438e-02   1.137815e-07   2.127101e-07   9.805549e-09   -5.073284e-08   2.470050e+01 
8.191204e-01   7.865471e-02   1.127994e-07   2.132803e-07   9.619938e-09   -5.095132e-08   2.479878e+01 
8.189170e-01   7.889530e-02   1.118416e-07   2.138971e-07   9.438960e-09   -5.117035e-08   2.489718e+01 
8.187124e-01   7.913616e-02   1.108862e-07   2.145406e-07   9.262492e-09   -5.138440e-08   2.499570e+01 
8.185066e-01   7.937729e-02   1.099509e-07   2.152053e-07   9.090274e-09   -5.160135e-08   2.509432e+01 
8.182995e-01   7.961868e-02   1.090231e-07   2.158907e-07   8.922183e-09   -5.181620e-08   2.519306e+01 
8.180912e-01   7.986034e-02   1.081052e-07   2.165960e-07   8.758093e-09   -5.202907e-08   2.529191e+01 
8.178816e-01   8.010226e-02   1.071951e-07   2.173205e-07   8.597882e-09   -5.224055e-08   2.539088e+01 
8.176708e-01   8.034445e-02   1.063056e-07   2.180641e-07   8.441443e-09   -5.245244e-08   2.548996e+01 
8.174587e-01   8.058690e-02   1.054148e-07   2.188265e-07   8.288674e-09   -5.266094e-08   2.558915e+01 
8.172453e-01   8.082961e-02   1.045364e-07   2.196063e-07   8.139483e-09   -5.286780e-08   2.568845e+01 
8.170306e-01   8.107258e-02   1.036722e-07   2.204034e-07   7.993780e-09   -5.307464e-08   2.578787e+01 
8.168147e-01   8.131581e-02   1.028104e-07   2.212190e-07   7.851474e-09   -5.327927e-08   2.588739e+01 
8.165975e-01   8.155930e-02   1.019614e-07   2.220505e-07   7.712483e-09   -5.348235e-08   2.598703e+01 
8.163790e-01   8.180305e-02   1.011219e-07   2.228982e-07   7.576723e-09   -5.368439e-08   2.608678e+01 
8.161593e-01   8.204706e-02   1.002865e-07   2.237633e-07   7.444116e-09   -5.388414e-08   2.618663e+01 
8.159382e-01   8.229132e-02   9.945813e-08   2.246435e-07   7.314585e-09   -5.408180e-08   2.628660e+01 
8.157158e-01   8.253584e-02   9.864349e-08   2.255391e-07   7.188052e-09   -5.427948e-08   2.638668e+01 
8.154921e-01   8.278061e-02   9.783375e-08   2.264499e-07   7.064444e-09   -5.447624e-08   2.648688e+01 
8.152671e-01   8.302564e-02   9.702866e-08   2.273760e-07   6.943691e-09   -5.466900e-08   2.658718e+01 
8.150408e-01   8.327092e-02   9.623659e-08   2.283167e-07   6.825767e-09   -5.486304e-08   2.668759e+01 
8.148132e-01   8.351646e-02   9.544492e-08   2.292731e-07   6.710686e-09   -5.505416e-08   2.678811e+01 
8.145842e-01   8.376225e-02   9.466364e-08   2.302448e-07   6.598369e-09   -5.524447e-08   2.688874e+01 
8.143539e-01   8.400829e-02   9.389027e-08   2.312337e-07   6.488406e-09   -5.543377e-08   2.698947e+01 
8.141223e-01   8.425456e-02   9.312292e-08   2.322312e-07   6.381089e-09   -5.561654e-08   2.709032e+01 
8.138894e-01   8.450111e-02   9.236144e-08   2.332272e-07   6.279118e-09   -5.579737e-08   2.719128e+01 
8.136551e-01   8.474789e-02   9.159954e-08   2.342508e-07   6.184675e-09   -5.597930e-08   2.729234e+01 
8.134194e-01   8.499492e-02   9.089965e-08   2.353638e-07   6.121454e-09   -5.612210e-08   2.739351e+01 
8.131824e-01   8.524220e-02   9.012792e-08   2.363545e-07   6.006411e-09   -5.631621e-08   2.749479e+01 
8.129440e-01   8.548972e-02   8.936554e-08   2.373725e-07   5.888615e-09   -5.651741e-08   2.759618e+01 
8.127043e-01   8.573749e-02   8.861739e-08   2.384345e-07   5.791733e-09   -5.669473e-08   2.769768e+01 
8.124632e-01   8.598550e-02   8.788333e-08   2.395163e-07   5.693547e-09   -5.686823e-08   2.779928e+01 
8.122207e-01   8.623375e-02   8.715663e-08   2.405991e-07   5.604860e-09   -5.703768e-08   2.790099e+01 
8.119768e-01   8.648225e-02   8.643170e-08   2.417290e-07   5.515913e-09   -5.721021e-08   2.800281e+01 
8.117315e-01   8.673099e-02   8.571260e-08   2.428099e-07   5.430386e-09   -5.737658e-08   2.810474e+01 
8.114849e-01   8.697996e-02   8.499748e-08   2.438972e-07   5.346769e-09   -5.754365e-08   2.820677e+01 
8.112368e-01   8.722918e-02   8.428998e-08   2.450151e-07   5.265082e-09   -5.770777e-08   2.830890e+01 
8.109874e-01   8.747863e-02   8.358585e-08   2.461469e-07   5.185285e-09   -5.787107e-08   2.841115e+01 
8.107365e-01   8.772832e-02   8.288042e-08   2.472887e-07   5.107298e-09   -5.802971e-08   2.851350e+01 
8.104842e-01   8.797825e-02   8.218640e-08   2.484395e-07   5.031075e-09   -5.818991e-08   2.861595e+01 
8.102305e-01   8.822841e-02   8.149295e-08   2.495993e-07   4.956575e-09   -5.834596e-08   2.871852e+01 
8.099754e-01   8.847881e-02   8.080243e-08   2.507680e-07   4.883761e-09   -5.849918e-08   2.882118e+01 
8.097189e-01   8.872944e-02   8.011748e-08   2.519451e-07   4.812594e-09   -5.865176e-08   2.892395e+01 
8.094609e-01   8.898030e-02   7.943793e-08   2.531270e-07   4.743039e-09   -5.880176e-08   2.902683e+01 
8.092014e-01   8.923139e-02   7.875339e-08   2.543184e-07   4.675054e-09   -5.895055e-08   2.912981e+01 
8.089406e-01   8.948272e-02   7.807856e-08   2.555157e-07   4.608617e-09   -5.909668e-08   2.923290e+01 
8.086782e-01   8.973427e-02   7.740829e-08   2.567207e-07   4.543676e-09   -5.924039e-08   2.933609e+01 
8.084144e-01   8.998605e-02   7.673764e-08   2.579319e-07   4.480221e-09   -5.938390e-08   2.943938e+01 
8.081492e-01   9.023806e-02   7.606949e-08   2.591503e-07   4.418189e-09   -5.952392e-08   2.954278e+01 
8.078825e-01   9.049030e-02   7.540675e-08   2.603757e-07   4.357582e-09   -5.966277e-08   2.964628e+01 
8.076143e-01   9.074276e-02   7.474499e-08   2.616053e-07   4.298365e-09   -5.979763e-08   2.974989e+01 
8.073446e-01   9.099545e-02   7.408967e-08   2.628415e-07   4.240492e-09   -5.993067e-08   2.985360e+01 
8.070734e-01   9.124835e-02   7.342950e-08   2.640851e-07   4.183952e-09   -6.006306e-08   2.995741e+01 
8.068008e-01   9.150149e-02   7.277892e-08   2.653329e-07   4.128634e-09   -6.019188e-08   3.006132e+01 
8.065267e-01   9.175484e-02   7.213211e-08   2.665840e-07   4.074698e-09   -6.031686e-08   3.016534e+01 
8.062510e-01   9.200841e-02   7.147945e-08   2.678434e-07   4.022081e-09   -6.044432e-08   3.026946e+01 
8.059738e-01   9.226221e-02   7.083483e-08   2.691067e-07   3.970950e-09   -6.056704e-08   3.037369e+01 
8.056952e-01   9.251622e-02   7.019902e-08   2.703724e-07   3.920229e-09   -6.068618e-08   3.047801e+01 
8.054149e-01   9.277044e-02   6.955267e-08   2.716446e-07   3.870773e-09   -6.080591e-08   3.058244e+01 
8.051332e-01   9.302489e-02   6.891039e-08   2.729229e-07   3.822651e-09   -6.092171e-08   3.068697e+01 
8.048500e-01   9.327955e-02   6.828596e-08   2.742014e-07   3.775682e-09   -6.103553e-08   3.079160e+01 
8.045651e-01   9.353442e-02   6.764837e-08   2.754854e-07   3.729812e-09   -6.114745e-08   3.089633e+01 
8.042788e-01   9.378951e-02   6.701229e-08   2.767763e-07   3.685012e-09   -6.125727e-08   3.100117e+01 
8.039909e-01   9.404481e-02   6.639605e-08   2.780660e-07   3.641269e-09   -6.136304e-08   3.110610e+01 
8.037015e-01   9.430031e-02   6.576794e-08   2.793626e-07   3.598553e-09   -6.147078e-08   3.121113e+01 
8.034105e-01   9.455604e-02   6.513645e-08   2.806641e-07   3.556842e-09   -6.157486e-08   3.131627e+01 
8.031179e-01   9.481196e-02   6.453742e-08   2.819611e-07   3.516122e-09   -6.167521e-08   3.142151e+01 
8.028237e-01   9.506810e-02   6.390615e-08   2.832716e-07   3.476363e-09   -6.177732e-08   3.152685e+01 
8.025280e-01   9.532444e-02   6.329302e-08   2.845842e-07   3.437561e-09   -6.187678e-08   3.163228e+01 
8.022307e-01   9.558098e-02   6.270863e-08   2.858921e-07   3.399684e-09   -6.197211e-08   3.173782e+01 
8.019317e-01   9.583773e-02   6.206659e-08   2.872132e-07   3.362716e-09   -6.206707e-08   3.184346e+01 
8.016312e-01   9.609469e-02   6.149489e-08   2.885275e-07   3.326653e-09   -6.215411e-08   3.194920e+01 
8.013291e-01   9.635184e-02   6.090385e-08   2.898669e-07   3.291458e-09   -6.225897e-08   3.205503e+01 
8.010253e-01   9.660919e-02   6.028713e-08   2.912035e-07   3.257123e-09   -6.236164e-08   3.216097e+01 
8.007200e-01   9.686675e-02   5.973905e-08   2.925157e-07   3.223655e-09   -6.243176e-08   3.226700e+01 
8.004130e-01   9.712451e-02   5.913476e-08   2.938503e-07   3.191000e-09   -6.251343e-08   3.237314e+01 
8.001044e-01   9.738245e-02   5.863311e-08   2.952318e-07   3.159154e-09   -6.262411e-08   3.247937e+01 
7.997941e-01   9.764059e-02   5.804221e-08   2.966846e-07   3.128101e-09   -6.277746e-08   3.258570e+01 
7.994823e-01   9.789894e-02   5.749186e-08   2.980249e-07   3.097831e-09   -6.288142e-08   3.269213e+01 
7.991687e-01   9.815747e-02   5.694093e-08   2.992773e-07   3.068322e-09   -6.287465e-08   3.279866e+01 
7.988534e-01   9.841619e-02   5.658136e-08   3.006080e-07   3.039591e-09   -6.285930e-08   3.290529e+01 
7.985366e-01   9.867512e-02   5.632103e-08   3.023299e-07   3.011582e-09   -6.307997e-08   3.301201e+01 
7.982182e-01   9.893423e-02   5.585675e-08   3.043459e-07   2.984308e-09   -6.360926e-08   3.311883e+01 
7.978979e-01   9.919351e-02   5.511111e-08   3.062282e-07   2.957763e-09   -6.402863e-08   3.322575e+01 
7.975760e-01   9.945298e-02   5.445413e-08   3.073824e-07   2.931976e-09   -6.397173e-08   3.333277e+01 
7.972525e-01   9.971265e-02   5.463133e-08   3.078845e-07   2.906761e-09   -6.349082e-08   3.343988e+01 
7.969271e-01   9.997250e-02   5.498780e-08   3.085049e-07   2.882301e-09   -6.310181e-08   3.354709e+01 
7.965997e-01   1.002325e-01   5.473941e-08   3.098268e-07   2.858458e-09   -6.304128e-08   3.365440e+01 
7.962706e-01   1.004926e-01   5.416735e-08   3.118435e-07   2.835217e-09   -6.295091e-08   3.376181e+01 
7.959402e-01   1.007530e-01   5.204307e-08   3.139378e-07   2.812641e-09   -6.275990e-08   3.386931e+01 
7.956085e-01   1.010137e-01   5.078934e-08   3.155586e-07   2.790730e-09   -6.238595e-08   3.397691e+01 
7.952749e-01   1.012745e-01   5.121007e-08   3.165095e-07   2.769437e-09   -6.222742e-08   3.408460e+01 
7.949393e-01   1.015354e-01   5.077891e-08   3.170343e-07   2.748743e-09   -6.264188e-08   3.419239e+01 
7.946017e-01   1.017965e-01   4.943668e-08   3.177502e-07   2.728642e-09   -6.314739e-08   3.430028e+01 
7.942625e-01   1.020577e-01   4.823570e-08   3.189272e-07   2.709131e-09   -6.334850e-08   3.440826e+01 
7.939215e-01   1.023192e-01   4.742447e-08   3.202728e-07   2.690199e-09   -6.339123e-08   3.451634e+01 
7.935788e-01   1.025808e-01   4.683310e-08   3.215653e-07   2.671837e-09   -6.345987e-08   3.462451e+01 
7.932343e-01   1.028425e-01   4.626072e-08   3.229678e-07   2.654028e-09   -6.358427e-08   3.473278e+01 
7.928880e-01   1.031045e-01   4.573832e-08   3.252423e-07   2.636761e-09   -6.392535e-08   3.484114e+01 
7.925399e-01   1.033666e-01   4.545322e-08   3.322961e-07   2.620044e-09   -6.525981e-08   3.494960e+01 
7.921900e-01   1.036289e-01   4.740569e-08   3.477821e-07   2.603903e-09   -7.147815e-08   3.505815e+01 
7.918382e-01   1.038913e-01   4.753584e-08   3.528555e-07   2.588375e-09   -5.421740e-08   3.516680e+01 
7.914845e-01   1.041539e-01   4.478371e-08   3.404815e-07   2.573484e-09   -5.975027e-08   3.527554e+01 
7.911289e-01   1.044166e-01   4.682288e-08   3.357866e-07   2.559226e-09   -5.905664e-08   3.538438e+01 
7.907714e-01   1.046795e-01   4.562480e-08   3.321209e-07   2.545568e-09   -6.500067e-08   3.549331e+01 
7.904120e-01   1.049425e-01   4.224825e-08   3.330760e-07   2.532461e-09   -6.400265e-08   3.560233e+01 
7.900507e-01   1.052056e-01   4.141082e-08   3.341338e-07   2.519852e-09   -6.376122e-08   3.571145e+01 
7.896874e-01   1.054689e-01   4.081323e-08   3.353480e-07   2.507698e-09   -6.371564e-08   3.582066e+01 
7.893222e-01   1.057324e-01   4.030001e-08   3.365942e-07   2.495993e-09   -6.371722e-08   3.592997e+01 
7.889552e-01   1.059960e-01   3.980708e-08   3.378538e-07   2.484789e-09   -6.372618e-08   3.603937e+01 
7.885864e-01   1.062598e-01   3.932533e-08   3.391170e-07   2.474127e-09   -6.373777e-08   3.614886e+01 
7.882157e-01   1.065237e-01   3.885322e-08   3.403582e-07   2.463814e-09   -6.375966e-08   3.625844e+01 
7.878433e-01   1.067878e-01   3.838458e-08   3.415434e-07   2.453925e-09   -6.378686e-08   3.636812e+01 
7.874690e-01   1.070520e-01   3.792601e-08   3.426789e-07   2.446943e-09   -6.378924e-08   3.647789e+01 
7.870929e-01   1.073164e-01   3.747784e-08   3.438402e-07   2.445060e-09   -6.374178e-08   3.658776e+01 
7.867149e-01   1.075809e-01   3.701940e-08   3.450815e-07   2.438933e-09   -6.370198e-08   3.669771e+01 
7.863350e-01   1.078456e-01   3.655415e-08   3.462891e-07   2.422973e-09   -6.371368e-08   3.680776e+01 
7.859532e-01   1.081104e-01   3.611962e-08   3.475183e-07   2.426613e-09   -6.366708e-08   3.691790e+01 
7.855695e-01   1.083754e-01   3.566881e-08   3.495538e-07   2.400165e-09   -6.359999e-08   3.702813e+01 
7.851839e-01   1.086404e-01   3.523226e-08   3.504516e-07   2.397530e-09   -6.353705e-08   3.713846e+01 
7.847964e-01   1.089057e-01   3.480030e-08   3.509516e-07   2.383615e-09   -6.355748e-08   3.724887e+01 
7.844070e-01   1.091711e-01   3.437677e-08   3.519281e-07   2.373908e-09   -6.349523e-08   3.735938e+01 
7.840156e-01   1.094366e-01   3.395870e-08   3.530348e-07   2.358726e-09   -6.343093e-08   3.746998e+01 
7.836223e-01   1.097022e-01   3.354797e-08   3.541455e-07   2.349546e-09   -6.336933e-08   3.758067e+01 
7.832270e-01   1.099680e-01   3.314365e-08   3.552551e-07   2.342006e-09   -6.330407e-08   3.769145e+01 
7.828297e-01   1.102339e-01   3.274592e-08   3.563631e-07   2.334980e-09   -6.323395e-08   3.780233e+01 
7.824305e-01   1.104999e-01   3.235469e-08   3.574662e-07   2.328237e-09   -6.316025e-08   3.791329e+01 
7.820293e-01   1.107660e-01   3.197004e-08   3.585615e-07   2.321749e-09   -6.308170e-08   3.802434e+01 
7.816261e-01   1.110323e-01   3.159237e-08   3.596485e-07   2.315513e-09   -6.300043e-08   3.813549e+01 
7.812209e-01   1.112987e-01   3.122154e-08   3.607263e-07   2.309517e-09   -6.291363e-08   3.824672e+01 
7.808137e-01   1.115652e-01   3.085840e-08   3.617949e-07   2.303751e-09   -6.282403e-08   3.835805e+01 
7.804045e-01   1.118318e-01   3.050284e-08   3.628550e-07   2.298209e-09   -6.273098e-08   3.846946e+01 
7.799933e-01   1.120985e-01   3.015499e-08   3.639067e-07   2.292884e-09   -6.263282e-08   3.858097e+01 
7.795800e-01   1.123654e-01   2.981432e-08   3.649478e-07   2.287773e-09   -6.253058e-08   3.869256e+01 
7.791647e-01   1.126324e-01   2.948289e-08   3.659796e-07   2.282869e-09   -6.242594e-08   3.880425e+01 
7.787474e-01   1.128994e-01   2.915974e-08   3.670011e-07   2.278168e-09   -6.231732e-08   3.891602e+01 
7.783279e-01   1.131666e-01   2.884473e-08   3.680127e-07   2.273663e-09   -6.220465e-08   3.902789e+01 
7.779065e-01   1.134339e-01   2.853917e-08   3.690134e-07   2.269352e-09   -6.208885e-08   3.913984e+01 
7.774829e-01   1.137013e-01   2.824224e-08   3.700036e-07   2.265229e-09   -6.196889e-08   3.925188e+01 
7.770573e-01   1.139688e-01   2.795433e-08   3.709825e-07   2.261290e-09   -6.184405e-08   3.936401e+01 
7.766296e-01   1.142364e-01   2.767651e-08   3.719501e-07   2.257529e-09   -6.171537e-08   3.947624e+01 
7.761998e-01   1.145041e-01   2.740776e-08   3.729059e-07   2.253944e-09   -6.158366e-08   3.958854e+01 
7.757679e-01   1.147719e-01   2.714990e-08   3.738500e-07   2.250530e-09   -6.144793e-08   3.970094e+01 
7.753338e-01   1.150398e-01   2.690239e-08   3.747815e-07   2.247282e-09   -6.130889e-08   3.981343e+01 
7.748977e-01   1.153077e-01   2.666550e-08   3.757023e-07   2.244196e-09   -6.116529e-08   3.992600e+01 
7.744594e-01   1.155758e-01   2.643958e-08   3.766100e-07   2.241270e-09   -6.101657e-08   4.003866e+01 
7.740189e-01   1.158440e-01   2.622523e-08   3.775057e-07   2.238498e-09   -6.086553e-08   4.015142e+01 
7.735764e-01   1.161122e-01   2.602242e-08   3.783878e-07   2.235877e-09   -6.071157e-08   4.026425e+01 
7.731316e-01   1.163805e-01   2.583148e-08   3.792587e-07   2.233404e-09   -6.055357e-08   4.037718e+01 
7.726847e-01   1.166489e-01   2.565369e-08   3.801168e-07   2.231076e-09   -6.039279e-08   4.049019e+01 
7.722360e-01   1.169172e-01   2.548848e-08   3.809617e-07   2.228890e-09   -6.022890e-08   4.060321e+01 
7.717854e-01   1.171854e-01   2.533675e-08   3.817921e-07   2.226842e-09   -6.006196e-08   4.071622e+01 
7.713330e-01   1.174534e-01   2.519839e-08   3.826097e-07   2.224930e-09   -5.989261e-08   4.082924e+01 
7.708787e-01   1.177213e-01   2.507380e-08   3.834140e-07   2.223149e-09   -5.971803e-08   4.094225e+01 
7.704226e-01   1.179890e-01   2.496285e-08   3.842035e-07   2.221496e-09   -5.954060e-08   4.105527e+01 
7.699647e-01   1.182566e-01   2.486737e-08   3.849794e-07   2.219969e-09   -5.935913e-08   4.116828e+01 
7.695048e-01   1.185241e-01   2.478625e-08   3.857403e-07   2.218562e-09   -5.917551e-08   4.128130e+01 
7.690432e-01   1.187915e-01   2.472066e-08   3.864844e-07   2.217275e-09   -5.898854e-08   4.139431e+01 
7.685796e-01   1.190587e-01   2.467162e-08   3.872149e-07   2.216103e-09   -5.879757e-08   4.150733e+01 
7.681142e-01   1.193257e-01   2.463727e-08   3.879271e-07   2.215044e-09   -5.860432e-08   4.162034e+01 
7.676468e-01   1.195927e-01   2.461911e-08   3.886232e-07   2.214093e-09   -5.840752e-08   4.173336e+01 
7.671777e-01   1.198594e-01   2.461879e-08   3.893011e-07   2.213251e-09   -5.820684e-08   4.184637e+01 
7.667066e-01   1.201261e-01   2.463568e-08   3.899608e-07   2.212511e-09   -5.800293e-08   4.195939e+01 
7.662336e-01   1.203925e-01   2.466895e-08   3.906020e-07   2.211874e-09   -5.779487e-08   4.207240e+01 
7.657587e-01   1.206589e-01   2.472006e-08   3.912235e-07   2.211334e-09   -5.758289e-08   4.218541e+01 
7.652819e-01   1.209250e-01   2.479017e-08   3.918263e-07   2.210892e-09   -5.736704e-08   4.229843e+01 
7.648032e-01   1.211911e-01   2.487926e-08   3.924094e-07   2.210543e-09   -5.714779e-08   4.241145e+01 
7.643226e-01   1.214569e-01   2.498764e-08   3.929708e-07   2.210286e-09   -5.692466e-08   4.252446e+01 
7.638401e-01   1.217226e-01   2.511555e-08   3.935146e-07   2.210119e-09   -5.669934e-08   4.263747e+01 
7.633556e-01   1.219882e-01   2.526588e-08   3.940381e-07   2.210038e-09   -5.646927e-08   4.275049e+01 
7.628692e-01   1.222536e-01   2.543545e-08   3.945479e-07   2.210042e-09   -5.623912e-08   4.286350e+01 
7.623809e-01   1.225188e-01   2.562664e-08   3.950412e-07   2.210140e-09   -5.600619e-08   4.297652e+01 
7.618905e-01   1.227839e-01   2.583705e-08   3.955185e-07   2.210310e-09   -5.577246e-08   4.308953e+01 
7.613983e-01   1.230488e-01   2.607460e-08   3.959747e-07   2.210548e-09   -5.553166e-08   4.320255e+01 
7.609041e-01   1.233135e-01   2.634050e-08   3.963863e-07   2.210867e-09   -5.527267e-08   4.331556e+01 
7.604080e-01   1.235781e-01   2.663569e-08   3.967719e-07   2.211278e-09   -5.501533e-08   4.342858e+01 
7.599099e-01   1.238425e-01   2.697838e-08   3.971554e-07   2.211804e-09   -5.479583e-08   4.354159e+01 
7.594098e-01   1.241067e-01   2.725587e-08   3.975217e-07   2.212357e-09   -5.452847e-08   4.365461e+01 
7.589077e-01   1.243708e-01   2.767679e-08   3.979162e-07   2.212923e-09   -5.422392e-08   4.376762e+01 
7.584037e-01   1.246346e-01   2.798446e-08   3.981932e-07   2.213919e-09   -5.399381e-08   4.388064e+01 
7.578976e-01   1.248983e-01   2.839020e-08   3.985453e-07   2.215070e-09   -5.370657e-08   4.399365e+01 
7.573896e-01   1.251619e-01   2.880724e-08   3.987924e-07   2.215544e-09   -5.345735e-08   4.410667e+01 
7.568795e-01   1.254252e-01   2.926424e-08   3.990517e-07   2.216072e-09   -5.319002e-08   4.421968e+01 
7.563675e-01   1.256883e-01   2.974747e-08   3.992977e-07   2.216870e-09   -5.292058e-08   4.433270e+01 
7.558534e-01   1.259513e-01   3.026305e-08   3.995299e-07   2.217800e-09   -5.264675e-08   4.444571e+01 
7.553374e-01   1.262141e-01   3.080760e-08   3.997404e-07   2.218817e-09   -5.236974e-08   4.455873e+01 
7.548193e-01   1.264767e-01   3.138044e-08   3.999309e-07   2.219898e-09   -5.208934e-08   4.467174e+01 
7.542992e-01   1.267391e-01   3.198456e-08   4.000968e-07   2.221038e-09   -5.180607e-08   4.478475e+01 
7.537770e-01   1.270013e-01   3.262138e-08   4.002403e-07   2.222230e-09   -5.152031e-08   4.489777e+01 
7.532528e-01   1.272633e-01   3.328612e-08   4.003589e-07   2.223476e-09   -5.123232e-08   4.501078e+01 
7.527265e-01   1.275251e-01   3.398603e-08   4.004533e-07   2.224770e-09   -5.093999e-08   4.512380e+01 
7.521983e-01   1.277868e-01   3.471987e-08   4.005233e-07   2.226115e-09   -5.064337e-08   4.523681e+01 
7.516679e-01   1.280482e-01   3.548550e-08   4.005667e-07   2.227504e-09   -5.034530e-08   4.534983e+01 
7.511355e-01   1.283094e-01   3.628629e-08   4.005846e-07   2.228943e-09   -5.004386e-08   4.546284e+01 
7.506010e-01   1.285704e-01   3.712351e-08   4.005766e-07   2.230423e-09   -4.973825e-08   4.557586e+01 
7.500645e-01   1.288312e-01   3.799431e-08   4.005424e-07   2.231951e-09   -4.942928e-08   4.568887e+01 
7.495258e-01   1.290918e-01   3.890052e-08   4.004819e-07   2.233518e-09   -4.911791e-08   4.580189e+01 
7.489851e-01   1.293522e-01   3.985016e-08   4.003982e-07   2.235129e-09   -4.880169e-08   4.591490e+01 
7.484422e-01   1.296124e-01   4.083236e-08   4.002896e-07   2.236778e-09   -4.848346e-08   4.602792e+01 
7.478974e-01   1.298724e-01   4.185616e-08   4.001568e-07   2.238470e-09   -4.816210e-08   4.614093e+01 
7.473502e-01   1.301321e-01   4.292053e-08   4.000009e-07   2.240197e-09   -4.783816e-08   4.625395e+01 
7.468012e-01   1.303916e-01   4.402490e-08   3.998238e-07   2.241964e-09   -4.751184e-08   4.636696e+01 
7.462498e-01   1.306509e-01   4.517307e-08   3.996249e-07   2.243764e-09   -4.718330e-08   4.647998e+01 
7.456965e-01   1.309100e-01   4.636490e-08   3.994061e-07   2.245604e-09   -4.685494e-08   4.659299e+01 
7.451409e-01   1.311689e-01   4.759889e-08   3.991714e-07   2.247474e-09   -4.652494e-08   4.670600e+01 
7.445833e-01   1.314275e-01   4.890977e-08   3.989722e-07   2.249383e-09   -4.623104e-08   4.681902e+01 
7.440234e-01   1.316860e-01   5.021658e-08   3.986758e-07   2.251319e-09   -4.585633e-08   4.693203e+01 
7.434616e-01   1.319441e-01   5.160692e-08   3.985050e-07   2.253292e-09   -4.553970e-08   4.704505e+01 
7.428974e-01   1.322021e-01   5.305070e-08   3.982902e-07   2.255291e-09   -4.513341e-08   4.715806e+01 
7.423312e-01   1.324598e-01   5.453539e-08   3.996393e-07   2.257325e-09   -4.482187e-08   4.727108e+01 
7.417627e-01   1.327173e-01   5.613247e-08   3.977349e-07   2.259384e-09   -4.464556e-08   4.738409e+01 
7.411922e-01   1.329745e-01   5.760966e-08   3.973599e-07   2.261476e-09   -4.404948e-08   4.749711e+01 
7.406193e-01   1.332315e-01   5.917528e-08   3.965020e-07   2.263590e-09   -4.380069e-08   4.761012e+01 
7.400444e-01   1.334883e-01   6.083357e-08   3.959485e-07   2.265737e-09   -4.346041e-08   4.772314e+01 
7.394671e-01   1.337448e-01   6.255377e-08   3.954248e-07   2.267903e-09   -4.311245e-08   4.783615e+01 
7.388879e-01   1.340010e-01   6.432906e-08   3.948844e-07   2.270101e-09   -4.276277e-08   4.794917e+01 
7.383062e-01   1.342570e-01   6.616495e-08   3.943235e-07   2.272317e-09   -4.240672e-08   4.806218e+01 
7.377226e-01   1.345128e-01   6.805666e-08   3.937275e-07   2.274564e-09   -4.204779e-08   4.817520e+01 
7.371364e-01   1.347683e-01   7.000158e-08   3.930985e-07   2.276825e-09   -4.168458e-08   4.828821e+01 
7.365483e-01   1.350235e-01   7.201042e-08   3.924310e-07   2.279116e-09   -4.131695e-08   4.840123e+01 
7.359577e-01   1.352785e-01   7.407900e-08   3.917258e-07   2.281421e-09   -4.094474e-08   4.851424e+01 
7.353652e-01   1.355332e-01   7.621131e-08   3.909801e-07   2.283754e-09   -4.056904e-08   4.862726e+01 
7.347700e-01   1.357876e-01   7.839791e-08   3.901945e-07   2.286099e-09   -4.018898e-08   4.874027e+01 
7.341731e-01   1.360418e-01   8.065657e-08   3.893697e-07   2.288470e-09   -3.980468e-08   4.885328e+01 
7.335734e-01   1.362957e-01   8.297804e-08   3.885044e-07   2.290852e-09   -3.941498e-08   4.896630e+01 
7.329719e-01   1.365493e-01   8.536311e-08   3.876005e-07   2.293261e-09   -3.902318e-08   4.907932e+01 
7.323677e-01   1.368027e-01   8.781857e-08   3.866588e-07   2.295678e-09   -3.862517e-08   4.919233e+01 
7.317617e-01   1.370557e-01   9.034430e-08   3.856800e-07   2.298121e-09   -3.822566e-08   4.930534e+01 
7.311529e-01   1.373085e-01   9.293949e-08   3.846671e-07   2.300574e-09   -3.782028e-08   4.941836e+01 
7.305423e-01   1.375610e-01   9.560622e-08   3.836207e-07   2.303053e-09   -3.741441e-08   4.953137e+01 
7.299289e-01   1.378133e-01   9.834458e-08   3.825422e-07   2.305542e-09   -3.700415e-08   4.964439e+01 
7.293137e-01   1.380652e-01   1.011642e-07   3.814329e-07   2.308069e-09   -3.659287e-08   4.975740e+01 
7.286957e-01   1.383169e-01   1.040563e-07   3.802929e-07   2.310620e-09   -3.617983e-08   4.987042e+01 
7.280759e-01   1.385683e-01   1.070263e-07   3.791233e-07   2.313250e-09   -3.576758e-08   4.998343e+01 
7.274532e-01   1.388193e-01   1.100815e-07   3.779235e-07   2.315979e-09   -3.534902e-08   5.009645e+01 
7.268288e-01   1.390701e-01   1.132163e-07   3.766913e-07   2.318884e-09   -3.493403e-08   5.020946e+01 
7.262014e-01   1.393206e-01   1.164304e-07   3.754269e-07   2.321954e-09   -3.451451e-08   5.032248e+01 
7.255723e-01   1.395708e-01   1.197376e-07   3.741312e-07   2.325085e-09   -3.409346e-08   5.043549e+01 
7.249402e-01   1.398207e-01   1.231252e-07   3.728031e-07   2.327970e-09   -3.366891e-08   5.054851e+01 
7.243064e-01   1.400702e-01   1.266066e-07   3.714412e-07   2.330668e-09   -3.324449e-08   5.066152e+01 
7.236695e-01   1.403195e-01   1.301771e-07   3.700388e-07   2.334469e-09   -3.281792e-08   5.077454e+01 
7.230311e-01   1.405684e-01   1.338348e-07   3.685808e-07   2.341614e-09   -3.239608e-08   5.088755e+01 
7.223894e-01   1.408171e-01   1.375901e-07   3.670754e-07   2.351265e-09   -3.195691e-08   5.100057e+01 
7.217462e-01   1.410654e-01   1.414485e-07   3.655547e-07   2.347535e-09   -3.151603e-08   5.111358e+01 
7.210997e-01   1.413134e-01   1.453842e-07   3.640061e-07   2.344447e-09   -3.108583e-08   5.122660e+01 
7.204517e-01   1.415610e-01   1.494396e-07   3.624320e-07   2.348134e-09   -3.061037e-08   5.133961e+01 
7.198004e-01   1.418084e-01   1.535627e-07   3.607444e-07   2.347352e-09   -3.019264e-08   5.145262e+01 
7.191476e-01   1.420554e-01   1.578164e-07   3.590141e-07   2.350399e-09   -2.974932e-08   5.156564e+01 
7.184914e-01   1.423021e-01   1.621545e-07   3.572519e-07   2.352517e-09   -2.929322e-08   5.167865e+01 
7.178338e-01   1.425484e-01   1.666119e-07   3.554517e-07   2.354987e-09   -2.884171e-08   5.179167e+01 
7.171727e-01   1.427945e-01   1.711755e-07   3.536117e-07   2.357613e-09   -2.838021e-08   5.190468e+01 
7.165103e-01   1.430401e-01   1.758574e-07   3.517332e-07   2.360303e-09   -2.792196e-08   5.201770e+01 
7.158442e-01   1.432855e-01   1.806502e-07   3.498153e-07   2.362995e-09   -2.745262e-08   5.213071e+01 
7.151769e-01   1.435305e-01   1.855614e-07   3.478592e-07   2.365728e-09   -2.699018e-08   5.224373e+01 
7.145059e-01   1.437752e-01   1.905841e-07   3.458656e-07   2.368441e-09   -2.651729e-08   5.235674e+01 
7.138337e-01   1.440195e-01   1.957418e-07   3.438384e-07   2.371192e-09   -2.605184e-08   5.246976e+01 
7.131577e-01   1.442634e-01   2.010011e-07   3.417771e-07   2.373936e-09   -2.558122e-08   5.258277e+01 
7.124806e-01   1.445070e-01   2.064091e-07   3.396881e-07   2.376705e-09   -2.511764e-08   5.269579e+01 
7.117995e-01   1.447503e-01   2.119370e-07   3.375678e-07   2.379436e-09   -2.464693e-08   5.280880e+01 
7.111174e-01   1.449932e-01   2.175985e-07   3.354221e-07   2.382202e-09   -2.418992e-08   5.292182e+01 
7.104313e-01   1.452357e-01   2.233858e-07   3.332500e-07   2.384951e-09   -2.372253e-08   5.303483e+01 
7.097442e-01   1.454779e-01   2.293321e-07   3.310503e-07   2.387742e-09   -2.326866e-08   5.314785e+01 
7.090530e-01   1.457197e-01   2.353914e-07   3.288226e-07   2.390506e-09   -2.280464e-08   5.326086e+01 
7.083608e-01   1.459612e-01   2.416109e-07   3.265651e-07   2.393312e-09   -2.235560e-08   5.337387e+01 
7.076645e-01   1.462023e-01   2.479628e-07   3.242750e-07   2.396087e-09   -2.189320e-08   5.348689e+01 
7.069673e-01   1.464429e-01   2.544776e-07   3.219514e-07   2.398905e-09   -2.144533e-08   5.359990e+01 
7.062659e-01   1.466833e-01   2.611300e-07   3.195897e-07   2.401690e-09   -2.098318e-08   5.371292e+01 
7.055636e-01   1.469232e-01   2.679428e-07   3.171908e-07   2.404520e-09   -2.053750e-08   5.382593e+01 
7.048569e-01   1.471628e-01   2.748999e-07   3.147504e-07   2.407315e-09   -2.007689e-08   5.393895e+01 
7.041496e-01   1.474019e-01   2.820361e-07   3.122716e-07   2.410157e-09   -1.962853e-08   5.405196e+01 
7.034376e-01   1.476407e-01   2.893221e-07   3.097481e-07   2.412959e-09   -1.916349e-08   5.416498e+01 
7.027252e-01   1.478791e-01   2.967831e-07   3.071832e-07   2.415812e-09   -1.871496e-08   5.427799e+01 
7.020079e-01   1.481171e-01   3.044011e-07   3.045712e-07   2.418621e-09   -1.824710e-08   5.439101e+01 
7.012904e-01   1.483547e-01   3.122075e-07   3.019140e-07   2.421485e-09   -1.779516e-08   5.450402e+01 
7.005677e-01   1.485919e-01   3.201757e-07   2.992055e-07   2.424299e-09   -1.732377e-08   5.461704e+01 
6.998451e-01   1.488286e-01   3.283354e-07   2.964477e-07   2.427172e-09   -1.686908e-08   5.473005e+01 
6.991171e-01   1.490650e-01   3.366656e-07   2.936339e-07   2.429989e-09   -1.639176e-08   5.484307e+01 
6.983893e-01   1.493009e-01   3.451972e-07   2.907681e-07   2.432870e-09   -1.593048e-08   5.495608e+01 
6.976558e-01   1.495365e-01   3.539068e-07   2.878427e-07   2.435686e-09   -1.544366e-08   5.506910e+01 
6.969229e-01   1.497716e-01   3.628213e-07   2.848624e-07   2.438572e-09   -1.497661e-08   5.518211e+01 
6.961839e-01   1.500063e-01   3.719239e-07   2.818236e-07   2.441383e-09   -1.448058e-08   5.529513e+01 
6.954457e-01   1.502406e-01   3.812404e-07   2.787313e-07   2.444271e-09   -1.400883e-08   5.540814e+01 
6.947013e-01   1.504744e-01   3.907503e-07   2.755853e-07   2.447074e-09   -1.350465e-08   5.552116e+01 
6.939578e-01   1.507078e-01   4.004911e-07   2.723929e-07   2.449959e-09   -1.302987e-08   5.563417e+01 
6.932079e-01   1.509409e-01   4.104203e-07   2.691538e-07   2.452748e-09   -1.252515e-08   5.574719e+01 
6.924591e-01   1.511734e-01   4.206083e-07   2.658760e-07   2.455626e-09   -1.205111e-08   5.586020e+01 
6.917037e-01   1.514055e-01   4.309902e-07   2.625572e-07   2.458397e-09   -1.154828e-08   5.597321e+01 
6.909495e-01   1.516371e-01   4.416244e-07   2.592034e-07   2.461264e-09   -1.108000e-08   5.608623e+01 
6.901885e-01   1.518684e-01   4.524824e-07   2.558069e-07   2.464014e-09   -1.058462e-08   5.619924e+01 
6.894290e-01   1.520991e-01   4.635919e-07   2.523753e-07   2.466869e-09   -1.012181e-08   5.631226e+01 
6.886622e-01   1.523295e-01   4.749398e-07   2.488967e-07   2.469597e-09   -9.628081e-09   5.642527e+01 
6.878976e-01   1.525594e-01   4.865452e-07   2.453793e-07   2.472439e-09   -9.170111e-09   5.653829e+01 
6.871249e-01   1.527888e-01   4.984001e-07   2.418126e-07   2.475125e-09   -8.677579e-09   5.665130e+01 
6.863550e-01   1.530177e-01   5.105381e-07   2.382059e-07   2.477926e-09   -8.224137e-09   5.676432e+01 
6.855766e-01   1.532463e-01   5.229090e-07   2.345521e-07   2.480599e-09   -7.731596e-09   5.687733e+01 
6.848011e-01   1.534742e-01   5.355955e-07   2.308569e-07   2.483503e-09   -7.288207e-09   5.699035e+01 
6.840171e-01   1.537018e-01   5.485204e-07   2.271141e-07   2.486209e-09   -6.801592e-09   5.710336e+01 
6.832361e-01   1.539288e-01   5.617712e-07   2.233288e-07   2.489070e-09   -6.357830e-09   5.721638e+01 
6.824463e-01   1.541555e-01   5.752805e-07   2.195160e-07   2.491385e-09   -5.869726e-09   5.732939e+01 
6.816599e-01   1.543815e-01   5.891087e-07   2.156175e-07   2.494203e-09   -5.432518e-09   5.744241e+01 
6.808640e-01   1.546072e-01   6.032355e-07   2.116783e-07   2.496626e-09   -4.948475e-09   5.755542e+01 
6.800723e-01   1.548323e-01   6.176772e-07   2.077006e-07   2.499238e-09   -4.509154e-09   5.766844e+01 
6.792703e-01   1.550570e-01   6.324310e-07   2.036717e-07   2.501740e-09   -4.025740e-09   5.778145e+01 
6.784733e-01   1.552811e-01   6.475329e-07   1.996028e-07   2.504622e-09   -3.595197e-09   5.789446e+01 
6.776653e-01   1.555049e-01   6.629379e-07   1.954924e-07   2.506969e-09   -3.116551e-09   5.800748e+01 
6.768626e-01   1.557279e-01   6.787257e-07   1.913449e-07   2.509404e-09   -2.696063e-09   5.812049e+01 
6.760488e-01   1.559507e-01   6.948285e-07   1.871579e-07   2.511656e-09   -2.225872e-09   5.823351e+01 
6.752404e-01   1.561727e-01   7.113223e-07   1.829341e-07   2.514251e-09   -1.814583e-09   5.834652e+01 
6.744205e-01   1.563944e-01   7.281634e-07   1.786645e-07   2.516522e-09   -1.352959e-09   5.845954e+01 
6.736068e-01   1.566155e-01   7.453822e-07   1.743576e-07   2.519127e-09   -9.464926e-10   5.857255e+01 
6.727804e-01   1.568361e-01   7.630048e-07   1.699993e-07   2.521350e-09   -4.849653e-10   5.868557e+01 
6.719613e-01   1.570561e-01   7.809971e-07   1.656057e-07   2.523949e-09   -8.714635e-11   5.879858e+01 
6.711287e-01   1.572757e-01   7.994260e-07   1.611705e-07   2.526122e-09   3.692195e-10   5.891160e+01 
6.703039e-01   1.574947e-01   8.182316e-07   1.567133e-07   2.528710e-09   7.522921e-10   5.902461e+01 
6.694652e-01   1.577133e-01   8.375207e-07   1.522298e-07   2.530826e-09   1.187621e-09   5.913763e+01 
6.686348e-01   1.579311e-01   8.571978e-07   1.477483e-07   2.533404e-09   1.539321e-09   5.925064e+01 
6.677895e-01   1.581487e-01   8.773898e-07   1.432517e-07   2.535460e-09   1.937691e-09   5.936366e+01 
6.669538e-01   1.583655e-01   8.979596e-07   1.387717e-07   2.538036e-09   2.243643e-09   5.947667e+01 
6.661018e-01   1.585819e-01   9.191344e-07   1.342835e-07   2.540029e-09   2.599052e-09   5.958969e+01 
6.652605e-01   1.587977e-01   9.406839e-07   1.298118e-07   2.542603e-09   2.854398e-09   5.970270e+01 
6.644023e-01   1.590131e-01   9.628344e-07   1.253310e-07   2.544537e-09   3.158311e-09   5.981571e+01 
6.635551e-01   1.592277e-01   9.854368e-07   1.208615e-07   2.547106e-09   3.366286e-09   5.992873e+01 
6.626904e-01   1.594420e-01   1.008657e-06   1.163776e-07   2.548982e-09   3.622183e-09   6.004174e+01 
6.618378e-01   1.596555e-01   1.032325e-06   1.118978e-07   2.551550e-09   3.783826e-09   6.015476e+01 
6.609660e-01   1.598686e-01   1.056679e-06   1.073987e-07   2.553362e-09   4.000868e-09   6.026777e+01 
6.601082e-01   1.600811e-01   1.081511e-06   1.028908e-07   2.555932e-09   4.129705e-09   6.038079e+01 
6.592297e-01   1.602930e-01   1.107027e-06   9.836291e-08   2.557681e-09   4.315352e-09   6.049380e+01 
6.583660e-01   1.605042e-01   1.133077e-06   9.381842e-08   2.560243e-09   4.422413e-09   6.060682e+01 
6.574810e-01   1.607151e-01   1.159875e-06   8.925533e-08   2.561941e-09   4.582805e-09   6.071983e+01 
6.566116e-01   1.609251e-01   1.187173e-06   8.468551e-08   2.564498e-09   4.664838e-09   6.083285e+01 
6.557196e-01   1.611349e-01   1.215374e-06   8.010263e-08   2.566154e-09   4.795542e-09   6.094586e+01 
6.548449e-01   1.613437e-01   1.244013e-06   7.553202e-08   2.568694e-09   4.837782e-09   6.105888e+01 
6.539457e-01   1.615522e-01   1.273712e-06   7.095681e-08   2.570286e-09   4.926584e-09   6.117189e+01 
6.530655e-01   1.617599e-01   1.303828e-06   6.641347e-08   2.572801e-09   4.919107e-09   6.128491e+01 
6.521592e-01   1.619672e-01   1.335122e-06   6.186891e-08   2.574405e-09   4.956574e-09   6.139792e+01 
6.512736e-01   1.621737e-01   1.366826e-06   5.738148e-08   2.576864e-09   4.897816e-09   6.151094e+01 
6.503599e-01   1.623798e-01   1.399864e-06   5.289161e-08   2.578493e-09   4.889135e-09   6.162395e+01 
6.494690e-01   1.625851e-01   1.433326e-06   4.848151e-08   2.581067e-09   4.783443e-09   6.173697e+01 
6.485483e-01   1.627900e-01   1.468206e-06   4.406749e-08   2.582696e-09   4.719917e-09   6.184998e+01 
6.476512e-01   1.629939e-01   1.503643e-06   3.976712e-08   2.585653e-09   4.560166e-09   6.196300e+01 
6.467238e-01   1.631978e-01   1.540647e-06   3.539023e-08   2.587678e-09   4.474864e-09   6.207601e+01 
6.458212e-01   1.634005e-01   1.578221e-06   3.125532e-08   2.589651e-09   4.177134e-09   6.218903e+01 
6.448855e-01   1.636028e-01   1.617720e-06   2.679121e-08   2.591192e-09   4.152943e-09   6.230204e+01 
6.439787e-01   1.638045e-01   1.657920e-06   2.288610e-08   2.597400e-09   3.618524e-09   6.241505e+01 
6.430366e-01   1.640052e-01   1.700278e-06   1.848806e-08   2.601534e-09   3.615586e-09   6.252807e+01 
6.421203e-01   1.642050e-01   1.743819e-06   1.450497e-08   2.603742e-09   3.062370e-09   6.264108e+01 
6.411928e-01   1.644041e-01   1.790085e-06   1.020010e-08   2.601765e-09   2.579333e-09   6.275410e+01 
6.402348e-01   1.645996e-01   1.838805e-06   5.869417e-09   2.599493e-09   2.444583e-09   6.286711e+01 
6.394959e-01   1.647991e-01   1.889201e-06   2.343678e-09   2.601051e-09   9.619984e-10   6.298013e+01 
6.382945e-01   1.649754e-01   1.953232e-06   -9.367507e-17   2.600490e-09   -6.661338e-16   6.309314e+01 
