% The data presented here were obtained from a direct numerical simulation of a turbulent 
% boundary layer developing under a pressure gradient. All the data shown here are 
% not normalized. Please refer to the references below for rmore detailed information.
 
 
% We compute the boundary layer thickness using the method of Griffin et al. (2021). 
% The pressure-gradient parameters of beta_{ZS} and beta_i are computed as follows. 
% beta_{ZS}=(delta)/(rho U_{ZS}^2)(dp_e/dx) and beta_i = (nu/rho u_tau^3)(d p_w/dx) 
% where $delta$ is the boundary layer thickness, $U_{ZS}$ is the Zagorola-Smits velocity, 
% $p_e$ and $p_w$ are the pressure at the edge of boundary layer and wall, respectively. 
 
 
% Please check this report for rmore detailed information about the data: 
% Gungor, T. R., Gungor, A. G.., Maciel, Y. (2024). Datasets of  
% three non-equilibrium pressure gradient turbulent boundary layers.  
 
 
% Please cite this paper when referencing the data: 
% Gungor, T. R., Maciel, Y., & Gungor, A. G. (2022). 
% Energy transfer mechanisms in adverse pressure gradient turbulent boundary layers: 
% production and inter-component redistribution. Journal of Fluid Mechanics, 948, A5  
 
  
% ========================================================================================= 
% 	 	 	************ Position 8 of DNS22 ************ 
% ========================================================================================= 

% 	 Re_tau = 3.364613e+02 
% 	 Re_theta=6.575276e+03 
% 	 utau=5.202322e-03 
% 	 U_e=6.500988e-01 
% 	 theta=2.889792e+00 
% 	 delta_star=9.052075e+00 
% 	 delta=1.847863e+01 
%  	 x_pos=2.199517e+02 
% 	 H=3.132431e+00 
% 	 C_f=1.259708e-04 
% 	 nu=2.857143e-04 
% 	 beta_RC=6.700380e+01 
% 	 beta_i=6.301364e-01 
% 	 beta_ZS=5.614624e-02 
 
% ========================================================================================================== 
% 	 U   	   V   	   u2   	   v2   	   w2   	   uv   	   y        
% ========================================================================================================= 
2.183079e-04   1.163458e-08   8.406374e-07   2.355441e-11   7.834748e-07   -3.123669e-10   2.287286e-03 
5.079482e-04   6.136389e-08   4.311123e-06   6.262755e-10   4.025180e-06   -3.854177e-09   5.249328e-03 
8.771756e-04   1.760106e-07   1.183643e-05   4.867886e-09   1.111404e-05   -1.937592e-08   8.878786e-03 
1.336024e-03   3.884114e-07   2.473606e-05   2.205068e-08   2.338226e-05   -6.553828e-08   1.316846e-02 
1.893096e-03   7.373503e-07   4.433428e-05   7.297649e-08   4.200020e-05   -1.752627e-07   1.811128e-02 
2.554433e-03   1.267432e-06   7.195687e-05   1.957814e-07   6.781977e-05   -3.996404e-07   2.370030e-02 
3.323237e-03   2.028744e-06   1.086355e-04   4.509064e-07   1.012952e-04   -8.088110e-07   2.992870e-02 
4.202159e-03   3.076086e-06   1.549330e-04   9.236993e-07   1.424149e-04   -1.488746e-06   3.678981e-02 
5.192797e-03   4.467587e-06   2.110132e-04   1.723585e-06   1.907042e-04   -2.532527e-06   4.427706e-02 
6.293550e-03   6.262839e-06   2.766206e-04   2.979566e-06   2.452753e-04   -4.027908e-06   5.238400e-02 
7.498648e-03   8.520886e-06   3.510589e-04   4.832659e-06   3.049317e-04   -6.044116e-06   6.110430e-02 
8.798405e-03   1.129834e-05   4.332234e-04   7.426516e-06   3.682967e-04   -8.621789e-06   7.043171e-02 
1.017983e-02   1.464743e-05   5.216818e-04   1.089772e-05   4.339453e-04   -1.176847e-05   8.036013e-02 
1.162759e-02   1.861427e-05   6.147909e-04   1.536722e-05   5.005153e-04   -1.546021e-05   9.088354e-02 
1.312512e-02   2.323801e-05   7.108289e-04   2.093384e-05   5.667888e-04   -1.964778e-05   1.019960e-01 
1.465575e-02   2.855147e-05   8.081210e-04   2.767035e-05   6.317404e-04   -2.426543e-05   1.136918e-01 
1.620368e-02   3.458225e-05   9.051417e-04   3.562191e-05   6.945580e-04   -2.923965e-05   1.259652e-01 
1.775465e-02   4.135428e-05   1.000585e-03   4.480654e-05   7.546420e-04   -3.449683e-05   1.388106e-01 
1.929641e-02   4.888758e-05   1.093399e-03   5.521682e-05   8.115879e-04   -3.996875e-05   1.522225e-01 
2.081890e-02   5.719428e-05   1.182791e-03   6.682263e-05   8.651607e-04   -4.559607e-05   1.661954e-01 
2.231421e-02   6.627912e-05   1.268209e-03   7.957422e-05   9.152605e-04   -5.132997e-05   1.807240e-01 
2.377637e-02   7.613605e-05   1.349305e-03   9.340581e-05   9.618867e-04   -5.713308e-05   1.958032e-01 
2.520113e-02   8.674406e-05   1.425901e-03   1.082392e-04   1.005104e-03   -6.297822e-05   2.114276e-01 
2.658567e-02   9.806433e-05   1.497955e-03   1.239873e-04   1.045017e-03   -6.884768e-05   2.275923e-01 
2.792835e-02   1.100391e-04   1.565534e-03   1.405573e-04   1.081752e-03   -7.473257e-05   2.442923e-01 
2.922849e-02   1.225984e-04   1.628785e-03   1.578531e-04   1.115443e-03   -8.063259e-05   2.615227e-01 
3.048617e-02   1.356669e-04   1.687902e-03   1.757789e-04   1.146223e-03   -8.655563e-05   2.792786e-01 
3.170197e-02   1.491782e-04   1.743103e-03   1.942419e-04   1.174230e-03   -9.251649e-05   2.975553e-01 
3.287682e-02   1.630849e-04   1.794602e-03   2.131545e-04   1.199604e-03   -9.853435e-05   3.163481e-01 
3.401185e-02   1.773656e-04   1.842601e-03   2.324369e-04   1.222496e-03   -1.046301e-04   3.356524e-01 
3.510850e-02   1.920378e-04   1.887296e-03   2.520177e-04   1.243066e-03   -1.108238e-04   3.554638e-01 
3.616850e-02   2.071764e-04   1.928884e-03   2.718334e-04   1.261492e-03   -1.171327e-04   3.757776e-01 
3.719388e-02   2.229118e-04   1.967574e-03   2.918266e-04   1.277962e-03   -1.235689e-04   3.965896e-01 
3.818690e-02   2.394094e-04   2.003604e-03   3.119454e-04   1.292661e-03   -1.301377e-04   4.178954e-01 
3.914983e-02   2.568399e-04   2.037227e-03   3.321414e-04   1.305762e-03   -1.368365e-04   4.396908e-01 
4.008480e-02   2.753563e-04   2.068684e-03   3.523682e-04   1.317432e-03   -1.436545e-04   4.619715e-01 
4.099369e-02   2.950848e-04   2.098187e-03   3.725796e-04   1.327840e-03   -1.505723e-04   4.847335e-01 
4.187815e-02   3.161168e-04   2.125937e-03   3.927286e-04   1.337152e-03   -1.575684e-04   5.079727e-01 
4.273964e-02   3.384892e-04   2.152141e-03   4.127675e-04   1.345548e-03   -1.646300e-04   5.316850e-01 
4.357936e-02   3.621798e-04   2.177008e-03   4.326481e-04   1.353238e-03   -1.717584e-04   5.558666e-01 
4.439812e-02   3.871409e-04   2.200691e-03   4.523234e-04   1.360450e-03   -1.789607e-04   5.805136e-01 
4.519662e-02   4.133332e-04   2.223276e-03   4.717501e-04   1.367416e-03   -1.862424e-04   6.056221e-01 
4.597572e-02   4.407352e-04   2.244815e-03   4.908971e-04   1.374341e-03   -1.936008e-04   6.311883e-01 
4.673662e-02   4.693286e-04   2.265389e-03   5.097506e-04   1.381368e-03   -2.010239e-04   6.572085e-01 
4.748091e-02   4.990318e-04   2.285115e-03   5.283135e-04   1.388552e-03   -2.085004e-04   6.836791e-01 
4.821043e-02   5.296631e-04   2.304119e-03   5.466032e-04   1.395895e-03   -2.160282e-04   7.105965e-01 
4.892696e-02   5.609932e-04   2.322510e-03   5.646498e-04   1.403382e-03   -2.236102e-04   7.379571e-01 
4.963216e-02   5.928170e-04   2.340398e-03   5.824935e-04   1.410995e-03   -2.312472e-04   7.657573e-01 
5.032779e-02   6.249751e-04   2.357951e-03   6.001759e-04   1.418737e-03   -2.389388e-04   7.939938e-01 
5.101597e-02   6.573573e-04   2.375402e-03   6.177357e-04   1.426667e-03   -2.466895e-04   8.226631e-01 
5.169905e-02   6.898987e-04   2.392967e-03   6.352065e-04   1.434867e-03   -2.545074e-04   8.517619e-01 
5.237932e-02   7.225984e-04   2.410736e-03   6.526183e-04   1.443367e-03   -2.623937e-04   8.812869e-01 
5.305854e-02   7.555691e-04   2.428674e-03   6.699942e-04   1.452094e-03   -2.703385e-04   9.112347e-01 
5.373769e-02   7.889840e-04   2.446731e-03   6.873474e-04   1.460914e-03   -2.783432e-04   9.416021e-01 
5.441741e-02   8.229293e-04   2.464882e-03   7.046825e-04   1.469727e-03   -2.864381e-04   9.723861e-01 
5.509883e-02   8.573559e-04   2.483127e-03   7.220049e-04   1.478487e-03   -2.946722e-04   1.003583e+00 
5.578348e-02   8.922729e-04   2.501535e-03   7.393175e-04   1.487251e-03   -3.030817e-04   1.035191e+00 
5.647258e-02   9.278633e-04   2.520222e-03   7.566071e-04   1.496200e-03   -3.116497e-04   1.067206e+00 
5.716665e-02   9.643177e-04   2.539202e-03   7.738563e-04   1.505560e-03   -3.203130e-04   1.099625e+00 
5.786588e-02   1.001717e-03   2.558355e-03   7.910578e-04   1.515449e-03   -3.290054e-04   1.132445e+00 
5.857028e-02   1.040005e-03   2.577597e-03   8.082132e-04   1.525849e-03   -3.376975e-04   1.165663e+00 
5.927958e-02   1.079031e-03   2.596962e-03   8.253374e-04   1.536736e-03   -3.463912e-04   1.199277e+00 
5.999347e-02   1.118572e-03   2.616582e-03   8.424538e-04   1.548092e-03   -3.550871e-04   1.233283e+00 
6.071193e-02   1.158319e-03   2.636605e-03   8.595959e-04   1.559847e-03   -3.637830e-04   1.267679e+00 
6.143555e-02   1.197942e-03   2.657142e-03   8.768119e-04   1.571859e-03   -3.724863e-04   1.302462e+00 
6.216533e-02   1.237166e-03   2.678178e-03   8.941505e-04   1.583895e-03   -3.812342e-04   1.337629e+00 
6.290229e-02   1.275823e-03   2.699534e-03   9.116307e-04   1.595873e-03   -3.900661e-04   1.373178e+00 
6.364820e-02   1.313941e-03   2.721145e-03   9.292326e-04   1.608055e-03   -3.990221e-04   1.409105e+00 
6.440475e-02   1.351840e-03   2.743066e-03   9.468998e-04   1.620649e-03   -4.081459e-04   1.445409e+00 
6.517125e-02   1.389958e-03   2.765314e-03   9.645519e-04   1.633618e-03   -4.174488e-04   1.482086e+00 
6.594544e-02   1.428468e-03   2.787878e-03   9.821225e-04   1.646887e-03   -4.268818e-04   1.519134e+00 
6.672602e-02   1.467455e-03   2.810772e-03   9.995804e-04   1.660431e-03   -4.363489e-04   1.556551e+00 
6.751355e-02   1.506881e-03   2.834003e-03   1.016913e-03   1.674194e-03   -4.457850e-04   1.594334e+00 
6.830974e-02   1.546473e-03   2.857577e-03   1.034118e-03   1.688082e-03   -4.551885e-04   1.632480e+00 
6.911642e-02   1.585888e-03   2.881353e-03   1.051194e-03   1.701958e-03   -4.645953e-04   1.670987e+00 
6.993481e-02   1.625042e-03   2.905199e-03   1.068132e-03   1.715735e-03   -4.740267e-04   1.709852e+00 
7.076532e-02   1.664086e-03   2.929254e-03   1.084931e-03   1.729604e-03   -4.834767e-04   1.749074e+00 
7.160739e-02   1.703335e-03   2.953715e-03   1.101614e-03   1.743817e-03   -4.930240e-04   1.788650e+00 
7.246044e-02   1.743284e-03   2.978626e-03   1.118254e-03   1.758378e-03   -5.027528e-04   1.828577e+00 
7.332393e-02   1.784413e-03   3.003961e-03   1.134942e-03   1.773223e-03   -5.126196e-04   1.868854e+00 
7.419760e-02   1.827051e-03   3.029687e-03   1.151739e-03   1.788384e-03   -5.224892e-04   1.909477e+00 
7.508296e-02   1.871024e-03   3.055790e-03   1.168719e-03   1.803754e-03   -5.323265e-04   1.950446e+00 
7.598096e-02   1.915841e-03   3.082156e-03   1.185966e-03   1.819063e-03   -5.422479e-04   1.991756e+00 
7.689149e-02   1.960963e-03   3.108754e-03   1.203525e-03   1.834225e-03   -5.523679e-04   2.033407e+00 
7.781447e-02   2.005632e-03   3.135564e-03   1.221370e-03   1.849208e-03   -5.627213e-04   2.075396e+00 
7.874933e-02   2.049198e-03   3.162663e-03   1.239411e-03   1.864177e-03   -5.733267e-04   2.117722e+00 
7.969555e-02   2.091475e-03   3.190129e-03   1.257528e-03   1.879443e-03   -5.842200e-04   2.160380e+00 
8.065356e-02   2.132716e-03   3.218035e-03   1.275618e-03   1.895081e-03   -5.953594e-04   2.203371e+00 
8.162466e-02   2.173063e-03   3.246575e-03   1.293651e-03   1.910846e-03   -6.067067e-04   2.246692e+00 
8.260992e-02   2.212531e-03   3.275694e-03   1.311634e-03   1.926412e-03   -6.182515e-04   2.290340e+00 
8.361160e-02   2.251486e-03   3.305179e-03   1.329562e-03   1.941799e-03   -6.299152e-04   2.334314e+00 
8.463168e-02   2.290410e-03   3.335332e-03   1.347449e-03   1.957175e-03   -6.416857e-04   2.378611e+00 
8.566968e-02   2.329383e-03   3.366612e-03   1.365337e-03   1.972720e-03   -6.536406e-04   2.423230e+00 
8.672503e-02   2.368296e-03   3.399076e-03   1.383289e-03   1.988852e-03   -6.658662e-04   2.468169e+00 
8.779561e-02   2.407298e-03   3.432829e-03   1.401291e-03   2.005800e-03   -6.784029e-04   2.513426e+00 
8.887739e-02   2.446841e-03   3.468120e-03   1.419309e-03   2.023525e-03   -6.912195e-04   2.558998e+00 
8.996779e-02   2.487370e-03   3.505171e-03   1.437342e-03   2.041797e-03   -7.041730e-04   2.604885e+00 
9.106660e-02   2.528911e-03   3.543928e-03   1.455372e-03   2.060344e-03   -7.171145e-04   2.651084e+00 
9.217527e-02   2.571392e-03   3.583647e-03   1.473381e-03   2.079012e-03   -7.299481e-04   2.697593e+00 
9.329446e-02   2.614925e-03   3.623183e-03   1.491375e-03   2.097580e-03   -7.425492e-04   2.744410e+00 
9.442508e-02   2.659299e-03   3.662297e-03   1.509459e-03   2.115975e-03   -7.548598e-04   2.791535e+00 
9.557233e-02   2.704455e-03   3.701785e-03   1.527677e-03   2.134219e-03   -7.669907e-04   2.838964e+00 
9.674177e-02   2.750085e-03   3.742311e-03   1.546002e-03   2.152573e-03   -7.792499e-04   2.886696e+00 
9.793540e-02   2.796277e-03   3.783866e-03   1.564376e-03   2.171504e-03   -7.918727e-04   2.934729e+00 
9.915440e-02   2.843316e-03   3.826035e-03   1.582730e-03   2.191284e-03   -8.047637e-04   2.983063e+00 
1.003994e-01   2.892121e-03   3.868490e-03   1.601005e-03   2.211671e-03   -8.176988e-04   3.031694e+00 
1.016694e-01   2.944442e-03   3.911200e-03   1.619141e-03   2.232173e-03   -8.305068e-04   3.080621e+00 
1.029620e-01   3.001192e-03   3.954021e-03   1.637073e-03   2.252572e-03   -8.431562e-04   3.129843e+00 
1.042722e-01   3.061458e-03   3.996508e-03   1.654764e-03   2.272645e-03   -8.557096e-04   3.179358e+00 
1.055959e-01   3.124289e-03   4.038430e-03   1.672341e-03   2.292851e-03   -8.682133e-04   3.229164e+00 
1.069329e-01   3.189120e-03   4.079956e-03   1.689935e-03   2.313774e-03   -8.806566e-04   3.279260e+00 
1.082816e-01   3.255188e-03   4.120499e-03   1.707493e-03   2.335249e-03   -8.930370e-04   3.329644e+00 
1.096436e-01   3.321758e-03   4.159846e-03   1.725053e-03   2.357235e-03   -9.053837e-04   3.380315e+00 
1.110240e-01   3.389272e-03   4.198951e-03   1.742635e-03   2.379573e-03   -9.176560e-04   3.431270e+00 
1.124288e-01   3.458296e-03   4.238905e-03   1.760275e-03   2.402005e-03   -9.299253e-04   3.482509e+00 
1.138625e-01   3.529142e-03   4.280293e-03   1.777885e-03   2.424251e-03   -9.422439e-04   3.534029e+00 
1.153234e-01   3.602832e-03   4.323489e-03   1.795271e-03   2.446431e-03   -9.546357e-04   3.585830e+00 
1.168052e-01   3.679272e-03   4.368093e-03   1.812276e-03   2.468716e-03   -9.671586e-04   3.637910e+00 
1.183046e-01   3.758181e-03   4.412596e-03   1.828797e-03   2.491348e-03   -9.797870e-04   3.690267e+00 
1.198220e-01   3.838122e-03   4.455771e-03   1.844910e-03   2.514546e-03   -9.924437e-04   3.742900e+00 
1.213609e-01   3.916898e-03   4.497749e-03   1.860758e-03   2.538002e-03   -1.005176e-03   3.795807e+00 
1.229237e-01   3.994076e-03   4.540032e-03   1.876485e-03   2.561687e-03   -1.018093e-03   3.848987e+00 
1.245055e-01   4.069956e-03   4.583297e-03   1.892237e-03   2.585952e-03   -1.031267e-03   3.902439e+00 
1.260974e-01   4.144345e-03   4.627168e-03   1.908121e-03   2.610987e-03   -1.044542e-03   3.956161e+00 
1.276979e-01   4.217812e-03   4.671800e-03   1.924169e-03   2.636607e-03   -1.057823e-03   4.010151e+00 
1.293129e-01   4.292198e-03   4.716903e-03   1.940354e-03   2.662618e-03   -1.071031e-03   4.064409e+00 
1.309408e-01   4.368703e-03   4.761655e-03   1.956400e-03   2.688299e-03   -1.084006e-03   4.118932e+00 
1.325777e-01   4.446920e-03   4.805763e-03   1.972130e-03   2.712998e-03   -1.096821e-03   4.173720e+00 
1.342288e-01   4.526292e-03   4.849759e-03   1.987485e-03   2.736876e-03   -1.109562e-03   4.228772e+00 
1.359008e-01   4.606734e-03   4.894076e-03   2.002484e-03   2.760645e-03   -1.122053e-03   4.284085e+00 
1.375974e-01   4.687977e-03   4.938792e-03   2.017216e-03   2.785409e-03   -1.134182e-03   4.339659e+00 
1.393172e-01   4.771043e-03   4.983142e-03   2.031839e-03   2.811516e-03   -1.146105e-03   4.395492e+00 
1.410584e-01   4.856672e-03   5.025125e-03   2.046669e-03   2.838231e-03   -1.157913e-03   4.451583e+00 
1.428227e-01   4.945715e-03   5.065039e-03   2.062112e-03   2.865123e-03   -1.169584e-03   4.507931e+00 
1.446083e-01   5.038014e-03   5.104760e-03   2.078268e-03   2.891660e-03   -1.181230e-03   4.564534e+00 
1.464111e-01   5.133737e-03   5.144763e-03   2.094956e-03   2.917841e-03   -1.193005e-03   4.621391e+00 
1.482285e-01   5.231281e-03   5.185973e-03   2.111717e-03   2.943705e-03   -1.204918e-03   4.678501e+00 
1.500554e-01   5.329377e-03   5.229187e-03   2.128219e-03   2.968665e-03   -1.216848e-03   4.735863e+00 
1.518896e-01   5.428486e-03   5.273961e-03   2.144265e-03   2.993153e-03   -1.228426e-03   4.793475e+00 
1.537367e-01   5.528280e-03   5.319344e-03   2.159731e-03   3.017722e-03   -1.239721e-03   4.851337e+00 
1.556039e-01   5.629045e-03   5.364412e-03   2.174641e-03   3.042893e-03   -1.250892e-03   4.909446e+00 
1.574898e-01   5.730975e-03   5.409534e-03   2.188862e-03   3.069851e-03   -1.261886e-03   4.967802e+00 
1.593892e-01   5.833238e-03   5.455524e-03   2.202358e-03   3.098232e-03   -1.273024e-03   5.026404e+00 
1.613012e-01   5.935394e-03   5.502295e-03   2.215237e-03   3.127383e-03   -1.284385e-03   5.085251e+00 
1.632299e-01   6.037700e-03   5.549758e-03   2.227437e-03   3.157024e-03   -1.295802e-03   5.144340e+00 
1.651827e-01   6.141009e-03   5.597289e-03   2.239302e-03   3.186578e-03   -1.307046e-03   5.203672e+00 
1.671601e-01   6.246829e-03   5.643457e-03   2.251287e-03   3.216230e-03   -1.318045e-03   5.263245e+00 
1.691567e-01   6.356320e-03   5.688481e-03   2.263658e-03   3.246300e-03   -1.328926e-03   5.323058e+00 
1.711726e-01   6.469238e-03   5.733082e-03   2.276777e-03   3.276692e-03   -1.339743e-03   5.383109e+00 
1.732055e-01   6.585512e-03   5.776546e-03   2.290910e-03   3.307088e-03   -1.350698e-03   5.443399e+00 
1.752470e-01   6.705229e-03   5.818765e-03   2.305851e-03   3.336836e-03   -1.362024e-03   5.503925e+00 
1.772943e-01   6.826619e-03   5.859783e-03   2.321241e-03   3.365757e-03   -1.373481e-03   5.564686e+00 
1.793465e-01   6.947937e-03   5.899917e-03   2.336752e-03   3.393355e-03   -1.384631e-03   5.625682e+00 
1.814100e-01   7.069827e-03   5.939561e-03   2.352450e-03   3.419575e-03   -1.395352e-03   5.686911e+00 
1.834942e-01   7.194085e-03   5.979246e-03   2.368433e-03   3.445741e-03   -1.405504e-03   5.748373e+00 
1.856035e-01   7.320069e-03   6.019322e-03   2.384705e-03   3.471893e-03   -1.415057e-03   5.810065e+00 
1.877374e-01   7.448164e-03   6.059210e-03   2.401306e-03   3.497434e-03   -1.424109e-03   5.871988e+00 
1.898937e-01   7.577979e-03   6.097972e-03   2.417988e-03   3.522728e-03   -1.432720e-03   5.934140e+00 
1.920840e-01   7.708602e-03   6.135076e-03   2.434826e-03   3.549066e-03   -1.441591e-03   5.996521e+00 
1.943086e-01   7.840952e-03   6.171781e-03   2.451481e-03   3.577392e-03   -1.450838e-03   6.059128e+00 
1.965625e-01   7.976277e-03   6.209787e-03   2.467654e-03   3.606288e-03   -1.459907e-03   6.121962e+00 
1.988446e-01   8.112496e-03   6.250332e-03   2.483081e-03   3.634139e-03   -1.469068e-03   6.185021e+00 
2.011412e-01   8.247635e-03   6.292068e-03   2.497349e-03   3.661244e-03   -1.478571e-03   6.248304e+00 
2.034411e-01   8.382795e-03   6.332687e-03   2.510880e-03   3.686887e-03   -1.488237e-03   6.311810e+00 
2.057450e-01   8.518506e-03   6.371628e-03   2.524126e-03   3.711118e-03   -1.497910e-03   6.375539e+00 
2.080607e-01   8.656103e-03   6.409580e-03   2.537390e-03   3.734752e-03   -1.507220e-03   6.439489e+00 
2.103928e-01   8.796453e-03   6.446701e-03   2.550955e-03   3.758467e-03   -1.516114e-03   6.503658e+00 
2.127466e-01   8.938961e-03   6.481746e-03   2.564850e-03   3.782824e-03   -1.524842e-03   6.568048e+00 
2.151204e-01   9.083681e-03   6.514074e-03   2.579179e-03   3.807361e-03   -1.533223e-03   6.632656e+00 
2.175087e-01   9.230530e-03   6.544261e-03   2.593590e-03   3.830812e-03   -1.541344e-03   6.697481e+00 
2.199171e-01   9.379752e-03   6.573001e-03   2.607356e-03   3.852352e-03   -1.549578e-03   6.762523e+00 
2.223492e-01   9.530721e-03   6.603380e-03   2.620505e-03   3.871871e-03   -1.558046e-03   6.827781e+00 
2.248032e-01   9.683277e-03   6.636701e-03   2.633226e-03   3.890245e-03   -1.566678e-03   6.893253e+00 
2.272737e-01   9.837229e-03   6.671390e-03   2.645786e-03   3.907736e-03   -1.575412e-03   6.958940e+00 
2.297553e-01   9.992399e-03   6.706119e-03   2.658202e-03   3.924265e-03   -1.584379e-03   7.024839e+00 
2.322464e-01   1.014939e-02   6.740817e-03   2.670432e-03   3.941081e-03   -1.593079e-03   7.090950e+00 
2.347510e-01   1.031007e-02   6.774677e-03   2.682582e-03   3.959112e-03   -1.601365e-03   7.157273e+00 
2.372772e-01   1.047345e-02   6.807070e-03   2.694336e-03   3.977734e-03   -1.609169e-03   7.223806e+00 
2.398251e-01   1.063755e-02   6.837838e-03   2.705751e-03   3.997796e-03   -1.616777e-03   7.290548e+00 
2.423862e-01   1.080281e-02   6.866448e-03   2.717006e-03   4.019375e-03   -1.623728e-03   7.357499e+00 
2.449652e-01   1.096970e-02   6.894794e-03   2.727996e-03   4.041380e-03   -1.630210e-03   7.424658e+00 
2.475706e-01   1.113653e-02   6.925778e-03   2.738653e-03   4.063812e-03   -1.637095e-03   7.492024e+00 
2.502069e-01   1.130426e-02   6.958457e-03   2.749187e-03   4.083402e-03   -1.644110e-03   7.559596e+00 
2.528688e-01   1.147323e-02   6.992216e-03   2.759481e-03   4.098649e-03   -1.651332e-03   7.627374e+00 
2.555458e-01   1.164438e-02   7.026259e-03   2.769479e-03   4.112128e-03   -1.658548e-03   7.695355e+00 
2.582352e-01   1.181815e-02   7.058761e-03   2.778955e-03   4.125555e-03   -1.665704e-03   7.763540e+00 
2.609343e-01   1.199313e-02   7.090202e-03   2.787534e-03   4.139804e-03   -1.673145e-03   7.831929e+00 
2.636494e-01   1.216833e-02   7.121844e-03   2.794775e-03   4.155059e-03   -1.680852e-03   7.900519e+00 
2.663838e-01   1.234473e-02   7.154340e-03   2.800715e-03   4.170912e-03   -1.688783e-03   7.969311e+00 
2.691384e-01   1.252401e-02   7.187237e-03   2.805869e-03   4.185774e-03   -1.696523e-03   8.038303e+00 
2.719118e-01   1.270371e-02   7.219285e-03   2.810539e-03   4.198399e-03   -1.704185e-03   8.107494e+00 
2.747043e-01   1.288339e-02   7.249864e-03   2.815307e-03   4.209975e-03   -1.711701e-03   8.176885e+00 
2.775146e-01   1.306494e-02   7.277632e-03   2.820499e-03   4.220544e-03   -1.719133e-03   8.246474e+00 
2.803413e-01   1.324755e-02   7.303539e-03   2.825584e-03   4.230875e-03   -1.726657e-03   8.316260e+00 
2.831799e-01   1.343101e-02   7.329697e-03   2.830507e-03   4.241024e-03   -1.734034e-03   8.386243e+00 
2.860266e-01   1.361554e-02   7.355671e-03   2.835081e-03   4.251259e-03   -1.740735e-03   8.456421e+00 
2.888920e-01   1.380262e-02   7.380960e-03   2.839318e-03   4.261987e-03   -1.746850e-03   8.526795e+00 
2.917824e-01   1.399239e-02   7.405620e-03   2.843792e-03   4.270941e-03   -1.752969e-03   8.597363e+00 
2.946939e-01   1.418405e-02   7.429064e-03   2.847963e-03   4.279029e-03   -1.759304e-03   8.668125e+00 
2.976214e-01   1.437788e-02   7.450652e-03   2.851518e-03   4.287986e-03   -1.765452e-03   8.739080e+00 
3.005706e-01   1.457560e-02   7.470117e-03   2.854741e-03   4.297395e-03   -1.770976e-03   8.810226e+00 
3.035272e-01   1.477767e-02   7.487871e-03   2.857529e-03   4.305819e-03   -1.775807e-03   8.881564e+00 
3.064831e-01   1.498446e-02   7.504991e-03   2.859673e-03   4.313210e-03   -1.779320e-03   8.953094e+00 
3.094535e-01   1.519574e-02   7.519770e-03   2.861190e-03   4.318921e-03   -1.781911e-03   9.024812e+00 
3.124379e-01   1.541041e-02   7.530336e-03   2.862488e-03   4.322106e-03   -1.783776e-03   9.096720e+00 
3.154263e-01   1.562582e-02   7.540360e-03   2.863000e-03   4.324958e-03   -1.784969e-03   9.168818e+00 
3.184136e-01   1.584044e-02   7.551039e-03   2.862630e-03   4.330409e-03   -1.786043e-03   9.241103e+00 
3.214232e-01   1.605861e-02   7.559808e-03   2.861710e-03   4.337884e-03   -1.786352e-03   9.313575e+00 
3.244759e-01   1.628176e-02   7.564732e-03   2.860310e-03   4.346267e-03   -1.786094e-03   9.386233e+00 
3.275640e-01   1.650982e-02   7.565915e-03   2.858552e-03   4.354654e-03   -1.785615e-03   9.459078e+00 
3.306690e-01   1.674026e-02   7.564901e-03   2.856525e-03   4.360691e-03   -1.784788e-03   9.532108e+00 
3.337792e-01   1.697346e-02   7.562313e-03   2.854191e-03   4.365007e-03   -1.783410e-03   9.605323e+00 
3.369012e-01   1.721054e-02   7.555726e-03   2.851925e-03   4.368016e-03   -1.781251e-03   9.678721e+00 
3.400451e-01   1.744977e-02   7.547505e-03   2.849720e-03   4.369388e-03   -1.778881e-03   9.752303e+00 
3.432042e-01   1.769080e-02   7.538726e-03   2.847525e-03   4.369695e-03   -1.776211e-03   9.826067e+00 
3.463741e-01   1.793294e-02   7.527260e-03   2.845189e-03   4.368715e-03   -1.773127e-03   9.900013e+00 
3.495636e-01   1.817714e-02   7.512062e-03   2.842553e-03   4.367875e-03   -1.770086e-03   9.974140e+00 
3.527766e-01   1.842380e-02   7.494898e-03   2.839167e-03   4.368136e-03   -1.766873e-03   1.004845e+01 
3.560067e-01   1.867180e-02   7.478469e-03   2.834694e-03   4.368278e-03   -1.763554e-03   1.012294e+01 
3.592482e-01   1.892023e-02   7.463007e-03   2.829467e-03   4.367495e-03   -1.759754e-03   1.019760e+01 
3.624998e-01   1.916944e-02   7.448322e-03   2.824019e-03   4.364920e-03   -1.755499e-03   1.027245e+01 
3.657608e-01   1.942003e-02   7.434618e-03   2.818405e-03   4.360742e-03   -1.751043e-03   1.034747e+01 
3.690285e-01   1.967143e-02   7.420360e-03   2.812530e-03   4.355871e-03   -1.746625e-03   1.042268e+01 
3.723104e-01   1.992433e-02   7.404644e-03   2.806646e-03   4.348818e-03   -1.742246e-03   1.049806e+01 
3.756154e-01   2.017985e-02   7.386723e-03   2.800858e-03   4.339392e-03   -1.737730e-03   1.057361e+01 
3.789380e-01   2.043749e-02   7.366375e-03   2.794995e-03   4.328380e-03   -1.733003e-03   1.064934e+01 
3.822721e-01   2.069679e-02   7.343082e-03   2.788578e-03   4.316483e-03   -1.728279e-03   1.072525e+01 
3.856212e-01   2.095704e-02   7.315786e-03   2.781407e-03   4.305020e-03   -1.724032e-03   1.080133e+01 
3.889791e-01   2.121892e-02   7.287297e-03   2.773218e-03   4.294304e-03   -1.719300e-03   1.087758e+01 
3.923305e-01   2.148152e-02   7.258739e-03   2.764481e-03   4.282785e-03   -1.713926e-03   1.095401e+01 
3.956784e-01   2.174402e-02   7.229618e-03   2.755599e-03   4.270018e-03   -1.708505e-03   1.103061e+01 
3.990383e-01   2.200781e-02   7.199782e-03   2.746933e-03   4.255739e-03   -1.702581e-03   1.110738e+01 
4.024179e-01   2.227349e-02   7.168844e-03   2.737832e-03   4.240389e-03   -1.695953e-03   1.118433e+01 
4.058155e-01   2.254096e-02   7.136962e-03   2.727694e-03   4.223770e-03   -1.689363e-03   1.126144e+01 
4.092250e-01   2.280852e-02   7.107469e-03   2.715821e-03   4.205119e-03   -1.682568e-03   1.133873e+01 
4.126261e-01   2.307457e-02   7.077857e-03   2.702068e-03   4.184454e-03   -1.675744e-03   1.141618e+01 
4.160133e-01   2.334109e-02   7.044440e-03   2.687252e-03   4.162089e-03   -1.668579e-03   1.149381e+01 
4.193999e-01   2.360840e-02   7.008838e-03   2.671950e-03   4.138371e-03   -1.661233e-03   1.157160e+01 
4.228075e-01   2.387753e-02   6.970749e-03   2.656284e-03   4.113046e-03   -1.653743e-03   1.164956e+01 
4.262351e-01   2.414857e-02   6.931211e-03   2.640007e-03   4.086971e-03   -1.646040e-03   1.172769e+01 
4.296596e-01   2.442038e-02   6.890891e-03   2.623109e-03   4.059004e-03   -1.637854e-03   1.180599e+01 
4.330825e-01   2.469538e-02   6.848926e-03   2.606466e-03   4.028310e-03   -1.628711e-03   1.188445e+01 
4.365008e-01   2.497314e-02   6.805817e-03   2.589627e-03   3.996771e-03   -1.618434e-03   1.196308e+01 
4.399171e-01   2.525336e-02   6.759423e-03   2.572548e-03   3.964866e-03   -1.607238e-03   1.204188e+01 
4.433354e-01   2.553669e-02   6.709321e-03   2.555223e-03   3.931937e-03   -1.595555e-03   1.212084e+01 
4.467481e-01   2.582174e-02   6.657182e-03   2.537520e-03   3.897150e-03   -1.583332e-03   1.219996e+01 
4.501682e-01   2.610770e-02   6.603929e-03   2.519509e-03   3.861397e-03   -1.570831e-03   1.227925e+01 
4.536028e-01   2.639424e-02   6.550225e-03   2.501105e-03   3.825284e-03   -1.558575e-03   1.235870e+01 
4.570420e-01   2.668106e-02   6.496520e-03   2.482104e-03   3.788130e-03   -1.546560e-03   1.243832e+01 
4.604878e-01   2.696844e-02   6.442089e-03   2.462565e-03   3.749619e-03   -1.534618e-03   1.251809e+01 
4.639319e-01   2.725462e-02   6.387962e-03   2.442253e-03   3.711065e-03   -1.522732e-03   1.259803e+01 
4.673601e-01   2.753908e-02   6.333118e-03   2.420645e-03   3.673007e-03   -1.510901e-03   1.267813e+01 
4.707769e-01   2.782396e-02   6.277547e-03   2.397829e-03   3.633244e-03   -1.498407e-03   1.275839e+01 
4.741969e-01   2.811217e-02   6.217164e-03   2.374274e-03   3.592488e-03   -1.485067e-03   1.283881e+01 
4.776257e-01   2.840567e-02   6.150249e-03   2.350265e-03   3.553252e-03   -1.470789e-03   1.291940e+01 
4.810559e-01   2.870237e-02   6.079944e-03   2.325528e-03   3.512158e-03   -1.455722e-03   1.300014e+01 
4.844858e-01   2.900068e-02   6.008762e-03   2.299712e-03   3.468342e-03   -1.439963e-03   1.308103e+01 
4.879176e-01   2.930211e-02   5.939044e-03   2.273091e-03   3.423231e-03   -1.423068e-03   1.316209e+01 
4.913431e-01   2.960558e-02   5.869908e-03   2.246437e-03   3.376043e-03   -1.405118e-03   1.324331e+01 
4.947588e-01   2.990955e-02   5.798742e-03   2.219659e-03   3.329048e-03   -1.386531e-03   1.332468e+01 
4.981652e-01   3.021370e-02   5.724802e-03   2.192270e-03   3.282533e-03   -1.367827e-03   1.340621e+01 
5.015575e-01   3.051690e-02   5.650133e-03   2.164025e-03   3.235796e-03   -1.349061e-03   1.348790e+01 
5.049414e-01   3.082020e-02   5.572611e-03   2.135327e-03   3.189501e-03   -1.330365e-03   1.356974e+01 
5.083232e-01   3.112369e-02   5.492931e-03   2.105980e-03   3.143776e-03   -1.311890e-03   1.365174e+01 
5.116942e-01   3.142770e-02   5.413132e-03   2.076252e-03   3.096923e-03   -1.292993e-03   1.373390e+01 
5.150522e-01   3.173246e-02   5.332542e-03   2.046631e-03   3.046926e-03   -1.273479e-03   1.381620e+01 
5.184000e-01   3.203650e-02   5.250870e-03   2.017148e-03   2.994631e-03   -1.253910e-03   1.389866e+01 
5.217388e-01   3.233975e-02   5.167550e-03   1.987277e-03   2.941459e-03   -1.234137e-03   1.398128e+01 
5.250752e-01   3.264380e-02   5.083068e-03   1.957099e-03   2.887441e-03   -1.213668e-03   1.406405e+01 
5.284098e-01   3.294792e-02   4.998459e-03   1.926649e-03   2.831785e-03   -1.192938e-03   1.414697e+01 
5.317446e-01   3.325249e-02   4.913551e-03   1.895597e-03   2.774467e-03   -1.171837e-03   1.423005e+01 
5.350745e-01   3.355777e-02   4.827924e-03   1.863829e-03   2.716734e-03   -1.150301e-03   1.431327e+01 
5.383817e-01   3.386138e-02   4.741800e-03   1.831644e-03   2.658802e-03   -1.128980e-03   1.439665e+01 
5.416618e-01   3.416324e-02   4.655991e-03   1.799449e-03   2.600448e-03   -1.107389e-03   1.448018e+01 
5.449258e-01   3.446567e-02   4.568259e-03   1.767582e-03   2.541941e-03   -1.085266e-03   1.456386e+01 
5.481849e-01   3.476887e-02   4.478036e-03   1.735745e-03   2.483550e-03   -1.062908e-03   1.464769e+01 
5.514358e-01   3.507234e-02   4.386995e-03   1.703761e-03   2.425209e-03   -1.040201e-03   1.473166e+01 
5.546623e-01   3.537530e-02   4.296115e-03   1.671554e-03   2.364886e-03   -1.017036e-03   1.481579e+01 
5.578704e-01   3.567876e-02   4.203529e-03   1.639236e-03   2.302521e-03   -9.936551e-04   1.490007e+01 
5.610643e-01   3.598200e-02   4.110532e-03   1.606488e-03   2.239235e-03   -9.701437e-04   1.498450e+01 
5.642301e-01   3.628332e-02   4.018184e-03   1.573294e-03   2.175838e-03   -9.466555e-04   1.506907e+01 
5.673803e-01   3.658443e-02   3.923046e-03   1.539731e-03   2.112315e-03   -9.232217e-04   1.515379e+01 
5.705240e-01   3.688670e-02   3.824477e-03   1.506146e-03   2.049034e-03   -8.995048e-04   1.523866e+01 
5.736523e-01   3.718832e-02   3.724352e-03   1.472379e-03   1.985843e-03   -8.754767e-04   1.532367e+01 
5.767563e-01   3.748869e-02   3.624069e-03   1.438293e-03   1.922999e-03   -8.513376e-04   1.540883e+01 
5.798301e-01   3.778760e-02   3.523892e-03   1.404049e-03   1.860277e-03   -8.269847e-04   1.549414e+01 
5.828706e-01   3.808459e-02   3.423416e-03   1.369812e-03   1.796381e-03   -8.025111e-04   1.557959e+01 
5.858702e-01   3.837900e-02   3.322756e-03   1.335664e-03   1.731620e-03   -7.781044e-04   1.566519e+01 
5.888268e-01   3.867108e-02   3.221520e-03   1.301782e-03   1.667538e-03   -7.535741e-04   1.575094e+01 
5.917428e-01   3.896055e-02   3.118914e-03   1.267948e-03   1.605160e-03   -7.292190e-04   1.583682e+01 
5.946215e-01   3.924821e-02   3.014829e-03   1.234272e-03   1.543945e-03   -7.046699e-04   1.592285e+01 
5.974635e-01   3.953391e-02   2.909252e-03   1.200807e-03   1.482733e-03   -6.801149e-04   1.600903e+01 
6.002657e-01   3.981729e-02   2.802000e-03   1.167640e-03   1.421289e-03   -6.555744e-04   1.609534e+01 
6.030309e-01   4.009985e-02   2.692068e-03   1.135046e-03   1.360240e-03   -6.307449e-04   1.618180e+01 
6.057532e-01   4.037947e-02   2.582284e-03   1.102492e-03   1.300635e-03   -6.061160e-04   1.626841e+01 
6.084174e-01   4.065429e-02   2.474066e-03   1.069880e-03   1.242405e-03   -5.818167e-04   1.635515e+01 
6.110171e-01   4.092413e-02   2.366246e-03   1.037523e-03   1.184979e-03   -5.577888e-04   1.644204e+01 
6.135513e-01   4.118882e-02   2.259239e-03   1.005355e-03   1.128797e-03   -5.341479e-04   1.652906e+01 
6.160181e-01   4.144818e-02   2.153735e-03   9.734208e-04   1.074208e-03   -5.110324e-04   1.661623e+01 
6.184193e-01   4.170244e-02   2.049637e-03   9.418250e-04   1.021185e-03   -4.884092e-04   1.670354e+01 
6.207591e-01   4.195247e-02   1.946164e-03   9.107241e-04   9.695416e-04   -4.659738e-04   1.679099e+01 
6.230332e-01   4.219793e-02   1.843501e-03   8.800649e-04   9.188738e-04   -4.436659e-04   1.687858e+01 
6.252328e-01   4.243744e-02   1.742241e-03   8.499294e-04   8.689914e-04   -4.219050e-04   1.696630e+01 
6.273497e-01   4.266981e-02   1.643269e-03   8.201111e-04   8.204972e-04   -4.008850e-04   1.705417e+01 
6.293866e-01   4.289566e-02   1.546885e-03   7.904554e-04   7.737810e-04   -3.803168e-04   1.714217e+01 
6.313507e-01   4.311619e-02   1.452779e-03   7.608555e-04   7.288722e-04   -3.599927e-04   1.723032e+01 
6.332381e-01   4.333051e-02   1.362006e-03   7.313053e-04   6.857254e-04   -3.400232e-04   1.731860e+01 
6.350431e-01   4.353858e-02   1.274335e-03   7.020491e-04   6.442207e-04   -3.203568e-04   1.740702e+01 
6.367600e-01   4.373997e-02   1.189384e-03   6.732654e-04   6.041729e-04   -3.010804e-04   1.749557e+01 
6.383875e-01   4.393429e-02   1.107484e-03   6.450384e-04   5.656294e-04   -2.823153e-04   1.758426e+01 
6.399315e-01   4.412239e-02   1.028243e-03   6.175543e-04   5.284866e-04   -2.639168e-04   1.767309e+01 
6.413905e-01   4.430366e-02   9.523635e-04   5.907275e-04   4.928478e-04   -2.460832e-04   1.776206e+01 
6.427601e-01   4.447718e-02   8.802603e-04   5.645617e-04   4.589847e-04   -2.290770e-04   1.785116e+01 
6.440412e-01   4.464277e-02   8.114436e-04   5.391085e-04   4.267371e-04   -2.130531e-04   1.794039e+01 
6.452403e-01   4.480115e-02   7.461043e-04   5.143862e-04   3.961672e-04   -1.978159e-04   1.802977e+01 
6.463642e-01   4.495344e-02   6.842813e-04   4.904771e-04   3.673270e-04   -1.830709e-04   1.811927e+01 
6.474124e-01   4.509959e-02   6.264021e-04   4.673954e-04   3.395241e-04   -1.687031e-04   1.820891e+01 
6.483837e-01   4.523915e-02   5.723141e-04   4.450581e-04   3.128394e-04   -1.548533e-04   1.829868e+01 
6.492785e-01   4.537174e-02   5.219807e-04   4.233051e-04   2.879734e-04   -1.417972e-04   1.838859e+01 
6.500988e-01   4.549759e-02   4.752674e-04   4.021673e-04   2.651061e-04   -1.295639e-04   1.847863e+01 
6.508461e-01   4.561679e-02   4.323430e-04   3.816499e-04   2.437628e-04   -1.180837e-04   1.856880e+01 
6.515230e-01   4.572962e-02   3.931404e-04   3.617922e-04   2.234855e-04   -1.073078e-04   1.865911e+01 
6.521323e-01   4.583661e-02   3.574595e-04   3.426617e-04   2.045299e-04   -9.716075e-05   1.874955e+01 
6.526738e-01   4.593748e-02   3.251801e-04   3.243116e-04   1.868853e-04   -8.775706e-05   1.884012e+01 
6.531522e-01   4.603258e-02   2.958206e-04   3.068460e-04   1.704076e-04   -7.910524e-05   1.893082e+01 
6.535740e-01   4.612236e-02   2.694140e-04   2.901763e-04   1.550551e-04   -7.118562e-05   1.902166e+01 
6.539442e-01   4.620725e-02   2.458562e-04   2.741853e-04   1.408437e-04   -6.393715e-05   1.911262e+01 
6.542683e-01   4.628793e-02   2.247528e-04   2.589380e-04   1.278720e-04   -5.723606e-05   1.920371e+01 
6.545491e-01   4.636473e-02   2.058111e-04   2.444679e-04   1.162303e-04   -5.101298e-05   1.929494e+01 
6.547889e-01   4.643788e-02   1.885471e-04   2.307629e-04   1.058090e-04   -4.528850e-05   1.938630e+01 
6.549898e-01   4.650767e-02   1.728713e-04   2.178211e-04   9.632133e-05   -3.998953e-05   1.947778e+01 
6.551533e-01   4.657416e-02   1.589936e-04   2.055311e-04   8.760386e-05   -3.507015e-05   1.956939e+01 
6.552814e-01   4.663733e-02   1.468111e-04   1.938150e-04   7.976759e-05   -3.062006e-05   1.966114e+01 
6.553772e-01   4.669739e-02   1.360932e-04   1.826897e-04   7.281849e-05   -2.668371e-05   1.975301e+01 
6.554444e-01   4.675481e-02   1.265759e-04   1.721922e-04   6.649890e-05   -2.319119e-05   1.984501e+01 
6.554867e-01   4.680997e-02   1.181076e-04   1.623162e-04   6.069425e-05   -2.009022e-05   1.993714e+01 
6.555070e-01   4.686306e-02   1.105906e-04   1.530634e-04   5.539304e-05   -1.738904e-05   2.002940e+01 
6.555070e-01   4.691426e-02   1.040570e-04   1.444315e-04   5.056249e-05   -1.503946e-05   2.012178e+01 
6.554889e-01   4.696381e-02   9.836333e-05   1.364013e-04   4.616764e-05   -1.297316e-05   2.021429e+01 
6.554556e-01   4.701194e-02   9.327084e-05   1.289335e-04   4.218674e-05   -1.117037e-05   2.030693e+01 
6.554088e-01   4.705883e-02   8.855988e-05   1.219900e-04   3.868693e-05   -9.624827e-06   2.039969e+01 
6.553502e-01   4.710466e-02   8.412636e-05   1.155409e-04   3.563813e-05   -8.303950e-06   2.049258e+01 
6.552818e-01   4.714958e-02   7.997645e-05   1.095461e-04   3.292867e-05   -7.195220e-06   2.058560e+01 
6.552056e-01   4.719385e-02   7.612700e-05   1.039716e-04   3.051444e-05   -6.237917e-06   2.067874e+01 
6.551231e-01   4.723766e-02   7.257459e-05   9.878576e-05   2.836892e-05   -5.380534e-06   2.077201e+01 
6.550344e-01   4.728098e-02   6.931929e-05   9.394824e-05   2.642492e-05   -4.638869e-06   2.086540e+01 
6.549399e-01   4.732384e-02   6.630615e-05   8.944296e-05   2.469087e-05   -4.010855e-06   2.095892e+01 
6.548407e-01   4.736634e-02   6.353994e-05   8.525513e-05   2.314514e-05   -3.477479e-06   2.105257e+01 
6.547373e-01   4.740855e-02   6.100552e-05   8.136773e-05   2.170488e-05   -3.033601e-06   2.114633e+01 
6.546303e-01   4.745052e-02   5.866471e-05   7.775290e-05   2.037019e-05   -2.660224e-06   2.124022e+01 
6.545200e-01   4.749224e-02   5.646859e-05   7.438240e-05   1.913938e-05   -2.362901e-06   2.133424e+01 
6.544068e-01   4.753380e-02   5.437054e-05   7.124455e-05   1.801847e-05   -2.124379e-06   2.142837e+01 
6.542913e-01   4.757527e-02   5.237265e-05   6.831946e-05   1.700589e-05   -1.924771e-06   2.152264e+01 
6.541739e-01   4.761669e-02   5.048723e-05   6.557657e-05   1.609821e-05   -1.758109e-06   2.161702e+01 
6.540553e-01   4.765813e-02   4.872826e-05   6.299782e-05   1.527151e-05   -1.601720e-06   2.171152e+01 
6.539358e-01   4.769964e-02   4.708690e-05   6.056751e-05   1.451075e-05   -1.447847e-06   2.180615e+01 
6.538153e-01   4.774118e-02   4.553426e-05   5.827503e-05   1.380188e-05   -1.305284e-06   2.190090e+01 
6.536934e-01   4.778274e-02   4.406124e-05   5.611758e-05   1.313833e-05   -1.177761e-06   2.199577e+01 
6.535703e-01   4.782428e-02   4.265002e-05   5.408869e-05   1.252047e-05   -1.078006e-06   2.209077e+01 
6.534461e-01   4.786585e-02   4.130549e-05   5.217974e-05   1.194942e-05   -1.000737e-06   2.218588e+01 
6.533212e-01   4.790748e-02   4.002743e-05   5.037841e-05   1.142610e-05   -9.347200e-07   2.228112e+01 
6.531956e-01   4.794918e-02   3.879721e-05   4.867102e-05   1.093858e-05   -8.801259e-07   2.237647e+01 
6.530693e-01   4.799096e-02   3.762017e-05   4.705074e-05   1.048207e-05   -8.292898e-07   2.247195e+01 
6.529423e-01   4.803281e-02   3.649711e-05   4.551190e-05   1.006047e-05   -7.785718e-07   2.256755e+01 
6.528147e-01   4.807474e-02   3.542248e-05   4.405180e-05   9.664460e-06   -7.292849e-07   2.266326e+01 
6.526863e-01   4.811675e-02   3.439881e-05   4.266474e-05   9.289392e-06   -6.801927e-07   2.275910e+01 
6.525572e-01   4.815881e-02   3.342278e-05   4.134353e-05   8.936585e-06   -6.337604e-07   2.285505e+01 
6.524274e-01   4.820095e-02   3.248892e-05   4.008485e-05   8.602429e-06   -5.899171e-07   2.295112e+01 
6.522968e-01   4.824316e-02   3.159699e-05   3.888597e-05   8.283011e-06   -5.458914e-07   2.304732e+01 
6.521655e-01   4.828542e-02   3.074759e-05   3.773892e-05   7.981603e-06   -5.034924e-07   2.314363e+01 
6.520333e-01   4.832774e-02   2.993788e-05   3.663865e-05   7.697485e-06   -4.633982e-07   2.324006e+01 
6.519003e-01   4.837012e-02   2.916146e-05   3.558437e-05   7.423886e-06   -4.247792e-07   2.333660e+01 
6.517664e-01   4.841256e-02   2.841683e-05   3.457465e-05   7.163969e-06   -3.883783e-07   2.343327e+01 
6.516316e-01   4.845504e-02   2.770172e-05   3.360645e-05   6.918430e-06   -3.538742e-07   2.353005e+01 
6.514960e-01   4.849759e-02   2.701104e-05   3.267652e-05   6.681916e-06   -3.210593e-07   2.362695e+01 
6.513595e-01   4.854019e-02   2.634377e-05   3.178277e-05   6.452008e-06   -2.908507e-07   2.372396e+01 
6.512222e-01   4.858286e-02   2.570356e-05   3.092299e-05   6.229604e-06   -2.629957e-07   2.382110e+01 
6.510840e-01   4.862558e-02   2.508898e-05   3.009455e-05   6.016567e-06   -2.366375e-07   2.391835e+01 
6.509450e-01   4.866836e-02   2.449554e-05   2.929542e-05   5.814048e-06   -2.110738e-07   2.401571e+01 
6.508052e-01   4.871120e-02   2.392099e-05   2.852370e-05   5.620396e-06   -1.861807e-07   2.411319e+01 
6.506647e-01   4.875410e-02   2.336506e-05   2.777868e-05   5.434677e-06   -1.616801e-07   2.421079e+01 
6.505233e-01   4.879706e-02   2.282763e-05   2.705985e-05   5.255988e-06   -1.381369e-07   2.430850e+01 
6.503811e-01   4.884008e-02   2.230560e-05   2.636630e-05   5.084453e-06   -1.164874e-07   2.440633e+01 
6.502381e-01   4.888315e-02   2.179867e-05   2.569673e-05   4.922281e-06   -9.599939e-08   2.450427e+01 
6.500943e-01   4.892629e-02   2.130836e-05   2.505020e-05   4.768490e-06   -7.572575e-08   2.460233e+01 
6.499498e-01   4.896950e-02   2.083384e-05   2.442570e-05   4.620920e-06   -5.551418e-08   2.470050e+01 
6.498045e-01   4.901277e-02   2.037345e-05   2.382211e-05   4.478944e-06   -3.554512e-08   2.479878e+01 
6.496585e-01   4.905610e-02   1.992676e-05   2.323830e-05   4.341900e-06   -1.635977e-08   2.489718e+01 
6.495118e-01   4.909950e-02   1.949403e-05   2.267331e-05   4.210102e-06   2.163177e-09   2.499570e+01 
6.493643e-01   4.914296e-02   1.907531e-05   2.212634e-05   4.084029e-06   2.021458e-08   2.509432e+01 
6.492162e-01   4.918650e-02   1.866922e-05   2.159672e-05   3.962342e-06   3.735820e-08   2.519306e+01 
6.490673e-01   4.923009e-02   1.827458e-05   2.108382e-05   3.844999e-06   5.368431e-08   2.529191e+01 
6.489178e-01   4.927375e-02   1.789143e-05   2.058691e-05   3.731973e-06   6.946063e-08   2.539088e+01 
6.487675e-01   4.931748e-02   1.751954e-05   2.010531e-05   3.622997e-06   8.475823e-08   2.548996e+01 
6.486166e-01   4.936128e-02   1.715851e-05   1.963836e-05   3.517857e-06   9.958022e-08   2.558915e+01 
6.484649e-01   4.940514e-02   1.680786e-05   1.918548e-05   3.416379e-06   1.139355e-07   2.568845e+01 
6.483126e-01   4.944907e-02   1.646725e-05   1.874611e-05   3.318402e-06   1.278585e-07   2.578787e+01 
6.481596e-01   4.949307e-02   1.613627e-05   1.831973e-05   3.223775e-06   1.413795e-07   2.588739e+01 
6.480059e-01   4.953714e-02   1.581462e-05   1.790586e-05   3.132358e-06   1.544919e-07   2.598703e+01 
6.478515e-01   4.958127e-02   1.550192e-05   1.750400e-05   3.044013e-06   1.672132e-07   2.608678e+01 
6.476965e-01   4.962546e-02   1.519786e-05   1.711372e-05   2.958616e-06   1.795733e-07   2.618663e+01 
6.475407e-01   4.966973e-02   1.490217e-05   1.673460e-05   2.876047e-06   1.915586e-07   2.628660e+01 
6.473843e-01   4.971406e-02   1.461447e-05   1.636622e-05   2.796190e-06   2.032018e-07   2.638668e+01 
6.472272e-01   4.975845e-02   1.433453e-05   1.600820e-05   2.718938e-06   2.144844e-07   2.648688e+01 
6.470694e-01   4.980291e-02   1.406205e-05   1.566016e-05   2.644188e-06   2.254266e-07   2.658718e+01 
6.469109e-01   4.984744e-02   1.379679e-05   1.532177e-05   2.571842e-06   2.360551e-07   2.668759e+01 
6.467518e-01   4.989204e-02   1.353851e-05   1.499267e-05   2.501805e-06   2.463521e-07   2.678811e+01 
6.465920e-01   4.993670e-02   1.328697e-05   1.467255e-05   2.433991e-06   2.563532e-07   2.688874e+01 
6.464315e-01   4.998143e-02   1.304201e-05   1.436110e-05   2.368314e-06   2.660707e-07   2.698947e+01 
6.462704e-01   5.002623e-02   1.280340e-05   1.405803e-05   2.304693e-06   2.755272e-07   2.709032e+01 
6.461086e-01   5.007109e-02   1.257102e-05   1.376307e-05   2.243051e-06   2.847462e-07   2.719128e+01 
6.459461e-01   5.011601e-02   1.234467e-05   1.347592e-05   2.183315e-06   2.937543e-07   2.729234e+01 
6.457829e-01   5.016100e-02   1.212423e-05   1.319635e-05   2.125415e-06   3.025708e-07   2.739351e+01 
6.456190e-01   5.020606e-02   1.190955e-05   1.292409e-05   2.069284e-06   3.112327e-07   2.749479e+01 
6.454544e-01   5.025117e-02   1.170049e-05   1.265892e-05   2.014859e-06   3.197513e-07   2.759618e+01 
6.452890e-01   5.029634e-02   1.149692e-05   1.240060e-05   1.962077e-06   3.281414e-07   2.769768e+01 
6.451228e-01   5.034157e-02   1.129865e-05   1.214892e-05   1.910882e-06   3.364285e-07   2.779928e+01 
6.449558e-01   5.038685e-02   1.110555e-05   1.190364e-05   1.861217e-06   3.445995e-07   2.790099e+01 
6.447880e-01   5.043219e-02   1.091744e-05   1.166459e-05   1.813029e-06   3.526547e-07   2.800281e+01 
6.446193e-01   5.047757e-02   1.073413e-05   1.143154e-05   1.766266e-06   3.605972e-07   2.810474e+01 
6.444497e-01   5.052300e-02   1.055541e-05   1.120431e-05   1.720879e-06   3.683939e-07   2.820677e+01 
6.442791e-01   5.056847e-02   1.038111e-05   1.098271e-05   1.676822e-06   3.760335e-07   2.830890e+01 
6.441077e-01   5.061399e-02   1.021097e-05   1.076657e-05   1.634048e-06   3.834752e-07   2.841115e+01 
6.439353e-01   5.065956e-02   1.004483e-05   1.055571e-05   1.592515e-06   3.906954e-07   2.851350e+01 
6.437620e-01   5.070517e-02   9.882458e-06   1.034997e-05   1.552180e-06   3.976537e-07   2.861595e+01 
6.435879e-01   5.075082e-02   9.723628e-06   1.014920e-05   1.513003e-06   4.043328e-07   2.871852e+01 
6.434129e-01   5.079653e-02   9.568189e-06   9.953227e-06   1.474944e-06   4.106810e-07   2.882118e+01 
6.432371e-01   5.084228e-02   9.415926e-06   9.761919e-06   1.437966e-06   4.166765e-07   2.892395e+01 
6.430605e-01   5.088810e-02   9.266704e-06   9.575141e-06   1.402034e-06   4.223201e-07   2.902683e+01 
6.428833e-01   5.093398e-02   9.120412e-06   9.392751e-06   1.367111e-06   4.275739e-07   2.912981e+01 
6.427055e-01   5.097992e-02   8.976936e-06   9.214635e-06   1.333165e-06   4.324675e-07   2.923290e+01 
6.425271e-01   5.102594e-02   8.836251e-06   9.040670e-06   1.300164e-06   4.370052e-07   2.933609e+01 
6.423483e-01   5.107203e-02   8.698321e-06   8.870744e-06   1.268076e-06   4.412272e-07   2.943938e+01 
6.421691e-01   5.111821e-02   8.563164e-06   8.704749e-06   1.236872e-06   4.451699e-07   2.954278e+01 
6.419894e-01   5.116447e-02   8.430822e-06   8.542580e-06   1.206523e-06   4.488998e-07   2.964628e+01 
6.418094e-01   5.121081e-02   8.301392e-06   8.384150e-06   1.177004e-06   4.524804e-07   2.974989e+01 
6.416291e-01   5.125725e-02   8.174901e-06   8.229349e-06   1.148286e-06   4.559746e-07   2.985360e+01 
6.414484e-01   5.130377e-02   8.051447e-06   8.078093e-06   1.120345e-06   4.594456e-07   2.995741e+01 
6.412673e-01   5.135037e-02   7.931073e-06   7.930288e-06   1.093159e-06   4.629594e-07   3.006132e+01 
6.410857e-01   5.139705e-02   7.813789e-06   7.785841e-06   1.066703e-06   4.665527e-07   3.016534e+01 
6.409036e-01   5.144381e-02   7.699601e-06   7.644662e-06   1.040956e-06   4.702618e-07   3.026946e+01 
6.407209e-01   5.149062e-02   7.588464e-06   7.506660e-06   1.015897e-06   4.741000e-07   3.037369e+01 
6.405374e-01   5.153750e-02   7.480268e-06   7.371745e-06   9.915056e-07   4.780530e-07   3.047801e+01 
6.403532e-01   5.158442e-02   7.374927e-06   7.239828e-06   9.677620e-07   4.821091e-07   3.058244e+01 
6.401681e-01   5.163139e-02   7.272273e-06   7.110820e-06   9.446473e-07   4.862411e-07   3.068697e+01 
6.399821e-01   5.167840e-02   7.172175e-06   6.984634e-06   9.221427e-07   4.904039e-07   3.079160e+01 
6.397951e-01   5.172545e-02   7.074471e-06   6.861192e-06   9.002307e-07   4.945610e-07   3.089633e+01 
6.396071e-01   5.177252e-02   6.979002e-06   6.740408e-06   8.788936e-07   4.986760e-07   3.100117e+01 
6.394180e-01   5.181963e-02   6.885656e-06   6.622209e-06   8.581145e-07   5.027140e-07   3.110610e+01 
6.392279e-01   5.186676e-02   6.794290e-06   6.506524e-06   8.378774e-07   5.066466e-07   3.121113e+01 
6.390367e-01   5.191392e-02   6.704841e-06   6.393283e-06   8.181658e-07   5.104547e-07   3.131627e+01 
6.388446e-01   5.196110e-02   6.617199e-06   6.282419e-06   7.989648e-07   5.141335e-07   3.142151e+01 
6.386513e-01   5.200832e-02   6.531325e-06   6.173871e-06   7.802589e-07   5.176665e-07   3.152685e+01 
6.384571e-01   5.205557e-02   6.447176e-06   6.067585e-06   7.620344e-07   5.210708e-07   3.163228e+01 
6.382619e-01   5.210284e-02   6.364702e-06   5.963498e-06   7.442771e-07   5.243408e-07   3.173782e+01 
6.380657e-01   5.215015e-02   6.283891e-06   5.861559e-06   7.269734e-07   5.274832e-07   3.184346e+01 
6.378685e-01   5.219749e-02   6.204695e-06   5.761712e-06   7.101101e-07   5.305106e-07   3.194920e+01 
6.376704e-01   5.224487e-02   6.127087e-06   5.663908e-06   6.936750e-07   5.334285e-07   3.205503e+01 
6.374713e-01   5.229227e-02   6.051067e-06   5.568091e-06   6.776556e-07   5.362392e-07   3.216097e+01 
6.372713e-01   5.233971e-02   5.976565e-06   5.474218e-06   6.620405e-07   5.389486e-07   3.226700e+01 
6.370703e-01   5.238719e-02   5.903578e-06   5.382243e-06   6.468182e-07   5.415684e-07   3.237314e+01 
6.368683e-01   5.243469e-02   5.832080e-06   5.292113e-06   6.319777e-07   5.440993e-07   3.247937e+01 
6.366655e-01   5.248224e-02   5.762020e-06   5.203788e-06   6.175082e-07   5.465388e-07   3.258570e+01 
6.364617e-01   5.252981e-02   5.693388e-06   5.117221e-06   6.033993e-07   5.488993e-07   3.269213e+01 
6.362569e-01   5.257742e-02   5.626136e-06   5.032369e-06   5.896414e-07   5.511746e-07   3.279866e+01 
6.360513e-01   5.262506e-02   5.560249e-06   4.949191e-06   5.762246e-07   5.533726e-07   3.290529e+01 
6.358447e-01   5.267274e-02   5.495699e-06   4.867651e-06   5.631396e-07   5.554939e-07   3.301201e+01 
6.356371e-01   5.272045e-02   5.432450e-06   4.787702e-06   5.503773e-07   5.575412e-07   3.311883e+01 
6.354286e-01   5.276819e-02   5.370475e-06   4.709311e-06   5.379290e-07   5.595119e-07   3.322575e+01 
6.352192e-01   5.281596e-02   5.309747e-06   4.632438e-06   5.257858e-07   5.614137e-07   3.333277e+01 
6.350089e-01   5.286377e-02   5.250249e-06   4.557049e-06   5.139400e-07   5.632435e-07   3.343988e+01 
6.347976e-01   5.291161e-02   5.191937e-06   4.483109e-06   5.023831e-07   5.650097e-07   3.354709e+01 
6.345854e-01   5.295948e-02   5.134807e-06   4.410583e-06   4.911079e-07   5.667025e-07   3.365440e+01 
6.343722e-01   5.300738e-02   5.078814e-06   4.339437e-06   4.801064e-07   5.683347e-07   3.376181e+01 
6.341582e-01   5.305532e-02   5.023947e-06   4.269641e-06   4.693715e-07   5.699065e-07   3.386931e+01 
6.339431e-01   5.310328e-02   4.970172e-06   4.201159e-06   4.588959e-07   5.714131e-07   3.397691e+01 
6.337272e-01   5.315128e-02   4.917483e-06   4.133966e-06   4.486731e-07   5.728629e-07   3.408460e+01 
6.335102e-01   5.319930e-02   4.865836e-06   4.068031e-06   4.386962e-07   5.742528e-07   3.419239e+01 
6.332924e-01   5.324736e-02   4.815222e-06   4.003322e-06   4.289587e-07   5.755834e-07   3.430028e+01 
6.330736e-01   5.329544e-02   4.765623e-06   3.939817e-06   4.194547e-07   5.768594e-07   3.440826e+01 
6.328539e-01   5.334356e-02   4.717012e-06   3.877486e-06   4.101774e-07   5.780777e-07   3.451634e+01 
6.326332e-01   5.339170e-02   4.669375e-06   3.816325e-06   4.011216e-07   5.792284e-07   3.462451e+01 
6.324115e-01   5.343987e-02   4.622720e-06   3.756403e-06   3.922813e-07   5.802692e-07   3.473278e+01 
6.321890e-01   5.348807e-02   4.577262e-06   3.698249e-06   3.836508e-07   5.808257e-07   3.484114e+01 
6.319654e-01   5.353630e-02   4.533466e-06   3.644950e-06   3.752248e-07   5.796163e-07   3.494960e+01 
6.317409e-01   5.358455e-02   4.499542e-06   3.599606e-06   3.669981e-07   5.694009e-07   3.505815e+01 
6.315155e-01   5.363282e-02   4.454770e-06   3.544185e-06   3.589654e-07   5.973728e-07   3.516680e+01 
6.312891e-01   5.368113e-02   4.402967e-06   3.477902e-06   3.511219e-07   5.861980e-07   3.527554e+01 
6.310618e-01   5.372945e-02   4.364493e-06   3.419345e-06   3.434627e-07   5.839458e-07   3.538438e+01 
6.308334e-01   5.377780e-02   4.325488e-06   3.365203e-06   3.359832e-07   5.861734e-07   3.549331e+01 
6.306042e-01   5.382618e-02   4.281627e-06   3.313197e-06   3.286788e-07   5.873873e-07   3.560233e+01 
6.303739e-01   5.387458e-02   4.242284e-06   3.262164e-06   3.215451e-07   5.881090e-07   3.571145e+01 
6.301427e-01   5.392300e-02   4.204002e-06   3.212034e-06   3.145777e-07   5.887430e-07   3.582066e+01 
6.299106e-01   5.397144e-02   4.166578e-06   3.162782e-06   3.077726e-07   5.893251e-07   3.592997e+01 
6.296774e-01   5.401990e-02   4.129927e-06   3.114391e-06   3.011256e-07   5.898600e-07   3.603937e+01 
6.294433e-01   5.406838e-02   4.094004e-06   3.066839e-06   2.946327e-07   5.903465e-07   3.614886e+01 
6.292083e-01   5.411688e-02   4.058812e-06   3.020111e-06   2.882903e-07   5.907961e-07   3.625844e+01 
6.289722e-01   5.416540e-02   4.024334e-06   2.974189e-06   2.820944e-07   5.911973e-07   3.636812e+01 
6.287352e-01   5.421394e-02   3.990549e-06   2.929055e-06   2.760414e-07   5.915571e-07   3.647789e+01 
6.284972e-01   5.426250e-02   3.957448e-06   2.884693e-06   2.701280e-07   5.918717e-07   3.658776e+01 
6.282582e-01   5.431108e-02   3.925021e-06   2.841087e-06   2.643504e-07   5.921489e-07   3.669771e+01 
6.280182e-01   5.435967e-02   3.893260e-06   2.798220e-06   2.587055e-07   5.923824e-07   3.680776e+01 
6.277773e-01   5.440829e-02   3.862141e-06   2.756078e-06   2.531899e-07   5.925721e-07   3.691790e+01 
6.275353e-01   5.445691e-02   3.831666e-06   2.714644e-06   2.478005e-07   5.927231e-07   3.702813e+01 
6.272924e-01   5.450556e-02   3.801822e-06   2.673906e-06   2.425343e-07   5.928335e-07   3.713846e+01 
6.270485e-01   5.455422e-02   3.772582e-06   2.633847e-06   2.373882e-07   5.928980e-07   3.724887e+01 
6.268036e-01   5.460289e-02   3.743961e-06   2.594455e-06   2.323593e-07   5.929271e-07   3.735938e+01 
6.265577e-01   5.465159e-02   3.715930e-06   2.555715e-06   2.274447e-07   5.929197e-07   3.746998e+01 
6.263108e-01   5.470029e-02   3.688485e-06   2.517615e-06   2.226417e-07   5.928656e-07   3.758067e+01 
6.260629e-01   5.474901e-02   3.661621e-06   2.480141e-06   2.179476e-07   5.927764e-07   3.769145e+01 
6.258140e-01   5.479774e-02   3.635321e-06   2.443280e-06   2.133597e-07   5.926494e-07   3.780233e+01 
6.255641e-01   5.484649e-02   3.609576e-06   2.407019e-06   2.088756e-07   5.924803e-07   3.791329e+01 
6.253132e-01   5.489524e-02   3.584377e-06   2.371349e-06   2.044927e-07   5.922784e-07   3.802434e+01 
6.250613e-01   5.494401e-02   3.559728e-06   2.336257e-06   2.002086e-07   5.920349e-07   3.813549e+01 
6.248083e-01   5.499279e-02   3.535596e-06   2.301728e-06   1.960210e-07   5.917565e-07   3.824672e+01 
6.245544e-01   5.504159e-02   3.511995e-06   2.267756e-06   1.919275e-07   5.914446e-07   3.835805e+01 
6.242995e-01   5.509039e-02   3.488901e-06   2.234326e-06   1.879259e-07   5.910954e-07   3.846946e+01 
6.240435e-01   5.513920e-02   3.466317e-06   2.201429e-06   1.840141e-07   5.907115e-07   3.858097e+01 
6.237865e-01   5.518802e-02   3.444232e-06   2.169053e-06   1.801899e-07   5.902911e-07   3.869256e+01 
6.235285e-01   5.523685e-02   3.422627e-06   2.137190e-06   1.764513e-07   5.898427e-07   3.880425e+01 
6.232695e-01   5.528568e-02   3.401514e-06   2.105827e-06   1.727963e-07   5.893573e-07   3.891602e+01 
6.230094e-01   5.533453e-02   3.380868e-06   2.074956e-06   1.692228e-07   5.888386e-07   3.902789e+01 
6.227483e-01   5.538337e-02   3.360693e-06   2.044566e-06   1.657290e-07   5.882889e-07   3.913984e+01 
6.224862e-01   5.543223e-02   3.340979e-06   2.014650e-06   1.623131e-07   5.877080e-07   3.925188e+01 
6.222230e-01   5.548109e-02   3.321713e-06   1.985197e-06   1.589731e-07   5.870934e-07   3.936401e+01 
6.219589e-01   5.552996e-02   3.302904e-06   1.956198e-06   1.557073e-07   5.864495e-07   3.947624e+01 
6.216936e-01   5.557883e-02   3.284525e-06   1.927645e-06   1.525141e-07   5.857726e-07   3.958854e+01 
6.214274e-01   5.562770e-02   3.266588e-06   1.899530e-06   1.493916e-07   5.850647e-07   3.970094e+01 
6.211601e-01   5.567658e-02   3.249082e-06   1.871844e-06   1.463384e-07   5.843236e-07   3.981343e+01 
6.208917e-01   5.572546e-02   3.231997e-06   1.844579e-06   1.433526e-07   5.835543e-07   3.992600e+01 
6.206223e-01   5.577434e-02   3.215330e-06   1.817727e-06   1.404329e-07   5.827490e-07   4.003866e+01 
6.203519e-01   5.582322e-02   3.199082e-06   1.791280e-06   1.375776e-07   5.819158e-07   4.015142e+01 
6.200804e-01   5.587210e-02   3.183236e-06   1.765231e-06   1.347853e-07   5.810473e-07   4.026425e+01 
6.198078e-01   5.592098e-02   3.167795e-06   1.739571e-06   1.320545e-07   5.801483e-07   4.037718e+01 
6.195342e-01   5.596986e-02   3.152751e-06   1.714294e-06   1.293839e-07   5.792157e-07   4.049019e+01 
6.192597e-01   5.601870e-02   3.138111e-06   1.689411e-06   1.267739e-07   5.782525e-07   4.060321e+01 
6.189844e-01   5.606750e-02   3.123871e-06   1.664914e-06   1.242232e-07   5.772611e-07   4.071622e+01 
6.187083e-01   5.611626e-02   3.110015e-06   1.640796e-06   1.217303e-07   5.762299e-07   4.082924e+01 
6.184313e-01   5.616498e-02   3.096557e-06   1.617049e-06   1.192938e-07   5.751766e-07   4.094225e+01 
6.181534e-01   5.621365e-02   3.083474e-06   1.593667e-06   1.169122e-07   5.740895e-07   4.105527e+01 
6.178747e-01   5.626229e-02   3.070765e-06   1.570642e-06   1.145844e-07   5.729708e-07   4.116828e+01 
6.175952e-01   5.631087e-02   3.058428e-06   1.547966e-06   1.123089e-07   5.718243e-07   4.128130e+01 
6.173148e-01   5.635942e-02   3.046453e-06   1.525636e-06   1.100846e-07   5.706491e-07   4.139431e+01 
6.170335e-01   5.640792e-02   3.034840e-06   1.503642e-06   1.079101e-07   5.694431e-07   4.150733e+01 
6.167514e-01   5.645637e-02   3.023581e-06   1.481981e-06   1.057843e-07   5.682134e-07   4.162034e+01 
6.164684e-01   5.650478e-02   3.012663e-06   1.460644e-06   1.037061e-07   5.669531e-07   4.173336e+01 
6.161846e-01   5.655314e-02   3.002098e-06   1.439628e-06   1.016742e-07   5.656704e-07   4.184637e+01 
6.158999e-01   5.660145e-02   2.991866e-06   1.418924e-06   9.968758e-08   5.643579e-07   4.195939e+01 
6.156144e-01   5.664972e-02   2.981971e-06   1.398529e-06   9.774516e-08   5.630240e-07   4.207240e+01 
6.153280e-01   5.669794e-02   2.972410e-06   1.378436e-06   9.584592e-08   5.616675e-07   4.218541e+01 
6.150408e-01   5.674611e-02   2.963174e-06   1.358639e-06   9.398877e-08   5.602842e-07   4.229843e+01 
6.147527e-01   5.679424e-02   2.954260e-06   1.339132e-06   9.217274e-08   5.588819e-07   4.241145e+01 
6.144637e-01   5.684231e-02   2.945656e-06   1.319910e-06   9.039690e-08   5.574525e-07   4.252446e+01 
6.141739e-01   5.689033e-02   2.937377e-06   1.300967e-06   8.866029e-08   5.560019e-07   4.263747e+01 
6.138832e-01   5.693831e-02   2.929393e-06   1.282297e-06   8.696195e-08   5.545272e-07   4.275049e+01 
6.135916e-01   5.698623e-02   2.921718e-06   1.263896e-06   8.530102e-08   5.530280e-07   4.286350e+01 
6.132992e-01   5.703410e-02   2.914345e-06   1.245758e-06   8.367666e-08   5.515060e-07   4.297652e+01 
6.130059e-01   5.708192e-02   2.907274e-06   1.227877e-06   8.208800e-08   5.499583e-07   4.308953e+01 
6.127118e-01   5.712969e-02   2.900501e-06   1.210249e-06   8.053418e-08   5.483875e-07   4.320255e+01 
6.124168e-01   5.717741e-02   2.894029e-06   1.192870e-06   7.901443e-08   5.467918e-07   4.331556e+01 
6.121209e-01   5.722507e-02   2.887852e-06   1.175734e-06   7.752802e-08   5.451727e-07   4.342858e+01 
6.118241e-01   5.727268e-02   2.881966e-06   1.158836e-06   7.607415e-08   5.435287e-07   4.354159e+01 
6.115265e-01   5.732024e-02   2.876367e-06   1.142173e-06   7.465201e-08   5.418630e-07   4.365461e+01 
6.112280e-01   5.736774e-02   2.871055e-06   1.125743e-06   7.326097e-08   5.401718e-07   4.376762e+01 
6.109286e-01   5.741519e-02   2.866020e-06   1.109537e-06   7.190035e-08   5.384587e-07   4.388064e+01 
6.106284e-01   5.746259e-02   2.861263e-06   1.093556e-06   7.056940e-08   5.367207e-07   4.399365e+01 
6.103273e-01   5.750993e-02   2.856780e-06   1.077795e-06   6.926740e-08   5.349621e-07   4.410667e+01 
6.100253e-01   5.755721e-02   2.852564e-06   1.062249e-06   6.799377e-08   5.331799e-07   4.421968e+01 
6.097224e-01   5.760444e-02   2.848618e-06   1.046916e-06   6.674794e-08   5.313750e-07   4.433270e+01 
6.094186e-01   5.765161e-02   2.844942e-06   1.031793e-06   6.552920e-08   5.295495e-07   4.444571e+01 
6.091140e-01   5.769872e-02   2.841521e-06   1.016876e-06   6.433682e-08   5.277008e-07   4.455873e+01 
6.088085e-01   5.774578e-02   2.838374e-06   1.002161e-06   6.317035e-08   5.258313e-07   4.467174e+01 
6.085021e-01   5.779277e-02   2.835477e-06   9.876469e-07   6.202930e-08   5.239399e-07   4.478475e+01 
6.081948e-01   5.783971e-02   2.832836e-06   9.733278e-07   6.091296e-08   5.220271e-07   4.489777e+01 
6.078867e-01   5.788658e-02   2.830452e-06   9.592023e-07   5.982065e-08   5.200923e-07   4.501078e+01 
6.075776e-01   5.793340e-02   2.828326e-06   9.452664e-07   5.875192e-08   5.181394e-07   4.512380e+01 
6.072677e-01   5.798015e-02   2.826446e-06   9.315163e-07   5.770644e-08   5.161618e-07   4.523681e+01 
6.069569e-01   5.802684e-02   2.824809e-06   9.179496e-07   5.668362e-08   5.141643e-07   4.534983e+01 
6.066452e-01   5.807347e-02   2.823427e-06   9.045621e-07   5.568267e-08   5.121483e-07   4.546284e+01 
6.063326e-01   5.812003e-02   2.822279e-06   8.913501e-07   5.470308e-08   5.101099e-07   4.557586e+01 
6.060192e-01   5.816653e-02   2.821381e-06   8.783116e-07   5.374470e-08   5.080516e-07   4.568887e+01 
6.057048e-01   5.821296e-02   2.820721e-06   8.654422e-07   5.280720e-08   5.059749e-07   4.580189e+01 
6.053895e-01   5.825933e-02   2.820298e-06   8.527380e-07   5.188980e-08   5.038753e-07   4.591490e+01 
6.050734e-01   5.830563e-02   2.820112e-06   8.401977e-07   5.099169e-08   5.017582e-07   4.602792e+01 
6.047564e-01   5.835186e-02   2.820175e-06   8.278167e-07   5.011266e-08   4.996222e-07   4.614093e+01 
6.044384e-01   5.839802e-02   2.820456e-06   8.155911e-07   4.925285e-08   4.974666e-07   4.625395e+01 
6.041196e-01   5.844412e-02   2.820990e-06   8.035197e-07   4.841195e-08   4.952944e-07   4.636696e+01 
6.037999e-01   5.849015e-02   2.821742e-06   7.915995e-07   4.758889e-08   4.931035e-07   4.647998e+01 
6.034793e-01   5.853610e-02   2.822725e-06   7.798280e-07   4.678271e-08   4.908937e-07   4.659299e+01 
6.031577e-01   5.858199e-02   2.823953e-06   7.682040e-07   4.599351e-08   4.886691e-07   4.670600e+01 
6.028353e-01   5.862780e-02   2.825399e-06   7.567614e-07   4.522209e-08   4.864083e-07   4.681902e+01 
6.025120e-01   5.867355e-02   2.827125e-06   7.454581e-07   4.446848e-08   4.840926e-07   4.693203e+01 
6.021878e-01   5.871922e-02   2.829037e-06   7.341873e-07   4.373085e-08   4.818962e-07   4.704505e+01 
6.018626e-01   5.876482e-02   2.831000e-06   7.231286e-07   4.300626e-08   4.795978e-07   4.715806e+01 
6.015365e-01   5.881034e-02   2.833252e-06   7.122068e-07   4.229362e-08   4.772899e-07   4.727108e+01 
6.012096e-01   5.885579e-02   2.835692e-06   7.014209e-07   4.159486e-08   4.749681e-07   4.738409e+01 
6.008817e-01   5.890117e-02   2.838342e-06   6.907704e-07   4.091228e-08   4.726328e-07   4.749711e+01 
6.005529e-01   5.894647e-02   2.841213e-06   6.802503e-07   4.024673e-08   4.702692e-07   4.761012e+01 
6.002232e-01   5.899169e-02   2.844367e-06   6.698561e-07   3.959864e-08   4.678828e-07   4.772314e+01 
5.998926e-01   5.903685e-02   2.847832e-06   6.595857e-07   3.896827e-08   4.654643e-07   4.783615e+01 
5.995611e-01   5.908193e-02   2.851703e-06   6.494311e-07   3.835396e-08   4.630073e-07   4.794917e+01 
5.992289e-01   5.912694e-02   2.855975e-06   6.393921e-07   3.775206e-08   4.605127e-07   4.806218e+01 
5.988957e-01   5.917188e-02   2.860565e-06   6.294706e-07   3.715950e-08   4.579998e-07   4.817520e+01 
5.985615e-01   5.921674e-02   2.865298e-06   6.196716e-07   3.657560e-08   4.554862e-07   4.828821e+01 
5.982264e-01   5.926150e-02   2.870006e-06   6.099960e-07   3.600157e-08   4.529741e-07   4.840123e+01 
5.978903e-01   5.930618e-02   2.874665e-06   6.004393e-07   3.543897e-08   4.504574e-07   4.851424e+01 
5.975533e-01   5.935078e-02   2.879377e-06   5.909990e-07   3.488865e-08   4.479247e-07   4.862726e+01 
5.972153e-01   5.939530e-02   2.884308e-06   5.816718e-07   3.435079e-08   4.453725e-07   4.874027e+01 
5.968764e-01   5.943974e-02   2.889535e-06   5.724565e-07   3.382507e-08   4.428025e-07   4.885328e+01 
5.965366e-01   5.948410e-02   2.895077e-06   5.633510e-07   3.331104e-08   4.402093e-07   4.896630e+01 
5.961959e-01   5.952838e-02   2.900905e-06   5.543559e-07   3.280826e-08   4.376016e-07   4.907932e+01 
5.958543e-01   5.957258e-02   2.906970e-06   5.454691e-07   3.231635e-08   4.349826e-07   4.919233e+01 
5.955118e-01   5.961669e-02   2.913232e-06   5.366892e-07   3.183498e-08   4.323470e-07   4.930534e+01 
5.951683e-01   5.966072e-02   2.919703e-06   5.280142e-07   3.136391e-08   4.297012e-07   4.941836e+01 
5.948239e-01   5.970467e-02   2.926381e-06   5.194407e-07   3.090289e-08   4.270400e-07   4.953137e+01 
5.944786e-01   5.974853e-02   2.933261e-06   5.109674e-07   3.045174e-08   4.243646e-07   4.964439e+01 
5.941323e-01   5.979230e-02   2.940345e-06   5.025920e-07   3.001023e-08   4.216741e-07   4.975740e+01 
5.937851e-01   5.983599e-02   2.947605e-06   4.943125e-07   2.957819e-08   4.189670e-07   4.987042e+01 
5.934370e-01   5.987959e-02   2.955050e-06   4.861270e-07   2.915543e-08   4.162444e-07   4.998343e+01 
5.930879e-01   5.992310e-02   2.962659e-06   4.780336e-07   2.874180e-08   4.135036e-07   5.009645e+01 
5.927379e-01   5.996652e-02   2.970446e-06   4.700325e-07   2.833710e-08   4.107426e-07   5.020946e+01 
5.923869e-01   6.000985e-02   2.978409e-06   4.621217e-07   2.794118e-08   4.079605e-07   5.032248e+01 
5.920349e-01   6.005309e-02   2.986547e-06   4.543039e-07   2.755385e-08   4.051543e-07   5.043549e+01 
5.916820e-01   6.009624e-02   2.994871e-06   4.465789e-07   2.717495e-08   4.023222e-07   5.054851e+01 
5.913282e-01   6.013930e-02   3.003385e-06   4.389469e-07   2.680432e-08   3.994650e-07   5.066152e+01 
5.909734e-01   6.018226e-02   3.012088e-06   4.314075e-07   2.644179e-08   3.965842e-07   5.077454e+01 
5.906177e-01   6.022514e-02   3.021018e-06   4.239593e-07   2.608721e-08   3.936838e-07   5.088755e+01 
5.902610e-01   6.026792e-02   3.030189e-06   4.166005e-07   2.574043e-08   3.907716e-07   5.100057e+01 
5.899034e-01   6.031060e-02   3.039634e-06   4.093278e-07   2.540129e-08   3.878560e-07   5.111358e+01 
5.895448e-01   6.035320e-02   3.049392e-06   4.021377e-07   2.506967e-08   3.849433e-07   5.122660e+01 
5.891853e-01   6.039570e-02   3.059485e-06   3.950288e-07   2.474539e-08   3.820409e-07   5.133961e+01 
5.888249e-01   6.043811e-02   3.069901e-06   3.879981e-07   2.442834e-08   3.791463e-07   5.145262e+01 
5.884635e-01   6.048043e-02   3.080634e-06   3.810431e-07   2.411834e-08   3.762575e-07   5.156564e+01 
5.881012e-01   6.052265e-02   3.091617e-06   3.741635e-07   2.381526e-08   3.733624e-07   5.167865e+01 
5.877378e-01   6.056476e-02   3.102757e-06   3.673576e-07   2.351892e-08   3.704432e-07   5.179167e+01 
5.873735e-01   6.060678e-02   3.114006e-06   3.606242e-07   2.322921e-08   3.674932e-07   5.190468e+01 
5.870082e-01   6.064870e-02   3.125315e-06   3.539638e-07   2.294597e-08   3.645015e-07   5.201770e+01 
5.866419e-01   6.069051e-02   3.136660e-06   3.473773e-07   2.266905e-08   3.614687e-07   5.213071e+01 
5.862746e-01   6.073221e-02   3.148114e-06   3.408666e-07   2.239832e-08   3.584065e-07   5.224373e+01 
5.859062e-01   6.077381e-02   3.159741e-06   3.344306e-07   2.213367e-08   3.553257e-07   5.235674e+01 
5.855369e-01   6.081531e-02   3.171590e-06   3.280708e-07   2.187497e-08   3.522366e-07   5.246976e+01 
5.851666e-01   6.085670e-02   3.183725e-06   3.217894e-07   2.162214e-08   3.491508e-07   5.258277e+01 
5.847953e-01   6.089799e-02   3.196141e-06   3.155836e-07   2.137508e-08   3.460642e-07   5.269579e+01 
5.844230e-01   6.093917e-02   3.208834e-06   3.094474e-07   2.113370e-08   3.429736e-07   5.280880e+01 
5.840497e-01   6.098023e-02   3.221781e-06   3.033827e-07   2.089791e-08   3.398757e-07   5.292182e+01 
5.836753e-01   6.102119e-02   3.234940e-06   2.973900e-07   2.066761e-08   3.367629e-07   5.303483e+01 
5.833000e-01   6.106204e-02   3.248285e-06   2.914636e-07   2.044269e-08   3.336313e-07   5.314785e+01 
5.829236e-01   6.110277e-02   3.261838e-06   2.856003e-07   2.022307e-08   3.304780e-07   5.326086e+01 
5.825461e-01   6.114338e-02   3.275614e-06   2.798000e-07   2.000863e-08   3.273087e-07   5.337387e+01 
5.821677e-01   6.118388e-02   3.289582e-06   2.740671e-07   1.979927e-08   3.241204e-07   5.348689e+01 
5.817882e-01   6.122427e-02   3.303731e-06   2.683996e-07   1.959488e-08   3.209148e-07   5.359990e+01 
5.814077e-01   6.126455e-02   3.318097e-06   2.627968e-07   1.939537e-08   3.176985e-07   5.371292e+01 
5.810262e-01   6.130471e-02   3.332702e-06   2.572472e-07   1.920063e-08   3.144692e-07   5.382593e+01 
5.806437e-01   6.134475e-02   3.347493e-06   2.517489e-07   1.901057e-08   3.112220e-07   5.393895e+01 
5.802602e-01   6.138468e-02   3.362519e-06   2.463151e-07   1.882510e-08   3.079653e-07   5.405196e+01 
5.798757e-01   6.142450e-02   3.377808e-06   2.409792e-07   1.864414e-08   3.046877e-07   5.416498e+01 
5.794903e-01   6.146422e-02   3.393234e-06   2.357358e-07   1.846759e-08   3.013473e-07   5.427799e+01 
5.791039e-01   6.150383e-02   3.408818e-06   2.305625e-07   1.829537e-08   2.979871e-07   5.439101e+01 
5.787166e-01   6.154332e-02   3.424688e-06   2.253993e-07   1.812741e-08   2.946716e-07   5.450402e+01 
5.783283e-01   6.158271e-02   3.440894e-06   2.202092e-07   1.796362e-08   2.913814e-07   5.461704e+01 
5.779390e-01   6.162197e-02   3.457113e-06   2.150496e-07   1.780390e-08   2.880344e-07   5.473005e+01 
5.775486e-01   6.166111e-02   3.473380e-06   2.099933e-07   1.764818e-08   2.846194e-07   5.484307e+01 
5.771573e-01   6.170014e-02   3.489931e-06   2.050912e-07   1.749638e-08   2.812114e-07   5.495608e+01 
5.767651e-01   6.173908e-02   3.506824e-06   2.003228e-07   1.734843e-08   2.778436e-07   5.506910e+01 
5.763720e-01   6.177791e-02   3.524106e-06   1.956053e-07   1.720427e-08   2.744951e-07   5.518211e+01 
5.759780e-01   6.181664e-02   3.541822e-06   1.908812e-07   1.706384e-08   2.711720e-07   5.529513e+01 
5.755830e-01   6.185524e-02   3.559738e-06   1.861376e-07   1.692708e-08   2.678443e-07   5.540814e+01 
5.751867e-01   6.189371e-02   3.577527e-06   1.813765e-07   1.679390e-08   2.644194e-07   5.552116e+01 
5.747895e-01   6.193204e-02   3.595247e-06   1.766686e-07   1.666424e-08   2.609067e-07   5.563417e+01 
5.743913e-01   6.197027e-02   3.613322e-06   1.720868e-07   1.653805e-08   2.574260e-07   5.574719e+01 
5.739923e-01   6.200839e-02   3.631917e-06   1.676132e-07   1.641527e-08   2.540140e-07   5.586020e+01 
5.735922e-01   6.204639e-02   3.650848e-06   1.631903e-07   1.629586e-08   2.506037e-07   5.597321e+01 
5.731911e-01   6.208426e-02   3.669867e-06   1.588104e-07   1.617976e-08   2.471440e-07   5.608623e+01 
5.727889e-01   6.212201e-02   3.688940e-06   1.544943e-07   1.606692e-08   2.436459e-07   5.619924e+01 
5.723858e-01   6.215963e-02   3.708256e-06   1.502321e-07   1.595727e-08   2.401367e-07   5.631226e+01 
5.719815e-01   6.219713e-02   3.727864e-06   1.460169e-07   1.585077e-08   2.366187e-07   5.642527e+01 
5.715764e-01   6.223452e-02   3.747773e-06   1.418658e-07   1.574734e-08   2.330961e-07   5.653829e+01 
5.711701e-01   6.227177e-02   3.767943e-06   1.377784e-07   1.564695e-08   2.295562e-07   5.665130e+01 
5.707630e-01   6.230890e-02   3.788353e-06   1.337423e-07   1.554953e-08   2.259934e-07   5.676432e+01 
5.703547e-01   6.234589e-02   3.809017e-06   1.297564e-07   1.545503e-08   2.224092e-07   5.687733e+01 
5.699456e-01   6.238275e-02   3.829946e-06   1.258262e-07   1.536340e-08   2.188078e-07   5.699035e+01 
5.695352e-01   6.241949e-02   3.851144e-06   1.219502e-07   1.527459e-08   2.151875e-07   5.710336e+01 
5.691241e-01   6.245609e-02   3.872608e-06   1.181257e-07   1.518855e-08   2.115454e-07   5.721638e+01 
5.687116e-01   6.249255e-02   3.894333e-06   1.143514e-07   1.510524e-08   2.078803e-07   5.732939e+01 
5.682985e-01   6.252888e-02   3.916325e-06   1.106257e-07   1.502460e-08   2.041929e-07   5.744241e+01 
5.678839e-01   6.256508e-02   3.938594e-06   1.069493e-07   1.494662e-08   2.004839e-07   5.755542e+01 
5.674688e-01   6.260115e-02   3.961124e-06   1.033227e-07   1.487123e-08   1.967544e-07   5.766844e+01 
5.670522e-01   6.263708e-02   3.983942e-06   9.974645e-08   1.479843e-08   1.930041e-07   5.778145e+01 
5.666350e-01   6.267288e-02   4.007013e-06   9.622277e-08   1.472816e-08   1.892303e-07   5.789446e+01 
5.662162e-01   6.270855e-02   4.030379e-06   9.275344e-08   1.466042e-08   1.854361e-07   5.800748e+01 
5.657971e-01   6.274409e-02   4.054012e-06   8.933947e-08   1.459516e-08   1.816183e-07   5.812049e+01 
5.653761e-01   6.277950e-02   4.077925e-06   8.598242e-08   1.453240e-08   1.777775e-07   5.823351e+01 
5.649550e-01   6.281478e-02   4.102108e-06   8.268363e-08   1.447209e-08   1.739165e-07   5.834652e+01 
5.645319e-01   6.284992e-02   4.126579e-06   7.944340e-08   1.441425e-08   1.700335e-07   5.845954e+01 
5.641087e-01   6.288493e-02   4.151320e-06   7.626108e-08   1.435883e-08   1.661299e-07   5.857255e+01 
5.636834e-01   6.291981e-02   4.176359e-06   7.313691e-08   1.430586e-08   1.622120e-07   5.868557e+01 
5.632583e-01   6.295454e-02   4.201645e-06   7.006900e-08   1.425528e-08   1.582775e-07   5.879858e+01 
5.628308e-01   6.298914e-02   4.227227e-06   6.705659e-08   1.420710e-08   1.543320e-07   5.891160e+01 
5.624037e-01   6.302360e-02   4.253078e-06   6.409951e-08   1.416128e-08   1.503777e-07   5.902461e+01 
5.619739e-01   6.305792e-02   4.279197e-06   6.119681e-08   1.411781e-08   1.464153e-07   5.913763e+01 
5.615448e-01   6.309209e-02   4.305577e-06   5.834975e-08   1.407662e-08   1.424467e-07   5.925064e+01 
5.611128e-01   6.312614e-02   4.332274e-06   5.555911e-08   1.403772e-08   1.384782e-07   5.936366e+01 
5.606818e-01   6.316002e-02   4.359178e-06   5.282526e-08   1.400103e-08   1.344967e-07   5.947667e+01 
5.602474e-01   6.319379e-02   4.386415e-06   5.014848e-08   1.396652e-08   1.305205e-07   5.958969e+01 
5.598146e-01   6.322739e-02   4.413903e-06   4.752956e-08   1.393417e-08   1.265311e-07   5.970270e+01 
5.593778e-01   6.326087e-02   4.441691e-06   4.496806e-08   1.390391e-08   1.225431e-07   5.981571e+01 
5.589431e-01   6.329418e-02   4.469737e-06   4.246522e-08   1.387576e-08   1.185351e-07   5.992873e+01 
5.585039e-01   6.332737e-02   4.498161e-06   4.002106e-08   1.384960e-08   1.145302e-07   6.004174e+01 
5.580674e-01   6.336039e-02   4.526799e-06   3.763714e-08   1.382557e-08   1.104941e-07   6.015476e+01 
5.576257e-01   6.339330e-02   4.555816e-06   3.531317e-08   1.380345e-08   1.064507e-07   6.026777e+01 
5.571875e-01   6.342603e-02   4.585099e-06   3.305091e-08   1.378352e-08   1.023813e-07   6.038079e+01 
5.567432e-01   6.345864e-02   4.614847e-06   3.084986e-08   1.376543e-08   9.830362e-08   6.049380e+01 
5.563033e-01   6.349107e-02   4.644706e-06   2.871016e-08   1.374964e-08   9.419392e-08   6.060682e+01 
5.558563e-01   6.352340e-02   4.675075e-06   2.663296e-08   1.373560e-08   9.007472e-08   6.071983e+01 
5.554150e-01   6.355553e-02   4.705696e-06   2.462060e-08   1.372403e-08   8.594238e-08   6.083285e+01 
5.549652e-01   6.358756e-02   4.736814e-06   2.267271e-08   1.371404e-08   8.180165e-08   6.094586e+01 
5.545224e-01   6.361939e-02   4.767944e-06   2.078985e-08   1.370670e-08   7.762599e-08   6.105888e+01 
5.540696e-01   6.365110e-02   4.799565e-06   1.897174e-08   1.370068e-08   7.344681e-08   6.117189e+01 
5.536256e-01   6.368263e-02   4.831353e-06   1.722142e-08   1.369770e-08   6.925082e-08   6.128491e+01 
5.531697e-01   6.371404e-02   4.863870e-06   1.553915e-08   1.369556e-08   6.506402e-08   6.139792e+01 
5.527247e-01   6.374524e-02   4.896412e-06   1.392911e-08   1.369683e-08   6.086038e-08   6.151094e+01 
5.522655e-01   6.377633e-02   4.929670e-06   1.238857e-08   1.369853e-08   5.664604e-08   6.162395e+01 
5.518197e-01   6.380719e-02   4.962810e-06   1.092229e-08   1.370405e-08   5.241164e-08   6.173697e+01 
5.513570e-01   6.383793e-02   4.996827e-06   9.526617e-09   1.370951e-08   4.817374e-08   6.184998e+01 
5.509109e-01   6.386841e-02   5.030676e-06   8.208939e-09   1.371920e-08   4.390615e-08   6.196300e+01 
5.504445e-01   6.389876e-02   5.065530e-06   6.961845e-09   1.372846e-08   3.965162e-08   6.207601e+01 
5.499985e-01   6.392879e-02   5.100142e-06   5.798370e-09   1.374215e-08   3.534086e-08   6.218903e+01 
5.495285e-01   6.395866e-02   5.135865e-06   4.703681e-09   1.375541e-08   3.107380e-08   6.230204e+01 
5.490833e-01   6.398816e-02   5.171266e-06   3.704672e-09   1.377274e-08   2.671211e-08   6.241505e+01 
5.486102e-01   6.401729e-02   5.207995e-06   2.769724e-09   1.379044e-08   2.241323e-08   6.252807e+01 
5.481655e-01   6.404571e-02   5.244210e-06   1.951387e-09   1.381078e-08   1.801389e-08   6.264108e+01 
5.476963e-01   6.407260e-02   5.282066e-06   1.212406e-09   1.383363e-08   1.362383e-08   6.275410e+01 
5.472368e-01   6.409538e-02   5.319629e-06   6.115429e-10   1.385635e-08   9.191153e-09   6.286711e+01 
5.468388e-01   6.410784e-02   5.357526e-06   1.849208e-10   1.388339e-08   4.597764e-09   6.298013e+01 
5.462757e-01   6.408496e-02   5.395849e-06   2.428613e-17   1.391329e-08   1.040834e-16   6.309314e+01 
