% The data presented here were obtained from a direct numerical simulation of a turbulent 
% boundary layer developing under a pressure gradient. All the data shown here are 
% not normalized. Please refer to the references below for rmore detailed information.
 
 
% We compute the boundary layer thickness using the method of Griffin et al. (2021). 
% The pressure-gradient parameters of beta_{ZS} and beta_i are computed as follows. 
% beta_{ZS}=(delta)/(rho U_{ZS}^2)(dp_e/dx) and beta_i = (nu/rho u_tau^3)(d p_w/dx) 
% where $delta$ is the boundary layer thickness, $U_{ZS}$ is the Zagorola-Smits velocity, 
% $p_e$ and $p_w$ are the pressure at the edge of boundary layer and wall, respectively. 
 
 
% Please check this report for rmore detailed information about the data: 
% Gungor, T. R., Gungor, A. G.., Maciel, Y. (2024). Datasets of  
% three non-equilibrium pressure gradient turbulent boundary layers.  
 
 
% Please cite this paper when referencing the data: 
% Gungor, T. R., Maciel, Y., & Gungor, A. G. (2022). 
% Energy transfer mechanisms in adverse pressure gradient turbulent boundary layers: 
% production and inter-component redistribution. Journal of Fluid Mechanics, 948, A5  
 
  
% ========================================================================================= 
% 	 	 	************ Position 1 of DNS22 ************ 
% ========================================================================================= 

% 	 Re_tau = 6.422769e+02 
% 	 Re_theta=2.066160e+03 
% 	 utau=3.650874e-02 
% 	 U_e=9.255095e-01 
% 	 theta=6.378446e-01 
% 	 delta_star=9.568628e-01 
% 	 delta=5.026404e+00 
%  	 x_pos=4.473838e+01 
% 	 H=1.500150e+00 
% 	 C_f=3.056650e-03 
% 	 nu=2.857143e-04 
% 	 beta_RC=1.528576e+00 
% 	 beta_i=1.347097e-02 
% 	 beta_ZS=3.725301e-01 
 
% ========================================================================================================== 
% 	 U   	   V   	   u2   	   v2   	   w2   	   uv   	   y        
% ========================================================================================================= 
1.068336e-02   1.553028e-07   2.669574e-05   3.027062e-09   1.444232e-05   -6.129614e-08   2.287286e-03 
2.456508e-02   8.175691e-07   1.393355e-04   7.564171e-08   7.035532e-05   -7.619703e-07   5.249328e-03 
4.164944e-02   2.337549e-06   3.940379e-04   5.447785e-07   1.802830e-04   -3.805313e-06   8.878786e-03 
6.190406e-02   5.134922e-06   8.532763e-04   2.241362e-06   3.462110e-04   -1.264894e-05   1.316846e-02 
8.519623e-02   9.685756e-06   1.574298e-03   6.639807e-06   5.616667e-04   -3.267959e-05   1.811128e-02 
1.112298e-01   1.649808e-05   2.584683e-03   1.577817e-05   8.128024e-04   -7.029779e-05   2.370030e-02 
1.394836e-01   2.607224e-05   3.855614e-03   3.196862e-05   1.083723e-03   -1.307324e-04   2.992870e-02 
1.692156e-01   3.884989e-05   5.293874e-03   5.742410e-05   1.360168e-03   -2.157186e-04   3.678981e-02 
1.995390e-01   5.516771e-05   6.764321e-03   9.394638e-05   1.632163e-03   -3.224511e-04   4.427706e-02 
2.295503e-01   7.523655e-05   8.130631e-03   1.427446e-04   1.894011e-03   -4.443966e-04   5.238400e-02 
2.584594e-01   9.914786e-05   9.290891e-03   2.043694e-04   2.142962e-03   -5.733033e-04   6.110430e-02 
2.856773e-01   1.268957e-04   1.019307e-02   2.787164e-04   2.377487e-03   -7.013394e-04   7.043171e-02 
3.108451e-01   1.584157e-04   1.083052e-02   3.650621e-04   2.596188e-03   -8.225189e-04   8.036013e-02 
3.338126e-01   1.936305e-04   1.122705e-02   4.621194e-04   2.797564e-03   -9.331731e-04   9.088354e-02 
3.545893e-01   2.324507e-04   1.142142e-02   5.681299e-04   2.980341e-03   -1.031704e-03   1.019960e-01 
3.732903e-01   2.747486e-04   1.145606e-02   6.810015e-04   3.143821e-03   -1.118031e-03   1.136918e-01 
3.900891e-01   3.203684e-04   1.137076e-02   7.984752e-04   3.288018e-03   -1.192986e-03   1.259652e-01 
4.051836e-01   3.691334e-04   1.119985e-02   9.183004e-04   3.413638e-03   -1.257818e-03   1.388106e-01 
4.187739e-01   4.208598e-04   1.097147e-02   1.038373e-03   3.521942e-03   -1.313897e-03   1.522225e-01 
4.310502e-01   4.754261e-04   1.070780e-02   1.156828e-03   3.614441e-03   -1.362555e-03   1.661954e-01 
4.421868e-01   5.328046e-04   1.042592e-02   1.272096e-03   3.692573e-03   -1.404945e-03   1.807240e-01 
4.523385e-01   5.929987e-04   1.013856e-02   1.382923e-03   3.757632e-03   -1.442042e-03   1.958032e-01 
4.616405e-01   6.559906e-04   9.854847e-03   1.488375e-03   3.810892e-03   -1.474699e-03   2.114276e-01 
4.702095e-01   7.217137e-04   9.581032e-03   1.587799e-03   3.853787e-03   -1.503636e-03   2.275923e-01 
4.781472e-01   7.900891e-04   9.321009e-03   1.680782e-03   3.887855e-03   -1.529454e-03   2.442923e-01 
4.855416e-01   8.611337e-04   9.076890e-03   1.767132e-03   3.914260e-03   -1.552646e-03   2.615227e-01 
4.924694e-01   9.349586e-04   8.849725e-03   1.846860e-03   3.933845e-03   -1.573522e-03   2.792786e-01 
4.989968e-01   1.011663e-03   8.639924e-03   1.920098e-03   3.947494e-03   -1.592296e-03   2.975553e-01 
5.051813e-01   1.091241e-03   8.447567e-03   1.987024e-03   3.956095e-03   -1.609197e-03   3.163481e-01 
5.110718e-01   1.173675e-03   8.272414e-03   2.047844e-03   3.960557e-03   -1.624499e-03   3.356524e-01 
5.167095e-01   1.258938e-03   8.114016e-03   2.102851e-03   3.961528e-03   -1.638449e-03   3.554638e-01 
5.221290e-01   1.347033e-03   7.970994e-03   2.152401e-03   3.959344e-03   -1.651186e-03   3.757776e-01 
5.273604e-01   1.437980e-03   7.841731e-03   2.196852e-03   3.954273e-03   -1.662764e-03   3.965896e-01 
5.324306e-01   1.531902e-03   7.724561e-03   2.236588e-03   3.946694e-03   -1.673180e-03   4.178954e-01 
5.373626e-01   1.628876e-03   7.618320e-03   2.272004e-03   3.937044e-03   -1.682516e-03   4.396908e-01 
5.421755e-01   1.728846e-03   7.522524e-03   2.303493e-03   3.925857e-03   -1.690920e-03   4.619715e-01 
5.468850e-01   1.831683e-03   7.435980e-03   2.331343e-03   3.913540e-03   -1.698457e-03   4.847335e-01 
5.515053e-01   1.937269e-03   7.357378e-03   2.355830e-03   3.900407e-03   -1.705109e-03   5.079727e-01 
5.560480e-01   2.045514e-03   7.286093e-03   2.377200e-03   3.886895e-03   -1.710910e-03   5.316850e-01 
5.605227e-01   2.156370e-03   7.221498e-03   2.395674e-03   3.873064e-03   -1.715954e-03   5.558666e-01 
5.649385e-01   2.269901e-03   7.162638e-03   2.411550e-03   3.858438e-03   -1.720299e-03   5.805136e-01 
5.693044e-01   2.386028e-03   7.108834e-03   2.425110e-03   3.842993e-03   -1.723968e-03   6.056221e-01 
5.736275e-01   2.504630e-03   7.059191e-03   2.436594e-03   3.827369e-03   -1.726989e-03   6.311883e-01 
5.779125e-01   2.625687e-03   7.012469e-03   2.446275e-03   3.811698e-03   -1.729360e-03   6.572085e-01 
5.821644e-01   2.749398e-03   6.967702e-03   2.454428e-03   3.795694e-03   -1.731045e-03   6.836791e-01 
5.863884e-01   2.875791e-03   6.924296e-03   2.461232e-03   3.779440e-03   -1.732114e-03   7.105965e-01 
5.905878e-01   3.004848e-03   6.881931e-03   2.466781e-03   3.763387e-03   -1.732638e-03   7.379571e-01 
5.947635e-01   3.136519e-03   6.840306e-03   2.471050e-03   3.747957e-03   -1.732643e-03   7.657573e-01 
5.989167e-01   3.270577e-03   6.799371e-03   2.473974e-03   3.733069e-03   -1.732107e-03   7.939938e-01 
6.030511e-01   3.407025e-03   6.758997e-03   2.475561e-03   3.718356e-03   -1.730959e-03   8.226631e-01 
6.071710e-01   3.545939e-03   6.719078e-03   2.475882e-03   3.703713e-03   -1.729217e-03   8.517619e-01 
6.112792e-01   3.687457e-03   6.679882e-03   2.475020e-03   3.688927e-03   -1.726861e-03   8.812869e-01 
6.153759e-01   3.831525e-03   6.641137e-03   2.473005e-03   3.674025e-03   -1.723935e-03   9.112347e-01 
6.194612e-01   3.977982e-03   6.602150e-03   2.469889e-03   3.658936e-03   -1.720485e-03   9.416021e-01 
6.235370e-01   4.126827e-03   6.562712e-03   2.465761e-03   3.643555e-03   -1.716523e-03   9.723861e-01 
6.276051e-01   4.278131e-03   6.522785e-03   2.460660e-03   3.628108e-03   -1.712040e-03   1.003583e+00 
6.316667e-01   4.431798e-03   6.482140e-03   2.454691e-03   3.612446e-03   -1.707054e-03   1.035191e+00 
6.357246e-01   4.587786e-03   6.440529e-03   2.447996e-03   3.596288e-03   -1.701578e-03   1.067206e+00 
6.397826e-01   4.746351e-03   6.398116e-03   2.440616e-03   3.579869e-03   -1.695489e-03   1.099625e+00 
6.438402e-01   4.907414e-03   6.355298e-03   2.432524e-03   3.563502e-03   -1.688782e-03   1.132445e+00 
6.478951e-01   5.070785e-03   6.311948e-03   2.423703e-03   3.547105e-03   -1.681567e-03   1.165663e+00 
6.519454e-01   5.236318e-03   6.268004e-03   2.414181e-03   3.530338e-03   -1.673943e-03   1.199277e+00 
6.559919e-01   5.403995e-03   6.223078e-03   2.403953e-03   3.512851e-03   -1.665927e-03   1.233283e+00 
6.600371e-01   5.573790e-03   6.177359e-03   2.393034e-03   3.494381e-03   -1.657441e-03   1.267679e+00 
6.640808e-01   5.745453e-03   6.131154e-03   2.381445e-03   3.474967e-03   -1.648506e-03   1.302462e+00 
6.681222e-01   5.919011e-03   6.084134e-03   2.369298e-03   3.454601e-03   -1.639166e-03   1.337629e+00 
6.721611e-01   6.094543e-03   6.036021e-03   2.356589e-03   3.433108e-03   -1.629383e-03   1.373178e+00 
6.761960e-01   6.272060e-03   5.986624e-03   2.343201e-03   3.410825e-03   -1.619128e-03   1.409105e+00 
6.802260e-01   6.451607e-03   5.935304e-03   2.329159e-03   3.388898e-03   -1.608370e-03   1.445409e+00 
6.842541e-01   6.633457e-03   5.881686e-03   2.314564e-03   3.367663e-03   -1.596979e-03   1.482086e+00 
6.882824e-01   6.817575e-03   5.826043e-03   2.299419e-03   3.346521e-03   -1.584940e-03   1.519134e+00 
6.923092e-01   7.003801e-03   5.768594e-03   2.283698e-03   3.324733e-03   -1.572350e-03   1.556551e+00 
6.963338e-01   7.192004e-03   5.709695e-03   2.267314e-03   3.302063e-03   -1.559335e-03   1.594334e+00 
7.003557e-01   7.381815e-03   5.649743e-03   2.250180e-03   3.278602e-03   -1.546050e-03   1.632480e+00 
7.043728e-01   7.572928e-03   5.589192e-03   2.232333e-03   3.254112e-03   -1.532574e-03   1.670987e+00 
7.083859e-01   7.765654e-03   5.528430e-03   2.213851e-03   3.228393e-03   -1.518748e-03   1.709852e+00 
7.123965e-01   7.960273e-03   5.467535e-03   2.194772e-03   3.201747e-03   -1.504372e-03   1.749074e+00 
7.164048e-01   8.156781e-03   5.406542e-03   2.175082e-03   3.174351e-03   -1.489443e-03   1.788650e+00 
7.204086e-01   8.355005e-03   5.345197e-03   2.154839e-03   3.145688e-03   -1.474160e-03   1.828577e+00 
7.244056e-01   8.554791e-03   5.282845e-03   2.134106e-03   3.115466e-03   -1.458623e-03   1.868854e+00 
7.283932e-01   8.755925e-03   5.219351e-03   2.112798e-03   3.083970e-03   -1.442739e-03   1.909477e+00 
7.323715e-01   8.958562e-03   5.154539e-03   2.090899e-03   3.051662e-03   -1.426426e-03   1.950446e+00 
7.363439e-01   9.162959e-03   5.088386e-03   2.068449e-03   3.018815e-03   -1.409572e-03   1.991756e+00 
7.403112e-01   9.368938e-03   5.020801e-03   2.045509e-03   2.985475e-03   -1.392239e-03   2.033407e+00 
7.442720e-01   9.576393e-03   4.951905e-03   2.022064e-03   2.951735e-03   -1.374521e-03   2.075396e+00 
7.482246e-01   9.785457e-03   4.881942e-03   1.998074e-03   2.917402e-03   -1.356374e-03   2.117722e+00 
7.521667e-01   9.996051e-03   4.811530e-03   1.973462e-03   2.882167e-03   -1.337793e-03   2.160380e+00 
7.560984e-01   1.020800e-02   4.740865e-03   1.948236e-03   2.845701e-03   -1.318893e-03   2.203371e+00 
7.600213e-01   1.042107e-02   4.669991e-03   1.922443e-03   2.807738e-03   -1.299880e-03   2.246692e+00 
7.639345e-01   1.063502e-02   4.599117e-03   1.896133e-03   2.768391e-03   -1.280789e-03   2.290340e+00 
7.678372e-01   1.084997e-02   4.527784e-03   1.869316e-03   2.728245e-03   -1.261531e-03   2.334314e+00 
7.717285e-01   1.106619e-02   4.455251e-03   1.842057e-03   2.687426e-03   -1.242027e-03   2.378611e+00 
7.756042e-01   1.128359e-02   4.381647e-03   1.814446e-03   2.645655e-03   -1.222214e-03   2.423230e+00 
7.794640e-01   1.150222e-02   4.307485e-03   1.786546e-03   2.603256e-03   -1.201985e-03   2.468169e+00 
7.833116e-01   1.172220e-02   4.232929e-03   1.758313e-03   2.559742e-03   -1.181313e-03   2.513426e+00 
7.871463e-01   1.194324e-02   4.157901e-03   1.729649e-03   2.514795e-03   -1.160276e-03   2.558998e+00 
7.909642e-01   1.216509e-02   4.082396e-03   1.700460e-03   2.469137e-03   -1.139059e-03   2.604885e+00 
7.947634e-01   1.238784e-02   4.006391e-03   1.670767e-03   2.422459e-03   -1.117620e-03   2.651084e+00 
7.985433e-01   1.261136e-02   3.929533e-03   1.640672e-03   2.374447e-03   -1.096014e-03   2.697593e+00 
8.023021e-01   1.283561e-02   3.852090e-03   1.610172e-03   2.325273e-03   -1.074326e-03   2.744410e+00 
8.060397e-01   1.306065e-02   3.774135e-03   1.579187e-03   2.275389e-03   -1.052427e-03   2.791535e+00 
8.097552e-01   1.328644e-02   3.695695e-03   1.547717e-03   2.224925e-03   -1.030334e-03   2.838964e+00 
8.134476e-01   1.351307e-02   3.617165e-03   1.515802e-03   2.173688e-03   -1.007994e-03   2.886696e+00 
8.171168e-01   1.374083e-02   3.538716e-03   1.483570e-03   2.121543e-03   -9.852076e-04   2.934729e+00 
8.207639e-01   1.396980e-02   3.459563e-03   1.451135e-03   2.068393e-03   -9.619941e-04   2.983063e+00 
8.243882e-01   1.419958e-02   3.379709e-03   1.418528e-03   2.014267e-03   -9.384923e-04   3.031694e+00 
8.279879e-01   1.442977e-02   3.299277e-03   1.385786e-03   1.959327e-03   -9.148227e-04   3.080621e+00 
8.315659e-01   1.466079e-02   3.217655e-03   1.352859e-03   1.904069e-03   -8.908992e-04   3.129843e+00 
8.351251e-01   1.489270e-02   3.135521e-03   1.319589e-03   1.848508e-03   -8.666724e-04   3.179358e+00 
8.386676e-01   1.512559e-02   3.052759e-03   1.285928e-03   1.792645e-03   -8.420911e-04   3.229164e+00 
8.421885e-01   1.535932e-02   2.969561e-03   1.252010e-03   1.736315e-03   -8.173159e-04   3.279260e+00 
8.456827e-01   1.559359e-02   2.886248e-03   1.217950e-03   1.679064e-03   -7.924606e-04   3.329644e+00 
8.491486e-01   1.582828e-02   2.802405e-03   1.183776e-03   1.621057e-03   -7.674102e-04   3.380315e+00 
8.525817e-01   1.606333e-02   2.717714e-03   1.149651e-03   1.562653e-03   -7.421725e-04   3.431270e+00 
8.559824e-01   1.629906e-02   2.631700e-03   1.115663e-03   1.504151e-03   -7.166159e-04   3.482509e+00 
8.593501e-01   1.653523e-02   2.544496e-03   1.081714e-03   1.445557e-03   -6.908162e-04   3.534029e+00 
8.626812e-01   1.677159e-02   2.456577e-03   1.047782e-03   1.387308e-03   -6.649344e-04   3.585830e+00 
8.659746e-01   1.700824e-02   2.368127e-03   1.013983e-03   1.329320e-03   -6.389513e-04   3.637910e+00 
8.692294e-01   1.724508e-02   2.279306e-03   9.802979e-04   1.271503e-03   -6.129216e-04   3.690267e+00 
8.724445e-01   1.748209e-02   2.189996e-03   9.466676e-04   1.214057e-03   -5.868782e-04   3.742900e+00 
8.756144e-01   1.771916e-02   2.100142e-03   9.131003e-04   1.156745e-03   -5.608344e-04   3.795807e+00 
8.787324e-01   1.795591e-02   2.009862e-03   8.796785e-04   1.099887e-03   -5.348216e-04   3.848987e+00 
8.817943e-01   1.819196e-02   1.919406e-03   8.465179e-04   1.043766e-03   -5.089285e-04   3.902439e+00 
8.847956e-01   1.842725e-02   1.829074e-03   8.136577e-04   9.882676e-04   -4.832720e-04   3.956161e+00 
8.877318e-01   1.866186e-02   1.738500e-03   7.811448e-04   9.335948e-04   -4.578167e-04   4.010151e+00 
8.905989e-01   1.889553e-02   1.647825e-03   7.490113e-04   8.799395e-04   -4.326311e-04   4.064409e+00 
8.933958e-01   1.912811e-02   1.557754e-03   7.172476e-04   8.274001e-04   -4.078229e-04   4.118932e+00 
8.961195e-01   1.935934e-02   1.468562e-03   6.858390e-04   7.762143e-04   -3.834781e-04   4.173720e+00 
8.987631e-01   1.958883e-02   1.380439e-03   6.548484e-04   7.264654e-04   -3.596888e-04   4.228772e+00 
9.013211e-01   1.981663e-02   1.293308e-03   6.243208e-04   6.782837e-04   -3.364343e-04   4.284085e+00 
9.037900e-01   2.004255e-02   1.207384e-03   5.942196e-04   6.317993e-04   -3.137414e-04   4.339659e+00 
9.061659e-01   2.026627e-02   1.123249e-03   5.645434e-04   5.869178e-04   -2.917203e-04   4.395492e+00 
9.084446e-01   2.048764e-02   1.041174e-03   5.353942e-04   5.437181e-04   -2.704575e-04   4.451583e+00 
9.106223e-01   2.070644e-02   9.614145e-04   5.068504e-04   5.023138e-04   -2.499976e-04   4.507931e+00 
9.126983e-01   2.092259e-02   8.841927e-04   4.789621e-04   4.627985e-04   -2.303422e-04   4.564534e+00 
9.146719e-01   2.113611e-02   8.096641e-04   4.517818e-04   4.252040e-04   -2.115388e-04   4.621391e+00 
9.165399e-01   2.134682e-02   7.381147e-04   4.253223e-04   3.895914e-04   -1.936365e-04   4.678501e+00 
9.183000e-01   2.155458e-02   6.699954e-04   3.996141e-04   3.559515e-04   -1.766116e-04   4.735863e+00 
9.199526e-01   2.175938e-02   6.057472e-04   3.747099e-04   3.242226e-04   -1.604690e-04   4.793475e+00 
9.214996e-01   2.196137e-02   5.453783e-04   3.506403e-04   2.943825e-04   -1.451794e-04   4.851337e+00 
9.229416e-01   2.216046e-02   4.887913e-04   3.274040e-04   2.664525e-04   -1.307357e-04   4.909446e+00 
9.242781e-01   2.235651e-02   4.360580e-04   3.049963e-04   2.404153e-04   -1.171749e-04   4.967802e+00 
9.255095e-01   2.254958e-02   3.873120e-04   2.834255e-04   2.162258e-04   -1.044913e-04   5.026404e+00 
9.266369e-01   2.273973e-02   3.426031e-04   2.627350e-04   1.938075e-04   -9.267994e-05   5.085251e+00 
9.276613e-01   2.292696e-02   3.019187e-04   2.429674e-04   1.731872e-04   -8.174695e-05   5.144340e+00 
9.285846e-01   2.311120e-02   2.651754e-04   2.241412e-04   1.543047e-04   -7.171169e-05   5.203672e+00 
9.294115e-01   2.329260e-02   2.322053e-04   2.062943e-04   1.371206e-04   -6.256023e-05   5.263245e+00 
9.301473e-01   2.347135e-02   2.028048e-04   1.894600e-04   1.215740e-04   -5.424758e-05   5.323058e+00 
9.307968e-01   2.364756e-02   1.767591e-04   1.736421e-04   1.075661e-04   -4.676428e-05   5.383109e+00 
9.313643e-01   2.382126e-02   1.539138e-04   1.588177e-04   9.493477e-05   -4.011046e-05   5.443399e+00 
9.318557e-01   2.399264e-02   1.340097e-04   1.449644e-04   8.358419e-05   -3.423277e-05   5.503925e+00 
9.322772e-01   2.416196e-02   1.167666e-04   1.320652e-04   7.343264e-05   -2.906024e-05   5.564686e+00 
9.326348e-01   2.432945e-02   1.019103e-04   1.200855e-04   6.440136e-05   -2.453889e-05   5.625682e+00 
9.329342e-01   2.449534e-02   8.910312e-05   1.089819e-04   5.640430e-05   -2.060663e-05   5.686911e+00 
9.331808e-01   2.465984e-02   7.804394e-05   9.872565e-05   4.934782e-05   -1.719853e-05   5.748373e+00 
9.333796e-01   2.482314e-02   6.850855e-05   8.929214e-05   4.315143e-05   -1.426190e-05   5.810065e+00 
9.335361e-01   2.498542e-02   6.031848e-05   8.066142e-05   3.771044e-05   -1.175258e-05   5.871988e+00 
9.336556e-01   2.514687e-02   5.327475e-05   7.280132e-05   3.292141e-05   -9.631070e-06   5.934140e+00 
9.337435e-01   2.530764e-02   4.715304e-05   6.566661e-05   2.871615e-05   -7.862017e-06   5.996521e+00 
9.338050e-01   2.546795e-02   4.185113e-05   5.921522e-05   2.502447e-05   -6.394395e-06   6.059128e+00 
9.338452e-01   2.562801e-02   3.727813e-05   5.339540e-05   2.180610e-05   -5.156837e-06   6.121962e+00 
9.338677e-01   2.578795e-02   3.331601e-05   4.815120e-05   1.902685e-05   -4.114672e-06   6.185021e+00 
9.338755e-01   2.594787e-02   2.987551e-05   4.343029e-05   1.663410e-05   -3.255166e-06   6.248304e+00 
9.338713e-01   2.610788e-02   2.686470e-05   3.918669e-05   1.456686e-05   -2.552433e-06   6.311810e+00 
9.338582e-01   2.626807e-02   2.422334e-05   3.538148e-05   1.276992e-05   -1.984946e-06   6.375539e+00 
9.338386e-01   2.642855e-02   2.189139e-05   3.197769e-05   1.121782e-05   -1.530610e-06   6.439489e+00 
9.338143e-01   2.658938e-02   1.983349e-05   2.893773e-05   9.889888e-06   -1.165008e-06   6.503658e+00 
9.337868e-01   2.675062e-02   1.802147e-05   2.622510e-05   8.751126e-06   -8.794573e-07   6.568048e+00 
9.337571e-01   2.691231e-02   1.641340e-05   2.380838e-05   7.773256e-06   -6.687135e-07   6.632656e+00 
9.337261e-01   2.707448e-02   1.498026e-05   2.165862e-05   6.939065e-06   -5.154244e-07   6.697481e+00 
9.336949e-01   2.723717e-02   1.370499e-05   1.974523e-05   6.223610e-06   -4.011898e-07   6.762523e+00 
9.336642e-01   2.740044e-02   1.257446e-05   1.803867e-05   5.604909e-06   -3.138070e-07   6.827781e+00 
9.336342e-01   2.756430e-02   1.157041e-05   1.651401e-05   5.068666e-06   -2.483915e-07   6.893253e+00 
9.336052e-01   2.772874e-02   1.066719e-05   1.515177e-05   4.602496e-06   -1.985233e-07   6.958940e+00 
9.335769e-01   2.789378e-02   9.851240e-06   1.393404e-05   4.194342e-06   -1.586773e-07   7.024839e+00 
9.335493e-01   2.805940e-02   9.116154e-06   1.284343e-05   3.835012e-06   -1.253745e-07   7.090950e+00 
9.335221e-01   2.822560e-02   8.455668e-06   1.186325e-05   3.518625e-06   -9.921386e-08   7.157273e+00 
9.334952e-01   2.839237e-02   7.856394e-06   1.098204e-05   3.237375e-06   -8.147124e-08   7.223806e+00 
9.334684e-01   2.855971e-02   7.307520e-06   1.018790e-05   2.986080e-06   -6.786977e-08   7.290548e+00 
9.334418e-01   2.872763e-02   6.805451e-06   9.465134e-06   2.761930e-06   -5.475620e-08   7.357499e+00 
9.334151e-01   2.889611e-02   6.348484e-06   8.809853e-06   2.560583e-06   -4.179240e-08   7.424658e+00 
9.333883e-01   2.906516e-02   5.934152e-06   8.215061e-06   2.377955e-06   -3.029643e-08   7.492024e+00 
9.333612e-01   2.923476e-02   5.556426e-06   7.672623e-06   2.212691e-06   -2.120387e-08   7.559596e+00 
9.333337e-01   2.940491e-02   5.209428e-06   7.177214e-06   2.062829e-06   -1.479412e-08   7.627374e+00 
9.333057e-01   2.957561e-02   4.889335e-06   6.723751e-06   1.926214e-06   -1.072976e-08   7.695355e+00 
9.332773e-01   2.974685e-02   4.593927e-06   6.307308e-06   1.801483e-06   -7.661090e-09   7.763540e+00 
9.332484e-01   2.991865e-02   4.321558e-06   5.923644e-06   1.687215e-06   -4.716467e-09   7.831929e+00 
9.332190e-01   3.009098e-02   4.070091e-06   5.569484e-06   1.582189e-06   -1.928619e-09   7.900519e+00 
9.331892e-01   3.026386e-02   3.837397e-06   5.242226e-06   1.485639e-06   4.417628e-10   7.969311e+00 
9.331588e-01   3.043728e-02   3.621519e-06   4.939525e-06   1.396653e-06   2.536918e-09   8.038303e+00 
9.331280e-01   3.061124e-02   3.420808e-06   4.659097e-06   1.314395e-06   4.570910e-09   8.107494e+00 
9.330966e-01   3.078574e-02   3.233975e-06   4.398819e-06   1.238222e-06   6.381617e-09   8.176885e+00 
9.330648e-01   3.096078e-02   3.059831e-06   4.156747e-06   1.167624e-06   7.826347e-09   8.246474e+00 
9.330325e-01   3.113636e-02   2.897365e-06   3.931185e-06   1.102117e-06   9.006627e-09   8.316260e+00 
9.329996e-01   3.131247e-02   2.745660e-06   3.720691e-06   1.041251e-06   1.013240e-08   8.386243e+00 
9.329664e-01   3.148911e-02   2.603739e-06   3.524027e-06   9.845576e-07   1.119794e-08   8.456421e+00 
9.329326e-01   3.166630e-02   2.470940e-06   3.340084e-06   9.316427e-07   1.216517e-08   8.526795e+00 
9.328984e-01   3.184401e-02   2.346518e-06   3.167872e-06   8.821971e-07   1.304170e-08   8.597363e+00 
9.328637e-01   3.202226e-02   2.229741e-06   3.006523e-06   8.359381e-07   1.382803e-08   8.668125e+00 
9.328285e-01   3.220104e-02   2.120038e-06   2.855248e-06   7.925893e-07   1.453640e-08   8.739080e+00 
9.327929e-01   3.238035e-02   2.016929e-06   2.713298e-06   7.519395e-07   1.518459e-08   8.810226e+00 
9.327568e-01   3.256019e-02   1.919964e-06   2.579979e-06   7.138200e-07   1.578201e-08   8.881564e+00 
9.327203e-01   3.274057e-02   1.828740e-06   2.454642e-06   6.780480e-07   1.632736e-08   8.953094e+00 
9.326834e-01   3.292147e-02   1.742854e-06   2.336711e-06   6.444465e-07   1.682315e-08   9.024812e+00 
9.326460e-01   3.310290e-02   1.661945e-06   2.225663e-06   6.128529e-07   1.727248e-08   9.096720e+00 
9.326082e-01   3.328486e-02   1.585646e-06   2.121017e-06   5.831200e-07   1.767623e-08   9.168818e+00 
9.325699e-01   3.346735e-02   1.513647e-06   2.022346e-06   5.551146e-07   1.805652e-08   9.241103e+00 
9.325313e-01   3.365036e-02   1.445661e-06   1.929244e-06   5.287163e-07   1.839649e-08   9.313575e+00 
9.324922e-01   3.383390e-02   1.381411e-06   1.841342e-06   5.038175e-07   1.871019e-08   9.386233e+00 
9.324527e-01   3.401797e-02   1.320675e-06   1.758303e-06   4.803185e-07   1.900161e-08   9.459078e+00 
9.324129e-01   3.420256e-02   1.263215e-06   1.679807e-06   4.581263e-07   1.925641e-08   9.532108e+00 
9.323726e-01   3.438768e-02   1.208814e-06   1.605567e-06   4.371531e-07   1.948332e-08   9.605323e+00 
9.323320e-01   3.457333e-02   1.157282e-06   1.535314e-06   4.173189e-07   1.968340e-08   9.678721e+00 
9.322911e-01   3.475950e-02   1.108444e-06   1.468802e-06   3.985520e-07   1.986022e-08   9.752303e+00 
9.322498e-01   3.494619e-02   1.062128e-06   1.405797e-06   3.807885e-07   1.999663e-08   9.826067e+00 
9.322083e-01   3.513342e-02   1.018183e-06   1.346091e-06   3.639683e-07   2.011242e-08   9.900013e+00 
9.321665e-01   3.532117e-02   9.764775e-07   1.289482e-06   3.480324e-07   2.021370e-08   9.974140e+00 
9.321244e-01   3.550945e-02   9.368870e-07   1.235785e-06   3.329251e-07   2.029150e-08   1.004845e+01 
9.320821e-01   3.569826e-02   8.992940e-07   1.184832e-06   3.185953e-07   2.036279e-08   1.012294e+01 
9.320396e-01   3.588759e-02   8.636111e-07   1.136455e-06   3.049967e-07   2.043478e-08   1.019760e+01 
9.319968e-01   3.607745e-02   8.297183e-07   1.090512e-06   2.920861e-07   2.052216e-08   1.027245e+01 
9.319536e-01   3.626784e-02   7.975442e-07   1.046856e-06   2.798231e-07   2.062128e-08   1.034747e+01 
9.319102e-01   3.645874e-02   7.669795e-07   1.005359e-06   2.681696e-07   2.073709e-08   1.042268e+01 
9.318662e-01   3.665016e-02   7.379553e-07   9.658998e-07   2.570905e-07   2.088185e-08   1.049806e+01 
9.318217e-01   3.684210e-02   7.103527e-07   9.283606e-07   2.465535e-07   2.103646e-08   1.057361e+01 
9.317767e-01   3.703454e-02   6.840965e-07   8.926362e-07   2.365290e-07   2.120113e-08   1.064934e+01 
9.317310e-01   3.722750e-02   6.591160e-07   8.586236e-07   2.269901e-07   2.136918e-08   1.072525e+01 
9.316846e-01   3.742096e-02   6.353049e-07   8.262246e-07   2.179106e-07   2.153410e-08   1.080133e+01 
9.316376e-01   3.761493e-02   6.126000e-07   7.953559e-07   2.092662e-07   2.167888e-08   1.087758e+01 
9.315899e-01   3.780941e-02   5.909335e-07   7.659258e-07   2.010322e-07   2.180429e-08   1.095401e+01 
9.315417e-01   3.800439e-02   5.702524e-07   7.378625e-07   1.931855e-07   2.191251e-08   1.103061e+01 
9.314928e-01   3.819988e-02   5.504917e-07   7.110879e-07   1.857042e-07   2.199770e-08   1.110738e+01 
9.314434e-01   3.839589e-02   5.316005e-07   6.855431e-07   1.785680e-07   2.206812e-08   1.118433e+01 
9.313935e-01   3.859240e-02   5.135567e-07   6.611513e-07   1.717583e-07   2.213023e-08   1.126144e+01 
9.313430e-01   3.878943e-02   4.963202e-07   6.378698e-07   1.652573e-07   2.218867e-08   1.133873e+01 
9.312920e-01   3.898696e-02   4.798389e-07   6.156308e-07   1.590489e-07   2.224336e-08   1.141618e+01 
9.312404e-01   3.918500e-02   4.640885e-07   5.943860e-07   1.531182e-07   2.229803e-08   1.149381e+01 
9.311883e-01   3.938356e-02   4.490243e-07   5.740942e-07   1.474512e-07   2.234273e-08   1.157160e+01 
9.311356e-01   3.958261e-02   4.346145e-07   5.546892e-07   1.420337e-07   2.238318e-08   1.164956e+01 
9.310823e-01   3.978218e-02   4.208179e-07   5.361436e-07   1.368518e-07   2.242381e-08   1.172769e+01 
9.310285e-01   3.998227e-02   4.076008e-07   5.184128e-07   1.318941e-07   2.245173e-08   1.180599e+01 
9.309742e-01   4.018286e-02   3.949413e-07   5.014609e-07   1.271505e-07   2.247496e-08   1.188445e+01 
9.309193e-01   4.038396e-02   3.828057e-07   4.852312e-07   1.226115e-07   2.248977e-08   1.196308e+01 
9.308639e-01   4.058556e-02   3.711741e-07   4.697019e-07   1.182677e-07   2.249940e-08   1.204188e+01 
9.308081e-01   4.078768e-02   3.600208e-07   4.548439e-07   1.141090e-07   2.250735e-08   1.212084e+01 
9.307517e-01   4.099031e-02   3.493182e-07   4.406190e-07   1.101260e-07   2.250833e-08   1.219996e+01 
9.306950e-01   4.119345e-02   3.390478e-07   4.270019e-07   1.063095e-07   2.250127e-08   1.227925e+01 
9.306377e-01   4.139711e-02   3.291952e-07   4.139600e-07   1.026509e-07   2.249168e-08   1.235870e+01 
9.305801e-01   4.160128e-02   3.197351e-07   4.014666e-07   9.914256e-08   2.248016e-08   1.243832e+01 
9.305219e-01   4.180596e-02   3.106533e-07   3.894990e-07   9.577742e-08   2.246456e-08   1.251809e+01 
9.304634e-01   4.201115e-02   3.019398e-07   3.780319e-07   9.254865e-08   2.245401e-08   1.259803e+01 
9.304043e-01   4.221686e-02   2.935623e-07   3.670420e-07   8.944992e-08   2.243469e-08   1.267813e+01 
9.303448e-01   4.242308e-02   2.855140e-07   3.565095e-07   8.647474e-08   2.241610e-08   1.275839e+01 
9.302849e-01   4.262981e-02   2.777905e-07   3.464147e-07   8.361731e-08   2.239864e-08   1.283881e+01 
9.302244e-01   4.283706e-02   2.703613e-07   3.367335e-07   8.087203e-08   2.238130e-08   1.291940e+01 
9.301635e-01   4.304482e-02   2.632167e-07   3.274514e-07   7.823394e-08   2.235995e-08   1.300014e+01 
9.301021e-01   4.325309e-02   2.563466e-07   3.185495e-07   7.569845e-08   2.233716e-08   1.308103e+01 
9.300402e-01   4.346187e-02   2.497351e-07   3.100113e-07   7.326108e-08   2.231163e-08   1.316209e+01 
9.299778e-01   4.367116e-02   2.433703e-07   3.018220e-07   7.091769e-08   2.228483e-08   1.324331e+01 
9.299149e-01   4.388097e-02   2.372389e-07   2.939636e-07   6.866407e-08   2.225285e-08   1.332468e+01 
9.298516e-01   4.409129e-02   2.313300e-07   2.864219e-07   6.649610e-08   2.221428e-08   1.340621e+01 
9.297879e-01   4.430213e-02   2.256306e-07   2.791877e-07   6.440988e-08   2.216967e-08   1.348790e+01 
9.297238e-01   4.451349e-02   2.201396e-07   2.722439e-07   6.240167e-08   2.211944e-08   1.356974e+01 
9.296593e-01   4.472536e-02   2.148420e-07   2.655788e-07   6.046811e-08   2.207105e-08   1.365174e+01 
9.295944e-01   4.493776e-02   2.097381e-07   2.591821e-07   5.860592e-08   2.202076e-08   1.373390e+01 
9.295292e-01   4.515068e-02   2.048202e-07   2.530435e-07   5.681210e-08   2.196858e-08   1.381620e+01 
9.294635e-01   4.536411e-02   2.000861e-07   2.471526e-07   5.508380e-08   2.192443e-08   1.389866e+01 
9.293973e-01   4.557806e-02   1.955332e-07   2.414963e-07   5.341826e-08   2.188659e-08   1.398128e+01 
9.293306e-01   4.579252e-02   1.911463e-07   2.360692e-07   5.181288e-08   2.185040e-08   1.406405e+01 
9.292632e-01   4.600749e-02   1.869252e-07   2.308590e-07   5.026509e-08   2.182321e-08   1.414697e+01 
9.291952e-01   4.622297e-02   1.828562e-07   2.258583e-07   4.877255e-08   2.179735e-08   1.423005e+01 
9.291264e-01   4.643894e-02   1.789327e-07   2.210581e-07   4.733301e-08   2.177440e-08   1.431327e+01 
9.290568e-01   4.665543e-02   1.751543e-07   2.164498e-07   4.594428e-08   2.175351e-08   1.439665e+01 
9.289864e-01   4.687241e-02   1.715049e-07   2.120265e-07   4.460432e-08   2.173574e-08   1.448018e+01 
9.289152e-01   4.708989e-02   1.679812e-07   2.077810e-07   4.331113e-08   2.171475e-08   1.456386e+01 
9.288431e-01   4.730788e-02   1.645781e-07   2.037051e-07   4.206280e-08   2.169666e-08   1.464769e+01 
9.287701e-01   4.752636e-02   1.612825e-07   1.997927e-07   4.085760e-08   2.166784e-08   1.473166e+01 
9.286964e-01   4.774535e-02   1.580955e-07   1.960401e-07   3.969376e-08   2.163649e-08   1.481579e+01 
9.286219e-01   4.796484e-02   1.550048e-07   1.924357e-07   3.856960e-08   2.159463e-08   1.490007e+01 
9.285468e-01   4.818485e-02   1.519962e-07   1.889759e-07   3.748354e-08   2.153592e-08   1.498450e+01 
9.284712e-01   4.840537e-02   1.490671e-07   1.856561e-07   3.643405e-08   2.145999e-08   1.506907e+01 
9.283955e-01   4.862644e-02   1.462181e-07   1.824706e-07   3.541966e-08   2.136913e-08   1.515379e+01 
9.283197e-01   4.884805e-02   1.434456e-07   1.794146e-07   3.443899e-08   2.126158e-08   1.523866e+01 
9.282441e-01   4.907021e-02   1.407476e-07   1.764831e-07   3.349067e-08   2.113972e-08   1.532367e+01 
9.281687e-01   4.929294e-02   1.381362e-07   1.736714e-07   3.257349e-08   2.101405e-08   1.540883e+01 
9.280935e-01   4.951623e-02   1.356137e-07   1.709783e-07   3.168627e-08   2.089657e-08   1.549414e+01 
9.280185e-01   4.974008e-02   1.331865e-07   1.684009e-07   3.082793e-08   2.078577e-08   1.557959e+01 
9.279434e-01   4.996448e-02   1.308512e-07   1.659315e-07   2.999736e-08   2.068534e-08   1.566519e+01 
9.278681e-01   5.018942e-02   1.286098e-07   1.635722e-07   2.919358e-08   2.060657e-08   1.575094e+01 
9.277923e-01   5.041489e-02   1.264566e-07   1.613136e-07   2.841565e-08   2.053914e-08   1.583682e+01 
9.277159e-01   5.064088e-02   1.243841e-07   1.591559e-07   2.766261e-08   2.048870e-08   1.592285e+01 
9.276385e-01   5.086737e-02   1.223871e-07   1.570939e-07   2.693359e-08   2.044135e-08   1.600903e+01 
9.275603e-01   5.109437e-02   1.204555e-07   1.551230e-07   2.622769e-08   2.039865e-08   1.609534e+01 
9.274811e-01   5.132187e-02   1.185820e-07   1.532419e-07   2.554406e-08   2.035104e-08   1.618180e+01 
9.274010e-01   5.154988e-02   1.167653e-07   1.514490e-07   2.488191e-08   2.030310e-08   1.626841e+01 
9.273199e-01   5.177840e-02   1.149998e-07   1.497325e-07   2.424046e-08   2.024893e-08   1.635515e+01 
9.272380e-01   5.200743e-02   1.132858e-07   1.480999e-07   2.361898e-08   2.019157e-08   1.644204e+01 
9.271552e-01   5.223696e-02   1.116230e-07   1.465401e-07   2.301677e-08   2.013647e-08   1.652906e+01 
9.270716e-01   5.246702e-02   1.100046e-07   1.450597e-07   2.243315e-08   2.006227e-08   1.661623e+01 
9.269872e-01   5.269758e-02   1.084366e-07   1.436535e-07   2.186710e-08   2.000193e-08   1.670354e+01 
9.269020e-01   5.292867e-02   1.069157e-07   1.423077e-07   2.131874e-08   1.993440e-08   1.679099e+01 
9.268161e-01   5.316030e-02   1.054313e-07   1.410576e-07   2.078669e-08   1.985185e-08   1.687858e+01 
9.267293e-01   5.339242e-02   1.039960e-07   1.398494e-07   2.027063e-08   1.978285e-08   1.696630e+01 
9.266418e-01   5.362506e-02   1.026005e-07   1.386911e-07   1.977026e-08   1.970693e-08   1.705417e+01 
9.265536e-01   5.385823e-02   1.012453e-07   1.376061e-07   1.928485e-08   1.963489e-08   1.714217e+01 
9.264645e-01   5.409193e-02   9.992954e-08   1.365863e-07   1.881392e-08   1.955496e-08   1.723032e+01 
9.263748e-01   5.432615e-02   9.865254e-08   1.356241e-07   1.835696e-08   1.947478e-08   1.731860e+01 
9.262842e-01   5.456090e-02   9.740925e-08   1.347187e-07   1.791350e-08   1.939275e-08   1.740702e+01 
9.261929e-01   5.479617e-02   9.620416e-08   1.338699e-07   1.748310e-08   1.931265e-08   1.749557e+01 
9.261009e-01   5.503198e-02   9.503065e-08   1.330742e-07   1.706529e-08   1.922774e-08   1.758426e+01 
9.260081e-01   5.526831e-02   9.389109e-08   1.323301e-07   1.665966e-08   1.914220e-08   1.767309e+01 
9.259145e-01   5.550517e-02   9.278565e-08   1.316364e-07   1.626579e-08   1.905886e-08   1.776206e+01 
9.258202e-01   5.574257e-02   9.170605e-08   1.309926e-07   1.588331e-08   1.896993e-08   1.785116e+01 
9.257251e-01   5.598049e-02   9.066045e-08   1.303953e-07   1.551183e-08   1.887914e-08   1.794039e+01 
9.256293e-01   5.621895e-02   8.964091e-08   1.298457e-07   1.515101e-08   1.878995e-08   1.802977e+01 
9.255326e-01   5.645793e-02   8.865420e-08   1.293406e-07   1.480045e-08   1.870067e-08   1.811927e+01 
9.254353e-01   5.669746e-02   8.768932e-08   1.288801e-07   1.445989e-08   1.860415e-08   1.820891e+01 
9.253371e-01   5.693751e-02   8.675461e-08   1.284611e-07   1.412901e-08   1.851469e-08   1.829868e+01 
9.252382e-01   5.717811e-02   8.584209e-08   1.280855e-07   1.380736e-08   1.841810e-08   1.838859e+01 
9.251385e-01   5.741924e-02   8.495745e-08   1.277501e-07   1.349478e-08   1.832374e-08   1.847863e+01 
9.250380e-01   5.766090e-02   8.409501e-08   1.274537e-07   1.319094e-08   1.822444e-08   1.856880e+01 
9.249367e-01   5.790311e-02   8.325709e-08   1.271955e-07   1.289556e-08   1.813056e-08   1.865911e+01 
9.248346e-01   5.814585e-02   8.243918e-08   1.269755e-07   1.260839e-08   1.802608e-08   1.874955e+01 
9.247318e-01   5.838914e-02   8.164442e-08   1.267922e-07   1.232915e-08   1.792550e-08   1.884012e+01 
9.246281e-01   5.863296e-02   8.087000e-08   1.266452e-07   1.205760e-08   1.782391e-08   1.893082e+01 
9.245237e-01   5.887734e-02   8.011725e-08   1.265330e-07   1.179348e-08   1.772127e-08   1.902166e+01 
9.244184e-01   5.912224e-02   7.938243e-08   1.264540e-07   1.153659e-08   1.761805e-08   1.911262e+01 
9.243124e-01   5.936770e-02   7.866627e-08   1.264083e-07   1.128669e-08   1.751288e-08   1.920371e+01 
9.242055e-01   5.961370e-02   7.797003e-08   1.263973e-07   1.104357e-08   1.740384e-08   1.929494e+01 
9.240979e-01   5.986024e-02   7.729095e-08   1.264155e-07   1.080700e-08   1.729659e-08   1.938630e+01 
9.239894e-01   6.010734e-02   7.662875e-08   1.264652e-07   1.057681e-08   1.718385e-08   1.947778e+01 
9.238801e-01   6.035497e-02   7.598406e-08   1.265462e-07   1.035281e-08   1.707546e-08   1.956939e+01 
9.237699e-01   6.060316e-02   7.535744e-08   1.266571e-07   1.013479e-08   1.696621e-08   1.966114e+01 
9.236590e-01   6.085190e-02   7.474523e-08   1.267971e-07   9.922581e-09   1.685185e-08   1.975301e+01 
9.235472e-01   6.110119e-02   7.414872e-08   1.269646e-07   9.715997e-09   1.673902e-08   1.984501e+01 
9.234346e-01   6.135103e-02   7.356642e-08   1.271586e-07   9.514886e-09   1.662137e-08   1.993714e+01 
9.233211e-01   6.160142e-02   7.299847e-08   1.273825e-07   9.319078e-09   1.650525e-08   2.002940e+01 
9.232068e-01   6.185236e-02   7.244778e-08   1.276333e-07   9.128417e-09   1.639112e-08   2.012178e+01 
9.230917e-01   6.210386e-02   7.190742e-08   1.279082e-07   8.942740e-09   1.626801e-08   2.021429e+01 
9.229757e-01   6.235592e-02   7.138121e-08   1.282099e-07   8.761908e-09   1.614974e-08   2.030693e+01 
9.228588e-01   6.260853e-02   7.086732e-08   1.285373e-07   8.585792e-09   1.602786e-08   2.039969e+01 
9.227411e-01   6.286170e-02   7.036633e-08   1.288875e-07   8.414245e-09   1.590312e-08   2.049258e+01 
9.226225e-01   6.311543e-02   6.987864e-08   1.292644e-07   8.247128e-09   1.578048e-08   2.058560e+01 
9.225030e-01   6.336972e-02   6.940116e-08   1.296621e-07   8.084316e-09   1.565340e-08   2.067874e+01 
9.223827e-01   6.362457e-02   6.893475e-08   1.300861e-07   7.925693e-09   1.552472e-08   2.077201e+01 
9.222615e-01   6.387998e-02   6.848020e-08   1.305309e-07   7.771145e-09   1.540103e-08   2.086540e+01 
9.221394e-01   6.413596e-02   6.803732e-08   1.309995e-07   7.620546e-09   1.527079e-08   2.095892e+01 
9.220164e-01   6.439250e-02   6.760243e-08   1.314892e-07   7.473778e-09   1.513943e-08   2.105257e+01 
9.218926e-01   6.464960e-02   6.717969e-08   1.320019e-07   7.330739e-09   1.500588e-08   2.114633e+01 
9.217678e-01   6.490727e-02   6.676628e-08   1.325354e-07   7.191323e-09   1.487214e-08   2.124022e+01 
9.216421e-01   6.516551e-02   6.636234e-08   1.330895e-07   7.055435e-09   1.473531e-08   2.133424e+01 
9.215155e-01   6.542432e-02   6.596590e-08   1.336638e-07   6.922987e-09   1.459500e-08   2.142837e+01 
9.213881e-01   6.568370e-02   6.557935e-08   1.342591e-07   6.793846e-09   1.445998e-08   2.152264e+01 
9.212596e-01   6.594365e-02   6.520066e-08   1.348750e-07   6.667955e-09   1.432112e-08   2.161702e+01 
9.211303e-01   6.620416e-02   6.483185e-08   1.355121e-07   6.545406e-09   1.418137e-08   2.171152e+01 
9.210001e-01   6.646526e-02   6.447032e-08   1.361635e-07   6.425658e-09   1.403745e-08   2.180615e+01 
9.208689e-01   6.672693e-02   6.411821e-08   1.368388e-07   6.308864e-09   1.389705e-08   2.190090e+01 
9.207368e-01   6.698917e-02   6.377229e-08   1.375319e-07   6.195006e-09   1.374544e-08   2.199577e+01 
9.206037e-01   6.725199e-02   6.343432e-08   1.382408e-07   6.083983e-09   1.360045e-08   2.209077e+01 
9.204697e-01   6.751539e-02   6.310384e-08   1.389719e-07   5.975723e-09   1.345194e-08   2.218588e+01 
9.203348e-01   6.777936e-02   6.277976e-08   1.397197e-07   5.870146e-09   1.330178e-08   2.228112e+01 
9.201988e-01   6.804392e-02   6.246314e-08   1.404841e-07   5.767169e-09   1.314840e-08   2.237647e+01 
9.200620e-01   6.830906e-02   6.215368e-08   1.412683e-07   5.666720e-09   1.299426e-08   2.247195e+01 
9.199241e-01   6.857479e-02   6.185076e-08   1.420684e-07   5.568750e-09   1.283957e-08   2.256755e+01 
9.197853e-01   6.884109e-02   6.155169e-08   1.428862e-07   5.473187e-09   1.268010e-08   2.266326e+01 
9.196455e-01   6.910798e-02   6.125913e-08   1.437210e-07   5.379919e-09   1.252420e-08   2.275910e+01 
9.195048e-01   6.937546e-02   6.097233e-08   1.445730e-07   5.288917e-09   1.236279e-08   2.285505e+01 
9.193630e-01   6.964352e-02   6.069232e-08   1.454420e-07   5.200144e-09   1.220411e-08   2.295112e+01 
9.192202e-01   6.991218e-02   6.042036e-08   1.463246e-07   5.113538e-09   1.204124e-08   2.304732e+01 
9.190765e-01   7.018143e-02   6.015088e-08   1.472285e-07   5.029040e-09   1.187048e-08   2.314363e+01 
9.189317e-01   7.045126e-02   5.988693e-08   1.481427e-07   4.946589e-09   1.170720e-08   2.324006e+01 
9.187860e-01   7.072169e-02   5.962788e-08   1.490750e-07   4.866128e-09   1.153324e-08   2.333660e+01 
9.186392e-01   7.099271e-02   5.937309e-08   1.500258e-07   4.787613e-09   1.136513e-08   2.343327e+01 
9.184914e-01   7.126433e-02   5.912302e-08   1.509893e-07   4.711001e-09   1.119157e-08   2.353005e+01 
9.183426e-01   7.153655e-02   5.887653e-08   1.519676e-07   4.636238e-09   1.101254e-08   2.362695e+01 
9.181927e-01   7.180936e-02   5.863650e-08   1.529639e-07   4.563275e-09   1.084083e-08   2.372396e+01 
9.180418e-01   7.208278e-02   5.840063e-08   1.539732e-07   4.492067e-09   1.066112e-08   2.382110e+01 
9.178899e-01   7.235679e-02   5.816761e-08   1.549967e-07   4.422575e-09   1.047986e-08   2.391835e+01 
9.177369e-01   7.263141e-02   5.793993e-08   1.560381e-07   4.354758e-09   1.029795e-08   2.401571e+01 
9.175828e-01   7.290662e-02   5.771500e-08   1.570927e-07   4.288573e-09   1.011477e-08   2.411319e+01 
9.174277e-01   7.318245e-02   5.749405e-08   1.581607e-07   4.223974e-09   9.925066e-09   2.421079e+01 
9.172715e-01   7.345888e-02   5.727752e-08   1.592455e-07   4.160924e-09   9.737604e-09   2.430850e+01 
9.171143e-01   7.373592e-02   5.706378e-08   1.603413e-07   4.099392e-09   9.546156e-09   2.440633e+01 
9.169560e-01   7.401356e-02   5.685234e-08   1.614552e-07   4.039341e-09   9.351799e-09   2.450427e+01 
9.167966e-01   7.429182e-02   5.664634e-08   1.625814e-07   3.980732e-09   9.157984e-09   2.460233e+01 
9.166360e-01   7.457069e-02   5.644234e-08   1.637193e-07   3.923527e-09   8.961920e-09   2.470050e+01 
9.164744e-01   7.485016e-02   5.624253e-08   1.648777e-07   3.867698e-09   8.762660e-09   2.479878e+01 
9.163117e-01   7.513026e-02   5.604282e-08   1.660413e-07   3.813213e-09   8.555348e-09   2.489718e+01 
9.161479e-01   7.541097e-02   5.584737e-08   1.672251e-07   3.760043e-09   8.353140e-09   2.499570e+01 
9.159830e-01   7.569229e-02   5.565482e-08   1.684207e-07   3.708150e-09   8.146782e-09   2.509432e+01 
9.158169e-01   7.597424e-02   5.546357e-08   1.696296e-07   3.657504e-09   7.938854e-09   2.519306e+01 
9.156498e-01   7.625680e-02   5.527576e-08   1.708520e-07   3.608079e-09   7.726726e-09   2.529191e+01 
9.154814e-01   7.653999e-02   5.509312e-08   1.720879e-07   3.559852e-09   7.518802e-09   2.539088e+01 
9.153120e-01   7.682380e-02   5.490897e-08   1.733372e-07   3.512793e-09   7.294191e-09   2.548996e+01 
9.151414e-01   7.710823e-02   5.472729e-08   1.745972e-07   3.466870e-09   7.079689e-09   2.558915e+01 
9.149696e-01   7.739329e-02   5.454852e-08   1.758739e-07   3.422060e-09   6.859458e-09   2.568845e+01 
9.147967e-01   7.767897e-02   5.437188e-08   1.771645e-07   3.378340e-09   6.633864e-09   2.578787e+01 
9.146226e-01   7.796528e-02   5.419638e-08   1.784626e-07   3.335687e-09   6.407732e-09   2.588739e+01 
9.144473e-01   7.825222e-02   5.402277e-08   1.797781e-07   3.294078e-09   6.179307e-09   2.598703e+01 
9.142709e-01   7.853979e-02   5.385164e-08   1.811072e-07   3.253482e-09   5.945746e-09   2.608678e+01 
9.140932e-01   7.882799e-02   5.368156e-08   1.824456e-07   3.213879e-09   5.710920e-09   2.618663e+01 
9.139144e-01   7.911683e-02   5.351369e-08   1.837990e-07   3.175252e-09   5.479062e-09   2.628660e+01 
9.137343e-01   7.940630e-02   5.334720e-08   1.851645e-07   3.137582e-09   5.237741e-09   2.638668e+01 
9.135531e-01   7.969641e-02   5.318267e-08   1.865414e-07   3.100844e-09   4.995092e-09   2.648688e+01 
9.133706e-01   7.998716e-02   5.301791e-08   1.879347e-07   3.065015e-09   4.749045e-09   2.658718e+01 
9.131869e-01   8.027854e-02   5.285548e-08   1.893359e-07   3.030078e-09   4.497224e-09   2.668759e+01 
9.130020e-01   8.057057e-02   5.269467e-08   1.907502e-07   2.996017e-09   4.248492e-09   2.678811e+01 
9.128159e-01   8.086325e-02   5.253394e-08   1.921785e-07   2.962815e-09   3.995069e-09   2.688874e+01 
9.126285e-01   8.115656e-02   5.237273e-08   1.936203e-07   2.930449e-09   3.735706e-09   2.698947e+01 
9.124398e-01   8.145052e-02   5.221474e-08   1.950713e-07   2.898901e-09   3.477239e-09   2.709032e+01 
9.122499e-01   8.174512e-02   5.205841e-08   1.965355e-07   2.868154e-09   3.217814e-09   2.719128e+01 
9.120587e-01   8.204038e-02   5.190215e-08   1.980133e-07   2.838197e-09   2.948782e-09   2.729234e+01 
9.118662e-01   8.233628e-02   5.174592e-08   1.995006e-07   2.809015e-09   2.676183e-09   2.739351e+01 
9.116725e-01   8.263283e-02   5.159139e-08   2.010012e-07   2.780587e-09   2.404707e-09   2.749479e+01 
9.114775e-01   8.293004e-02   5.143659e-08   2.025158e-07   2.752896e-09   2.124800e-09   2.759618e+01 
9.112811e-01   8.322790e-02   5.128302e-08   2.040383e-07   2.725930e-09   1.849746e-09   2.769768e+01 
9.110835e-01   8.352641e-02   5.112946e-08   2.055772e-07   2.699677e-09   1.565453e-09   2.779928e+01 
9.108846e-01   8.382559e-02   5.097708e-08   2.071251e-07   2.674124e-09   1.277378e-09   2.790099e+01 
9.106843e-01   8.412542e-02   5.082554e-08   2.086847e-07   2.649251e-09   9.886443e-10   2.800281e+01 
9.104827e-01   8.442591e-02   5.067295e-08   2.102576e-07   2.625045e-09   6.933089e-10   2.810474e+01 
9.102798e-01   8.472706e-02   5.052068e-08   2.118407e-07   2.601496e-09   3.980941e-10   2.820677e+01 
9.100755e-01   8.502887e-02   5.037011e-08   2.134369e-07   2.578596e-09   9.861670e-11   2.830890e+01 
9.098699e-01   8.533135e-02   5.021872e-08   2.150433e-07   2.556329e-09   -2.069736e-10   2.841115e+01 
9.096629e-01   8.563450e-02   5.006886e-08   2.166609e-07   2.534681e-09   -5.130371e-10   2.851350e+01 
9.094545e-01   8.593830e-02   4.991928e-08   2.182923e-07   2.513640e-09   -8.291614e-10   2.861595e+01 
9.092448e-01   8.624278e-02   4.976853e-08   2.199337e-07   2.493195e-09   -1.146002e-09   2.871852e+01 
9.090336e-01   8.654793e-02   4.961723e-08   2.215852e-07   2.473337e-09   -1.466702e-09   2.882118e+01 
9.088211e-01   8.685375e-02   4.946641e-08   2.232504e-07   2.454056e-09   -1.787469e-09   2.892395e+01 
9.086072e-01   8.716024e-02   4.931572e-08   2.249280e-07   2.435338e-09   -2.118441e-09   2.902683e+01 
9.083919e-01   8.746741e-02   4.916645e-08   2.266108e-07   2.417168e-09   -2.449782e-09   2.912981e+01 
9.081751e-01   8.777525e-02   4.901581e-08   2.283124e-07   2.399543e-09   -2.785576e-09   2.923290e+01 
9.079569e-01   8.808377e-02   4.886368e-08   2.300186e-07   2.382459e-09   -3.127779e-09   2.933609e+01 
9.077373e-01   8.839297e-02   4.871245e-08   2.317420e-07   2.365897e-09   -3.475857e-09   2.943938e+01 
9.075162e-01   8.870284e-02   4.856157e-08   2.334719e-07   2.349844e-09   -3.822662e-09   2.954278e+01 
9.072937e-01   8.901341e-02   4.840986e-08   2.352135e-07   2.334297e-09   -4.182649e-09   2.964628e+01 
9.070697e-01   8.932464e-02   4.825717e-08   2.369653e-07   2.319250e-09   -4.540779e-09   2.974989e+01 
9.068442e-01   8.963657e-02   4.810532e-08   2.387317e-07   2.304685e-09   -4.901749e-09   2.985360e+01 
9.066173e-01   8.994918e-02   4.795275e-08   2.405029e-07   2.290597e-09   -5.274397e-09   2.995741e+01 
9.063888e-01   9.026248e-02   4.779951e-08   2.422900e-07   2.276985e-09   -5.650257e-09   3.006132e+01 
9.061589e-01   9.057646e-02   4.764605e-08   2.440852e-07   2.263832e-09   -6.029012e-09   3.016534e+01 
9.059274e-01   9.089114e-02   4.749224e-08   2.458898e-07   2.251117e-09   -6.414675e-09   3.026946e+01 
9.056944e-01   9.120650e-02   4.733792e-08   2.477054e-07   2.238848e-09   -6.807613e-09   3.037369e+01 
9.054598e-01   9.152255e-02   4.718432e-08   2.495324e-07   2.227035e-09   -7.204262e-09   3.047801e+01 
9.052238e-01   9.183930e-02   4.702952e-08   2.513686e-07   2.215658e-09   -7.606467e-09   3.058244e+01 
9.049861e-01   9.215674e-02   4.687492e-08   2.532152e-07   2.204680e-09   -8.017077e-09   3.068697e+01 
9.047468e-01   9.247488e-02   4.671902e-08   2.550694e-07   2.194120e-09   -8.433652e-09   3.079160e+01 
9.045060e-01   9.279370e-02   4.656354e-08   2.569359e-07   2.184084e-09   -8.857484e-09   3.089633e+01 
9.042634e-01   9.311322e-02   4.640726e-08   2.588126e-07   2.174672e-09   -9.286623e-09   3.100117e+01 
9.040192e-01   9.343344e-02   4.624754e-08   2.606967e-07   2.165876e-09   -9.724471e-09   3.110610e+01 
9.037733e-01   9.375433e-02   4.608649e-08   2.625917e-07   2.157551e-09   -1.017249e-08   3.121113e+01 
9.035256e-01   9.407592e-02   4.592383e-08   2.644922e-07   2.149502e-09   -1.062866e-08   3.131627e+01 
9.032761e-01   9.439819e-02   4.576423e-08   2.664043e-07   2.141594e-09   -1.110015e-08   3.142151e+01 
9.030251e-01   9.472118e-02   4.560969e-08   2.683256e-07   2.133797e-09   -1.158053e-08   3.152685e+01 
9.027724e-01   9.504487e-02   4.546017e-08   2.702501e-07   2.126160e-09   -1.206727e-08   3.163228e+01 
9.025182e-01   9.536929e-02   4.531664e-08   2.721909e-07   2.118750e-09   -1.255018e-08   3.173782e+01 
9.022624e-01   9.569442e-02   4.517425e-08   2.741426e-07   2.111608e-09   -1.302027e-08   3.184346e+01 
9.020050e-01   9.602027e-02   4.503283e-08   2.761041e-07   2.104752e-09   -1.348870e-08   3.194920e+01 
9.017460e-01   9.634685e-02   4.489194e-08   2.780762e-07   2.098181e-09   -1.396350e-08   3.205503e+01 
9.014854e-01   9.667414e-02   4.475056e-08   2.800605e-07   2.091883e-09   -1.443119e-08   3.216097e+01 
9.012230e-01   9.700215e-02   4.461174e-08   2.820534e-07   2.085899e-09   -1.490355e-08   3.226700e+01 
9.009590e-01   9.733087e-02   4.447066e-08   2.840586e-07   2.080173e-09   -1.537480e-08   3.237314e+01 
9.006933e-01   9.766032e-02   4.433081e-08   2.860716e-07   2.074604e-09   -1.585356e-08   3.247937e+01 
9.004259e-01   9.799049e-02   4.418926e-08   2.880964e-07   2.069257e-09   -1.632606e-08   3.258570e+01 
9.001568e-01   9.832139e-02   4.404695e-08   2.901320e-07   2.064167e-09   -1.680221e-08   3.269213e+01 
8.998860e-01   9.865301e-02   4.390614e-08   2.921784e-07   2.059317e-09   -1.728789e-08   3.279866e+01 
8.996134e-01   9.898536e-02   4.376528e-08   2.942282e-07   2.054686e-09   -1.777478e-08   3.290529e+01 
8.993391e-01   9.931843e-02   4.362196e-08   2.962953e-07   2.050264e-09   -1.826298e-08   3.301201e+01 
8.990630e-01   9.965223e-02   4.347809e-08   2.983654e-07   2.046045e-09   -1.875813e-08   3.311883e+01 
8.987851e-01   9.998676e-02   4.333370e-08   3.004485e-07   2.042024e-09   -1.925695e-08   3.322575e+01 
8.985055e-01   1.003220e-01   4.318736e-08   3.025429e-07   2.038194e-09   -1.975578e-08   3.333277e+01 
8.982240e-01   1.006580e-01   4.303986e-08   3.046427e-07   2.034549e-09   -2.026235e-08   3.343988e+01 
8.979408e-01   1.009948e-01   4.289208e-08   3.067564e-07   2.031085e-09   -2.076817e-08   3.354709e+01 
8.976557e-01   1.013322e-01   4.274394e-08   3.088770e-07   2.027795e-09   -2.128203e-08   3.365440e+01 
8.973688e-01   1.016704e-01   4.259265e-08   3.110052e-07   2.024676e-09   -2.179930e-08   3.376181e+01 
8.970800e-01   1.020093e-01   4.244204e-08   3.131469e-07   2.021723e-09   -2.232031e-08   3.386931e+01 
8.967894e-01   1.023490e-01   4.229067e-08   3.152949e-07   2.018930e-09   -2.284813e-08   3.397691e+01 
8.964970e-01   1.026894e-01   4.213604e-08   3.174532e-07   2.016294e-09   -2.337889e-08   3.408460e+01 
8.962026e-01   1.030306e-01   4.198131e-08   3.196183e-07   2.013810e-09   -2.391538e-08   3.419239e+01 
8.959063e-01   1.033725e-01   4.182525e-08   3.217937e-07   2.011475e-09   -2.445739e-08   3.430028e+01 
8.956082e-01   1.037151e-01   4.166801e-08   3.239783e-07   2.009283e-09   -2.500102e-08   3.440826e+01 
8.953081e-01   1.040585e-01   4.150903e-08   3.261761e-07   2.007232e-09   -2.555283e-08   3.451634e+01 
8.950061e-01   1.044026e-01   4.135135e-08   3.284091e-07   2.005317e-09   -2.611905e-08   3.462451e+01 
8.947022e-01   1.047474e-01   4.120549e-08   3.307954e-07   2.003536e-09   -2.673562e-08   3.473278e+01 
8.943963e-01   1.050930e-01   4.117178e-08   3.340192e-07   2.001884e-09   -2.766078e-08   3.484114e+01 
8.940884e-01   1.054394e-01   4.144388e-08   3.419255e-07   2.000357e-09   -2.981582e-08   3.494960e+01 
8.937786e-01   1.057865e-01   4.549603e-08   3.585292e-07   1.998954e-09   -3.848931e-08   3.505815e+01 
8.934667e-01   1.061343e-01   4.429901e-08   3.592512e-07   1.997671e-09   -2.032174e-08   3.516680e+01 
8.931529e-01   1.064829e-01   4.035644e-08   3.471505e-07   1.996503e-09   -2.947321e-08   3.527554e+01 
8.928370e-01   1.068323e-01   4.370956e-08   3.443504e-07   1.995450e-09   -3.126416e-08   3.538438e+01 
8.925191e-01   1.071824e-01   4.458716e-08   3.471566e-07   1.994507e-09   -3.277516e-08   3.549331e+01 
8.921992e-01   1.075332e-01   4.037157e-08   3.487375e-07   1.993671e-09   -3.168557e-08   3.560233e+01 
8.918772e-01   1.078848e-01   3.979943e-08   3.508279e-07   1.992941e-09   -3.202443e-08   3.571145e+01 
8.915531e-01   1.082372e-01   3.950587e-08   3.530744e-07   1.992313e-09   -3.257603e-08   3.582066e+01 
8.912270e-01   1.085903e-01   3.931549e-08   3.553560e-07   1.991785e-09   -3.318806e-08   3.592997e+01 
8.908987e-01   1.089442e-01   3.913501e-08   3.576462e-07   1.991354e-09   -3.381344e-08   3.603937e+01 
8.905683e-01   1.092988e-01   3.895428e-08   3.599441e-07   1.991018e-09   -3.444170e-08   3.614886e+01 
8.902359e-01   1.096542e-01   3.877383e-08   3.622456e-07   1.990774e-09   -3.508208e-08   3.625844e+01 
8.899012e-01   1.100104e-01   3.859123e-08   3.645545e-07   1.990620e-09   -3.572554e-08   3.636812e+01 
8.895645e-01   1.103673e-01   3.840807e-08   3.668663e-07   1.990554e-09   -3.637964e-08   3.647789e+01 
8.892255e-01   1.107249e-01   3.822306e-08   3.691846e-07   1.990573e-09   -3.703563e-08   3.658776e+01 
8.888844e-01   1.110833e-01   3.803573e-08   3.715088e-07   1.990676e-09   -3.769560e-08   3.669771e+01 
8.885411e-01   1.114425e-01   3.784951e-08   3.738373e-07   1.990860e-09   -3.836731e-08   3.680776e+01 
8.881956e-01   1.118025e-01   3.766174e-08   3.761684e-07   1.991123e-09   -3.903999e-08   3.691790e+01 
8.878478e-01   1.121632e-01   3.747219e-08   3.785064e-07   1.991463e-09   -3.972072e-08   3.702813e+01 
8.874979e-01   1.125246e-01   3.728190e-08   3.808503e-07   1.991879e-09   -4.040916e-08   3.713846e+01 
8.871456e-01   1.128869e-01   3.708914e-08   3.831946e-07   1.992369e-09   -4.109805e-08   3.724887e+01 
8.867911e-01   1.132499e-01   3.689739e-08   3.855469e-07   1.992930e-09   -4.179981e-08   3.735938e+01 
8.864344e-01   1.136136e-01   3.670472e-08   3.879012e-07   1.993561e-09   -4.250917e-08   3.746998e+01 
8.860753e-01   1.139782e-01   3.651099e-08   3.902590e-07   1.994260e-09   -4.322153e-08   3.758067e+01 
8.857139e-01   1.143434e-01   3.631615e-08   3.926181e-07   1.995025e-09   -4.394150e-08   3.769145e+01 
8.853502e-01   1.147095e-01   3.612040e-08   3.949862e-07   1.995855e-09   -4.466950e-08   3.780233e+01 
8.849841e-01   1.150763e-01   3.592535e-08   3.973551e-07   1.996749e-09   -4.540396e-08   3.791329e+01 
8.846157e-01   1.154439e-01   3.572882e-08   3.997272e-07   1.997703e-09   -4.614023e-08   3.802434e+01 
8.842450e-01   1.158123e-01   3.553203e-08   4.021025e-07   1.998718e-09   -4.688498e-08   3.813549e+01 
8.838718e-01   1.161814e-01   3.533438e-08   4.044783e-07   1.999792e-09   -4.763798e-08   3.824672e+01 
8.834962e-01   1.165513e-01   3.513717e-08   4.068586e-07   2.000922e-09   -4.839758e-08   3.835805e+01 
8.831183e-01   1.169219e-01   3.493829e-08   4.092393e-07   2.002108e-09   -4.916135e-08   3.846946e+01 
8.827378e-01   1.172933e-01   3.474110e-08   4.116206e-07   2.003348e-09   -4.993859e-08   3.858097e+01 
8.823550e-01   1.176655e-01   3.454294e-08   4.140027e-07   2.004641e-09   -5.071908e-08   3.869256e+01 
8.819696e-01   1.180385e-01   3.434365e-08   4.163863e-07   2.005986e-09   -5.150235e-08   3.880425e+01 
8.815818e-01   1.184122e-01   3.414632e-08   4.187709e-07   2.007381e-09   -5.229572e-08   3.891602e+01 
8.811915e-01   1.187867e-01   3.394815e-08   4.211533e-07   2.008825e-09   -5.309130e-08   3.902789e+01 
8.807987e-01   1.191620e-01   3.375253e-08   4.235346e-07   2.010317e-09   -5.390274e-08   3.913984e+01 
8.804033e-01   1.195380e-01   3.355633e-08   4.259144e-07   2.011855e-09   -5.471715e-08   3.925188e+01 
8.800054e-01   1.199148e-01   3.335954e-08   4.282915e-07   2.013438e-09   -5.553344e-08   3.936401e+01 
8.796050e-01   1.202924e-01   3.316470e-08   4.306676e-07   2.015066e-09   -5.636110e-08   3.947624e+01 
8.792019e-01   1.206707e-01   3.297192e-08   4.330390e-07   2.016737e-09   -5.719853e-08   3.958854e+01 
8.787963e-01   1.210498e-01   3.277715e-08   4.354058e-07   2.018451e-09   -5.803738e-08   3.970094e+01 
8.783880e-01   1.214297e-01   3.258519e-08   4.377722e-07   2.020205e-09   -5.888853e-08   3.981343e+01 
8.779771e-01   1.218103e-01   3.239379e-08   4.401332e-07   2.021998e-09   -5.974226e-08   3.992600e+01 
8.775636e-01   1.221917e-01   3.220227e-08   4.424889e-07   2.023831e-09   -6.059696e-08   4.003866e+01 
8.771474e-01   1.225739e-01   3.201551e-08   4.448409e-07   2.025702e-09   -6.146729e-08   4.015142e+01 
8.767285e-01   1.229568e-01   3.182839e-08   4.471882e-07   2.027609e-09   -6.234031e-08   4.026425e+01 
8.763069e-01   1.233405e-01   3.164212e-08   4.495319e-07   2.029553e-09   -6.321882e-08   4.037718e+01 
8.758826e-01   1.237249e-01   3.145980e-08   4.518704e-07   2.031532e-09   -6.410636e-08   4.049019e+01 
8.754559e-01   1.241099e-01   3.128036e-08   4.541977e-07   2.033543e-09   -6.500136e-08   4.060321e+01 
8.750267e-01   1.244953e-01   3.110186e-08   4.565216e-07   2.035586e-09   -6.589896e-08   4.071622e+01 
8.745952e-01   1.248811e-01   3.092773e-08   4.588394e-07   2.037660e-09   -6.680644e-08   4.082924e+01 
8.741611e-01   1.252675e-01   3.075618e-08   4.611440e-07   2.039764e-09   -6.772027e-08   4.094225e+01 
8.737246e-01   1.256542e-01   3.058694e-08   4.634455e-07   2.041896e-09   -6.863807e-08   4.105527e+01 
8.732857e-01   1.260415e-01   3.042159e-08   4.657387e-07   2.044057e-09   -6.955990e-08   4.116828e+01 
8.728443e-01   1.264292e-01   3.026108e-08   4.680226e-07   2.046245e-09   -7.048884e-08   4.128130e+01 
8.724003e-01   1.268174e-01   3.010367e-08   4.702988e-07   2.048459e-09   -7.142416e-08   4.139431e+01 
8.719539e-01   1.272060e-01   2.994917e-08   4.725641e-07   2.050699e-09   -7.236487e-08   4.150733e+01 
8.715049e-01   1.275950e-01   2.980071e-08   4.748217e-07   2.052964e-09   -7.331525e-08   4.162034e+01 
8.710534e-01   1.279846e-01   2.965685e-08   4.770685e-07   2.055253e-09   -7.427143e-08   4.173336e+01 
8.705993e-01   1.283745e-01   2.951478e-08   4.793073e-07   2.057566e-09   -7.522667e-08   4.184637e+01 
8.701427e-01   1.287650e-01   2.937934e-08   4.815334e-07   2.059901e-09   -7.619004e-08   4.195939e+01 
8.696835e-01   1.291558e-01   2.924977e-08   4.837445e-07   2.062258e-09   -7.716121e-08   4.207240e+01 
8.692217e-01   1.295471e-01   2.912427e-08   4.859476e-07   2.064636e-09   -7.813642e-08   4.218541e+01 
8.687572e-01   1.299389e-01   2.900510e-08   4.881339e-07   2.067036e-09   -7.911683e-08   4.229843e+01 
8.682902e-01   1.303311e-01   2.889240e-08   4.903099e-07   2.069455e-09   -8.010487e-08   4.241145e+01 
8.678205e-01   1.307238e-01   2.878529e-08   4.924680e-07   2.071894e-09   -8.109327e-08   4.252446e+01 
8.673481e-01   1.311168e-01   2.868568e-08   4.946138e-07   2.074351e-09   -8.209112e-08   4.263747e+01 
8.668732e-01   1.315104e-01   2.859178e-08   4.967442e-07   2.076827e-09   -8.309032e-08   4.275049e+01 
8.663954e-01   1.319043e-01   2.850763e-08   4.988558e-07   2.079320e-09   -8.410345e-08   4.286350e+01 
8.659151e-01   1.322987e-01   2.842702e-08   5.009566e-07   2.081831e-09   -8.510848e-08   4.297652e+01 
8.654320e-01   1.326935e-01   2.835803e-08   5.030390e-07   2.084358e-09   -8.612850e-08   4.308953e+01 
8.649462e-01   1.330887e-01   2.829469e-08   5.051077e-07   2.086901e-09   -8.714142e-08   4.320255e+01 
8.644576e-01   1.334844e-01   2.824139e-08   5.071597e-07   2.089459e-09   -8.816764e-08   4.331556e+01 
8.639664e-01   1.338805e-01   2.819806e-08   5.091966e-07   2.092034e-09   -8.919519e-08   4.342858e+01 
8.634722e-01   1.342770e-01   2.816413e-08   5.112166e-07   2.094621e-09   -9.023431e-08   4.354159e+01 
8.629755e-01   1.346740e-01   2.813923e-08   5.132224e-07   2.097224e-09   -9.127131e-08   4.365461e+01 
8.624756e-01   1.350713e-01   2.812445e-08   5.152115e-07   2.099838e-09   -9.231680e-08   4.376762e+01 
8.619734e-01   1.354691e-01   2.812081e-08   5.171868e-07   2.102468e-09   -9.336538e-08   4.388064e+01 
8.614678e-01   1.358672e-01   2.812671e-08   5.191460e-07   2.105108e-09   -9.441668e-08   4.399365e+01 
8.609599e-01   1.362658e-01   2.814719e-08   5.210853e-07   2.107764e-09   -9.547913e-08   4.410667e+01 
8.604487e-01   1.366648e-01   2.817422e-08   5.230135e-07   2.110427e-09   -9.653168e-08   4.421968e+01 
8.599350e-01   1.370642e-01   2.821914e-08   5.249182e-07   2.113107e-09   -9.760509e-08   4.433270e+01 
8.594181e-01   1.374640e-01   2.827336e-08   5.268104e-07   2.115792e-09   -9.866639e-08   4.444571e+01 
8.588985e-01   1.378642e-01   2.834230e-08   5.286754e-07   2.118493e-09   -9.974488e-08   4.455873e+01 
8.583758e-01   1.382647e-01   2.842281e-08   5.305248e-07   2.121200e-09   -1.008109e-07   4.467174e+01 
8.578503e-01   1.386657e-01   2.852237e-08   5.323447e-07   2.123921e-09   -1.019015e-07   4.478475e+01 
8.573218e-01   1.390671e-01   2.863235e-08   5.341462e-07   2.126647e-09   -1.029746e-07   4.489777e+01 
8.567903e-01   1.394688e-01   2.875995e-08   5.359169e-07   2.129387e-09   -1.040634e-07   4.501078e+01 
8.562559e-01   1.398710e-01   2.890351e-08   5.376585e-07   2.132131e-09   -1.051504e-07   4.512380e+01 
8.557183e-01   1.402734e-01   2.906020e-08   5.393757e-07   2.134890e-09   -1.062327e-07   4.523681e+01 
8.551779e-01   1.406763e-01   2.923873e-08   5.410558e-07   2.137649e-09   -1.073300e-07   4.534983e+01 
8.546344e-01   1.410796e-01   2.943071e-08   5.427116e-07   2.140424e-09   -1.084106e-07   4.546284e+01 
8.540877e-01   1.414832e-01   2.964382e-08   5.443294e-07   2.143198e-09   -1.095108e-07   4.557586e+01 
8.535383e-01   1.418872e-01   2.987300e-08   5.459191e-07   2.145989e-09   -1.105940e-07   4.568887e+01 
8.529852e-01   1.422915e-01   3.012950e-08   5.474725e-07   2.148776e-09   -1.117072e-07   4.580189e+01 
8.524298e-01   1.426963e-01   3.039569e-08   5.489970e-07   2.151583e-09   -1.127939e-07   4.591490e+01 
8.518703e-01   1.431013e-01   3.068889e-08   5.504900e-07   2.154382e-09   -1.138944e-07   4.602792e+01 
8.513087e-01   1.435067e-01   3.100400e-08   5.519464e-07   2.157202e-09   -1.150001e-07   4.614093e+01 
8.507430e-01   1.439125e-01   3.133511e-08   5.533823e-07   2.160014e-09   -1.160808e-07   4.625395e+01 
8.501750e-01   1.443186e-01   3.170066e-08   5.547768e-07   2.162845e-09   -1.172017e-07   4.636696e+01 
8.496031e-01   1.447250e-01   3.207713e-08   5.561518e-07   2.165669e-09   -1.182804e-07   4.647998e+01 
8.490284e-01   1.451318e-01   3.249084e-08   5.574843e-07   2.168510e-09   -1.193999e-07   4.659299e+01 
8.484503e-01   1.455389e-01   3.291887e-08   5.587962e-07   2.171346e-09   -1.204896e-07   4.670600e+01 
8.478691e-01   1.459463e-01   3.351919e-08   5.600726e-07   2.174196e-09   -1.215897e-07   4.681902e+01 
8.472844e-01   1.463541e-01   3.438152e-08   5.613161e-07   2.177042e-09   -1.227570e-07   4.693203e+01 
8.466968e-01   1.467622e-01   3.446999e-08   5.625261e-07   2.179901e-09   -1.237679e-07   4.704505e+01 
8.461054e-01   1.471706e-01   3.492894e-08   5.636866e-07   2.182756e-09   -1.249009e-07   4.715806e+01 
8.455114e-01   1.475793e-01   3.549355e-08   5.648272e-07   2.185623e-09   -1.259765e-07   4.727108e+01 
8.449131e-01   1.479882e-01   3.610427e-08   5.659135e-07   2.188485e-09   -1.270816e-07   4.738409e+01 
8.443126e-01   1.483976e-01   3.673854e-08   5.669602e-07   2.191361e-09   -1.281756e-07   4.749711e+01 
8.437075e-01   1.488071e-01   3.740284e-08   5.679692e-07   2.194230e-09   -1.292474e-07   4.761012e+01 
8.431002e-01   1.492171e-01   3.811587e-08   5.689155e-07   2.197114e-09   -1.303612e-07   4.772314e+01 
8.424885e-01   1.496272e-01   3.884004e-08   5.698337e-07   2.199989e-09   -1.314130e-07   4.783615e+01 
8.418742e-01   1.500377e-01   3.962331e-08   5.706877e-07   2.202879e-09   -1.325135e-07   4.794917e+01 
8.412558e-01   1.504485e-01   4.042813e-08   5.715004e-07   2.205759e-09   -1.335786e-07   4.806218e+01 
8.406345e-01   1.508594e-01   4.127424e-08   5.722638e-07   2.208657e-09   -1.346387e-07   4.817520e+01 
8.400091e-01   1.512707e-01   4.217009e-08   5.729655e-07   2.211539e-09   -1.357207e-07   4.828821e+01 
8.393810e-01   1.516823e-01   4.308485e-08   5.736382e-07   2.214445e-09   -1.367542e-07   4.840123e+01 
8.387483e-01   1.520940e-01   4.406584e-08   5.742395e-07   2.217330e-09   -1.378234e-07   4.851424e+01 
8.381135e-01   1.525061e-01   4.507264e-08   5.748021e-07   2.220242e-09   -1.388686e-07   4.862726e+01 
8.374735e-01   1.529183e-01   4.612789e-08   5.753124e-07   2.223131e-09   -1.398965e-07   4.874027e+01 
8.368316e-01   1.533309e-01   4.724075e-08   5.757609e-07   2.226046e-09   -1.409555e-07   4.885328e+01 
8.361846e-01   1.537437e-01   4.837512e-08   5.761747e-07   2.228941e-09   -1.419489e-07   4.896630e+01 
8.355352e-01   1.541566e-01   4.958728e-08   5.765187e-07   2.231857e-09   -1.429935e-07   4.907932e+01 
8.348812e-01   1.545699e-01   5.082934e-08   5.768097e-07   2.234757e-09   -1.439987e-07   4.919233e+01 
8.342244e-01   1.549833e-01   5.212711e-08   5.770549e-07   2.237677e-09   -1.449964e-07   4.930534e+01 
8.335629e-01   1.553969e-01   5.349246e-08   5.772231e-07   2.240579e-09   -1.460119e-07   4.941836e+01 
8.328992e-01   1.558108e-01   5.488155e-08   5.773565e-07   2.243508e-09   -1.469764e-07   4.953137e+01 
8.322299e-01   1.562248e-01   5.635713e-08   5.774115e-07   2.246405e-09   -1.479583e-07   4.964439e+01 
8.315589e-01   1.566391e-01   5.787429e-08   5.774147e-07   2.249335e-09   -1.489329e-07   4.975740e+01 
8.308821e-01   1.570535e-01   5.944387e-08   5.773654e-07   2.252232e-09   -1.498602e-07   4.987042e+01 
8.302035e-01   1.574681e-01   6.110541e-08   5.772368e-07   2.255165e-09   -1.508409e-07   4.998343e+01 
8.295195e-01   1.578829e-01   6.278937e-08   5.770679e-07   2.258067e-09   -1.517453e-07   5.009645e+01 
8.288329e-01   1.582978e-01   6.456719e-08   5.768329e-07   2.260999e-09   -1.526768e-07   5.020946e+01 
8.281413e-01   1.587129e-01   6.641149e-08   5.765271e-07   2.263904e-09   -1.535991e-07   5.032248e+01 
8.274473e-01   1.591282e-01   6.829710e-08   5.761832e-07   2.266837e-09   -1.544771e-07   5.043549e+01 
8.267476e-01   1.595436e-01   7.029600e-08   5.757543e-07   2.269740e-09   -1.553805e-07   5.054851e+01 
8.260462e-01   1.599592e-01   7.233347e-08   5.752777e-07   2.272679e-09   -1.562581e-07   5.066152e+01 
8.253385e-01   1.603748e-01   7.444863e-08   5.747407e-07   2.275579e-09   -1.570868e-07   5.077454e+01 
8.246291e-01   1.607906e-01   7.667496e-08   5.741212e-07   2.278519e-09   -1.579717e-07   5.088755e+01 
8.239138e-01   1.612066e-01   7.893023e-08   5.734570e-07   2.281421e-09   -1.587654e-07   5.100057e+01 
8.231962e-01   1.616226e-01   8.130709e-08   5.727147e-07   2.284360e-09   -1.595946e-07   5.111358e+01 
8.224730e-01   1.620388e-01   8.375924e-08   5.718946e-07   2.287262e-09   -1.603978e-07   5.122660e+01 
8.217476e-01   1.624550e-01   8.626468e-08   5.710298e-07   2.290201e-09   -1.611545e-07   5.133961e+01 
8.210159e-01   1.628713e-01   8.892013e-08   5.700640e-07   2.293102e-09   -1.619349e-07   5.145262e+01 
8.202828e-01   1.632878e-01   9.161668e-08   5.690413e-07   2.296043e-09   -1.626852e-07   5.156564e+01 
8.195428e-01   1.637043e-01   9.441574e-08   5.679518e-07   2.298940e-09   -1.633800e-07   5.167865e+01 
8.188013e-01   1.641208e-01   9.734686e-08   5.667690e-07   2.301882e-09   -1.641294e-07   5.179167e+01 
8.180534e-01   1.645375e-01   1.003255e-07   5.655270e-07   2.304778e-09   -1.647850e-07   5.190468e+01 
8.173034e-01   1.649541e-01   1.034405e-07   5.642089e-07   2.307721e-09   -1.654627e-07   5.201770e+01 
8.165471e-01   1.653709e-01   1.066746e-07   5.627963e-07   2.310619e-09   -1.661240e-07   5.213071e+01 
8.157892e-01   1.657876e-01   1.099544e-07   5.613436e-07   2.313567e-09   -1.667278e-07   5.224373e+01 
8.150239e-01   1.662043e-01   1.134208e-07   5.597893e-07   2.316461e-09   -1.673328e-07   5.235674e+01 
8.142579e-01   1.666212e-01   1.169641e-07   5.581495e-07   2.319401e-09   -1.679362e-07   5.246976e+01 
8.134841e-01   1.670380e-01   1.206045e-07   5.564534e-07   2.322283e-09   -1.684444e-07   5.258277e+01 
8.127092e-01   1.674547e-01   1.244331e-07   5.546506e-07   2.325220e-09   -1.690221e-07   5.269579e+01 
8.119272e-01   1.678716e-01   1.283258e-07   5.527799e-07   2.328111e-09   -1.695101e-07   5.280880e+01 
8.111435e-01   1.682883e-01   1.323556e-07   5.508459e-07   2.331066e-09   -1.699888e-07   5.292182e+01 
8.103525e-01   1.687051e-01   1.365749e-07   5.487963e-07   2.333959e-09   -1.704614e-07   5.303483e+01 
8.095607e-01   1.691218e-01   1.408416e-07   5.466927e-07   2.336899e-09   -1.708841e-07   5.314785e+01 
8.087604e-01   1.695385e-01   1.453110e-07   5.444929e-07   2.339766e-09   -1.712627e-07   5.326086e+01 
8.079598e-01   1.699551e-01   1.499281e-07   5.421946e-07   2.342705e-09   -1.716806e-07   5.337387e+01 
8.071509e-01   1.703717e-01   1.546395e-07   5.398219e-07   2.345588e-09   -1.719802e-07   5.348689e+01 
8.063411e-01   1.707881e-01   1.595508e-07   5.373562e-07   2.348533e-09   -1.723119e-07   5.359990e+01 
8.055232e-01   1.712046e-01   1.646367e-07   5.347727e-07   2.351392e-09   -1.726007e-07   5.371292e+01 
8.047049e-01   1.716209e-01   1.697973e-07   5.321339e-07   2.354338e-09   -1.728430e-07   5.382593e+01 
8.038772e-01   1.720371e-01   1.752202e-07   5.293743e-07   2.357248e-09   -1.730457e-07   5.393895e+01 
8.030502e-01   1.724532e-01   1.807818e-07   5.265167e-07   2.360263e-09   -1.732749e-07   5.405196e+01 
8.022135e-01   1.728693e-01   1.864646e-07   5.235925e-07   2.363155e-09   -1.733624e-07   5.416498e+01 
8.013768e-01   1.732850e-01   1.924206e-07   5.205487e-07   2.366062e-09   -1.735201e-07   5.427799e+01 
8.005312e-01   1.737009e-01   1.985159e-07   5.174038e-07   2.368859e-09   -1.735848e-07   5.439101e+01 
7.996853e-01   1.741163e-01   2.047517e-07   5.141928e-07   2.371767e-09   -1.736229e-07   5.450402e+01 
7.988297e-01   1.745317e-01   2.113070e-07   5.108428e-07   2.374635e-09   -1.736223e-07   5.461704e+01 
7.979751e-01   1.749470e-01   2.179675e-07   5.074025e-07   2.377665e-09   -1.736201e-07   5.473005e+01 
7.971098e-01   1.753620e-01   2.248398e-07   5.038728e-07   2.380600e-09   -1.734855e-07   5.484307e+01 
7.962453e-01   1.757768e-01   2.320039e-07   5.002116e-07   2.383493e-09   -1.734200e-07   5.495608e+01 
7.953709e-01   1.761916e-01   2.393275e-07   4.964457e-07   2.386192e-09   -1.732372e-07   5.506910e+01 
7.944969e-01   1.766058e-01   2.468339e-07   4.926042e-07   2.389130e-09   -1.730332e-07   5.518211e+01 
7.936121e-01   1.770201e-01   2.547301e-07   4.886120e-07   2.392119e-09   -1.727901e-07   5.529513e+01 
7.927293e-01   1.774341e-01   2.626986e-07   4.845482e-07   2.395120e-09   -1.725275e-07   5.540814e+01 
7.918342e-01   1.778477e-01   2.709921e-07   4.803830e-07   2.397818e-09   -1.721429e-07   5.552116e+01 
7.909415e-01   1.782611e-01   2.795812e-07   4.760922e-07   2.400681e-09   -1.718232e-07   5.563417e+01 
7.900369e-01   1.786744e-01   2.883675e-07   4.717056e-07   2.403602e-09   -1.713650e-07   5.574719e+01 
7.891342e-01   1.790872e-01   2.974090e-07   4.672281e-07   2.406646e-09   -1.709089e-07   5.586020e+01 
7.882192e-01   1.794998e-01   3.068570e-07   4.625987e-07   2.409344e-09   -1.703718e-07   5.597321e+01 
7.873070e-01   1.799120e-01   3.164569e-07   4.578698e-07   2.412204e-09   -1.698468e-07   5.608623e+01 
7.863818e-01   1.803240e-01   3.263744e-07   4.530346e-07   2.415154e-09   -1.691497e-07   5.619924e+01 
7.854591e-01   1.807355e-01   3.366911e-07   4.480505e-07   2.418092e-09   -1.685361e-07   5.631226e+01 
7.845241e-01   1.811470e-01   3.472501e-07   4.429509e-07   2.420748e-09   -1.677683e-07   5.642527e+01 
7.835913e-01   1.815577e-01   3.580380e-07   4.377684e-07   2.423803e-09   -1.669861e-07   5.653829e+01 
7.826451e-01   1.819683e-01   3.694158e-07   4.324188e-07   2.426598e-09   -1.661309e-07   5.665130e+01 
7.817032e-01   1.823784e-01   3.808747e-07   4.269882e-07   2.429409e-09   -1.652737e-07   5.676432e+01 
7.807459e-01   1.827882e-01   3.928001e-07   4.214496e-07   2.432319e-09   -1.642582e-07   5.687733e+01 
7.797934e-01   1.831974e-01   4.051215e-07   4.157791e-07   2.435218e-09   -1.633027e-07   5.699035e+01 
7.788259e-01   1.836065e-01   4.178024e-07   4.099935e-07   2.437855e-09   -1.621999e-07   5.710336e+01 
7.778630e-01   1.840148e-01   4.307360e-07   4.041180e-07   2.441014e-09   -1.610936e-07   5.721638e+01 
7.768841e-01   1.844228e-01   4.443080e-07   3.980979e-07   2.443568e-09   -1.598606e-07   5.732939e+01 
7.759111e-01   1.848303e-01   4.581383e-07   3.919575e-07   2.446535e-09   -1.586719e-07   5.744241e+01 
7.749218e-01   1.852376e-01   4.723565e-07   3.857286e-07   2.449425e-09   -1.572835e-07   5.755542e+01 
7.739372e-01   1.856438e-01   4.871126e-07   3.793652e-07   2.452075e-09   -1.559509e-07   5.766844e+01 
7.729374e-01   1.860502e-01   5.023934e-07   3.728697e-07   2.455119e-09   -1.544788e-07   5.778145e+01 
7.719426e-01   1.864555e-01   5.178157e-07   3.663075e-07   2.457893e-09   -1.529920e-07   5.789446e+01 
7.709304e-01   1.868606e-01   5.341262e-07   3.595952e-07   2.460787e-09   -1.513649e-07   5.800748e+01 
7.699257e-01   1.872650e-01   5.506861e-07   3.527740e-07   2.463736e-09   -1.497752e-07   5.812049e+01 
7.689020e-01   1.876689e-01   5.678212e-07   3.458410e-07   2.466249e-09   -1.480087e-07   5.823351e+01 
7.678864e-01   1.880721e-01   5.853627e-07   3.388022e-07   2.469174e-09   -1.462502e-07   5.834652e+01 
7.668507e-01   1.884748e-01   6.037992e-07   3.316077e-07   2.471806e-09   -1.443467e-07   5.845954e+01 
7.658250e-01   1.888770e-01   6.223669e-07   3.243170e-07   2.475095e-09   -1.424625e-07   5.857255e+01 
7.647775e-01   1.892784e-01   6.417353e-07   3.169241e-07   2.478237e-09   -1.403661e-07   5.868557e+01 
7.637395e-01   1.896789e-01   6.617993e-07   3.093739e-07   2.481145e-09   -1.383387e-07   5.879858e+01 
7.626821e-01   1.900796e-01   6.823413e-07   3.017423e-07   2.483353e-09   -1.361267e-07   5.891160e+01 
7.616321e-01   1.904785e-01   7.033078e-07   2.940268e-07   2.485857e-09   -1.339178e-07   5.902461e+01 
7.605620e-01   1.908776e-01   7.255615e-07   2.861784e-07   2.488486e-09   -1.315535e-07   5.913763e+01 
7.595021e-01   1.912755e-01   7.478540e-07   2.782666e-07   2.491446e-09   -1.292103e-07   5.925064e+01 
7.584191e-01   1.916730e-01   7.712241e-07   2.702746e-07   2.494256e-09   -1.266957e-07   5.936366e+01 
7.573480e-01   1.920695e-01   7.951241e-07   2.621969e-07   2.497461e-09   -1.241839e-07   5.947667e+01 
7.562525e-01   1.924654e-01   8.201765e-07   2.540357e-07   2.500076e-09   -1.215210e-07   5.958969e+01 
7.551707e-01   1.928605e-01   8.453735e-07   2.458191e-07   2.502757e-09   -1.188829e-07   5.970270e+01 
7.540625e-01   1.932548e-01   8.719226e-07   2.375537e-07   2.505124e-09   -1.160550e-07   5.981571e+01 
7.529682e-01   1.936481e-01   8.991283e-07   2.292081e-07   2.508034e-09   -1.132457e-07   5.992873e+01 
7.518490e-01   1.940412e-01   9.273435e-07   2.208414e-07   2.510637e-09   -1.102974e-07   6.004174e+01 
7.507426e-01   1.944326e-01   9.559179e-07   2.124480e-07   2.513577e-09   -1.073451e-07   6.015476e+01 
7.496095e-01   1.948237e-01   9.864253e-07   2.039999e-07   2.516163e-09   -1.042221e-07   6.026777e+01 
7.484929e-01   1.952138e-01   1.017004e-06   1.955238e-07   2.519104e-09   -1.011197e-07   6.038079e+01 
7.473466e-01   1.956031e-01   1.049049e-06   1.870312e-07   2.521695e-09   -9.787802e-08   6.049380e+01 
7.462175e-01   1.959911e-01   1.081840e-06   1.784919e-07   2.524624e-09   -9.459264e-08   6.060682e+01 
7.450583e-01   1.963786e-01   1.116468e-06   1.699201e-07   2.527204e-09   -9.115861e-08   6.071983e+01 
7.439179e-01   1.967649e-01   1.151080e-06   1.613333e-07   2.530137e-09   -8.775556e-08   6.083285e+01 
7.427454e-01   1.971505e-01   1.187871e-06   1.527274e-07   2.532713e-09   -8.416673e-08   6.094586e+01 
7.415917e-01   1.975344e-01   1.225411e-06   1.441054e-07   2.535617e-09   -8.053557e-08   6.105888e+01 
7.404073e-01   1.979185e-01   1.264712e-06   1.354574e-07   2.538215e-09   -7.681171e-08   6.117189e+01 
7.392417e-01   1.983004e-01   1.304300e-06   1.268584e-07   2.541091e-09   -7.305005e-08   6.128491e+01 
7.380418e-01   1.986818e-01   1.346865e-06   1.182397e-07   2.543688e-09   -6.911597e-08   6.139792e+01 
7.368661e-01   1.990621e-01   1.389492e-06   1.096795e-07   2.546552e-09   -6.516437e-08   6.151094e+01 
7.356515e-01   1.994411e-01   1.434826e-06   1.012008e-07   2.549148e-09   -6.111708e-08   6.162395e+01 
7.344637e-01   1.998190e-01   1.480474e-06   9.279003e-08   2.551983e-09   -5.702470e-08   6.173697e+01 
7.332353e-01   2.001961e-01   1.529519e-06   8.443371e-08   2.554605e-09   -5.275280e-08   6.184998e+01 
7.320342e-01   2.005711e-01   1.579073e-06   7.636580e-08   2.557369e-09   -4.853457e-08   6.196300e+01 
7.307947e-01   2.009467e-01   1.631162e-06   6.793415e-08   2.560056e-09   -4.400838e-08   6.207601e+01 
7.295782e-01   2.013183e-01   1.684696e-06   6.046972e-08   2.562739e-09   -3.988195e-08   6.218903e+01 
7.283252e-01   2.016912e-01   1.742388e-06   5.180473e-08   2.565452e-09   -3.468380e-08   6.230204e+01 
7.270992e-01   2.020615e-01   1.799606e-06   4.483265e-08   2.568096e-09   -3.065153e-08   6.241505e+01 
7.258310e-01   2.024299e-01   1.861907e-06   3.632983e-08   2.570836e-09   -2.538355e-08   6.252807e+01 
7.245882e-01   2.027981e-01   1.926441e-06   2.890898e-08   2.573375e-09   -2.037500e-08   6.264108e+01 
7.233302e-01   2.031628e-01   1.994553e-06   2.124187e-08   2.576220e-09   -1.565773e-08   6.275410e+01 
7.220115e-01   2.035245e-01   2.069651e-06   1.241397e-08   2.578619e-09   -9.402824e-09   6.286711e+01 
7.209537e-01   2.038784e-01   2.138639e-06   5.556179e-09   2.581422e-09   -5.408123e-09   6.298013e+01 
7.192113e-01   2.042053e-01   2.264501e-06   6.036838e-16   2.584341e-09   1.082467e-15   6.309314e+01 
