% The data presented here were obtained from a direct numerical simulation of a turbulent 
% boundary layer developing under a pressure gradient. All the data shown here are 
% not normalized. Please refer to the references below for rmore detailed information.
 
 
% We compute the boundary layer thickness using the method of Griffin et al. (2021). 
% The pressure-gradient parameters of beta_{ZS} and beta_i are computed as follows. 
% beta_{ZS}=(delta)/(rho U_{ZS}^2)(dp_e/dx) and beta_i = (nu/rho u_tau^3)(d p_w/dx) 
% where $delta$ is the boundary layer thickness, $U_{ZS}$ is the Zagorola-Smits velocity, 
% $p_e$ and $p_w$ are the pressure at the edge of boundary layer and wall, respectively. 
 
 
% Please check this report for rmore detailed information about the data: 
% Gungor, T. R., Gungor, A. G.., Maciel, Y. (2024). Datasets of  
% three non-equilibrium pressure gradient turbulent boundary layers.  
 
 
% Please cite this paper when referencing the data: 
% Gungor, T. R., Maciel, Y., & Gungor, A. G. (2022). 
% Energy transfer mechanisms in adverse pressure gradient turbulent boundary layers: 
% production and inter-component redistribution. Journal of Fluid Mechanics, 948, A5  
 
  
% ========================================================================================= 
% 	 	 	************ Position 4 of DNS22 ************ 
% ========================================================================================= 

% 	 Re_tau = 5.710170e+02 
% 	 Re_theta=4.615000e+03 
% 	 utau=1.499853e-02 
% 	 U_e=7.179378e-01 
% 	 theta=1.836610e+00 
% 	 delta_star=3.958383e+00 
% 	 delta=1.087758e+01 
%  	 x_pos=1.398254e+02 
% 	 H=2.155266e+00 
% 	 C_f=8.567482e-04 
% 	 nu=2.857143e-04 
% 	 beta_RC=1.234067e+01 
% 	 beta_i=8.308596e-02 
% 	 beta_ZS=1.556751e-01 
 
% ========================================================================================================== 
% 	 U   	   V   	   u2   	   v2   	   w2   	   uv   	   y        
% ========================================================================================================= 
1.806459e-03   5.323383e-08   2.812121e-06   1.802764e-10   2.789962e-06   -3.120429e-09   2.287286e-03 
4.167073e-03   2.811515e-07   1.448360e-05   4.693140e-09   1.408836e-05   -3.875153e-08   5.249328e-03 
7.099935e-03   8.068133e-07   4.019086e-05   3.554557e-08   3.795980e-05   -1.950978e-07   8.878786e-03 
1.062525e-02   1.781323e-06   8.533042e-05   1.558137e-07   7.748004e-05   -6.589215e-07   1.316846e-02 
1.475755e-02   3.382927e-06   1.555026e-04   4.963447e-07   1.344615e-04   -1.751906e-06   1.811128e-02 
1.950353e-02   5.815154e-06   2.561155e-04   1.276300e-06   2.090157e-04   -3.948474e-06   2.370030e-02 
2.485390e-02   9.302825e-06   3.915928e-04   2.808332e-06   2.996698e-04   -7.845523e-06   2.992870e-02 
3.077943e-02   1.408523e-05   5.642522e-04   5.483972e-06   4.035777e-04   -1.407950e-05   3.678981e-02 
3.722582e-02   2.040618e-05   7.732938e-04   9.741587e-06   5.170259e-04   -2.320006e-05   4.427706e-02 
4.411149e-02   2.850164e-05   1.014159e-03   1.602469e-05   6.359821e-04   -3.554483e-05   5.238400e-02 
5.133098e-02   3.858664e-05   1.278730e-03   2.474032e-05   7.566300e-04   -5.115853e-05   6.110430e-02 
5.876327e-02   5.084366e-05   1.556424e-03   3.622563e-05   8.757492e-04   -6.978422e-05   7.043171e-02 
6.628248e-02   6.541465e-05   1.835818e-03   5.072703e-05   9.909065e-04   -9.092122e-05   8.036013e-02 
7.376854e-02   8.239744e-05   2.106285e-03   6.839245e-05   1.100463e-03   -1.139237e-04   9.088354e-02 
8.111576e-02   1.018466e-04   2.359213e-03   8.927416e-05   1.203460e-03   -1.381067e-04   1.019960e-01 
8.823833e-02   1.237803e-04   2.588629e-03   1.133384e-04   1.299455e-03   -1.628338e-04   1.136918e-01 
9.507249e-02   1.481918e-04   2.791262e-03   1.404775e-04   1.388365e-03   -1.875732e-04   1.259652e-01 
1.015760e-01   1.750623e-04   2.966202e-03   1.705228e-04   1.470335e-03   -2.119207e-04   1.388106e-01 
1.077254e-01   2.043682e-04   3.114339e-03   2.032557e-04   1.545661e-03   -2.355978e-04   1.522225e-01 
1.135131e-01   2.360781e-04   3.237758e-03   2.384185e-04   1.614732e-03   -2.584359e-04   1.661954e-01 
1.189431e-01   2.701450e-04   3.339201e-03   2.757240e-04   1.678004e-03   -2.803564e-04   1.807240e-01 
1.240283e-01   3.064992e-04   3.421666e-03   3.148649e-04   1.735964e-03   -3.013501e-04   1.958032e-01 
1.287869e-01   3.450553e-04   3.488131e-03   3.555223e-04   1.789103e-03   -3.214559e-04   2.114276e-01 
1.332401e-01   3.857261e-04   3.541373e-03   3.973759e-04   1.837890e-03   -3.407421e-04   2.275923e-01 
1.374107e-01   4.284273e-04   3.583876e-03   4.401133e-04   1.882766e-03   -3.592902e-04   2.442923e-01 
1.413212e-01   4.730699e-04   3.617780e-03   4.834398e-04   1.924140e-03   -3.771874e-04   2.615227e-01 
1.449934e-01   5.195767e-04   3.644887e-03   5.270847e-04   1.962374e-03   -3.945217e-04   2.792786e-01 
1.484479e-01   5.679124e-04   3.666715e-03   5.708045e-04   1.997769e-03   -4.113706e-04   2.975553e-01 
1.517043e-01   6.180910e-04   3.684530e-03   6.143844e-04   2.030566e-03   -4.277896e-04   3.163481e-01 
1.547811e-01   6.701432e-04   3.699354e-03   6.576407e-04   2.060997e-03   -4.438179e-04   3.356524e-01 
1.576961e-01   7.240613e-04   3.711976e-03   7.004260e-04   2.089320e-03   -4.594920e-04   3.554638e-01 
1.604657e-01   7.797826e-04   3.723042e-03   7.426323e-04   2.115781e-03   -4.748647e-04   3.757776e-01 
1.631052e-01   8.372388e-04   3.733103e-03   7.841857e-04   2.140569e-03   -4.899983e-04   3.965896e-01 
1.656282e-01   8.963810e-04   3.742654e-03   8.250325e-04   2.163804e-03   -5.049376e-04   4.178954e-01 
1.680466e-01   9.571175e-04   3.752139e-03   8.651370e-04   2.185495e-03   -5.197090e-04   4.396908e-01 
1.703714e-01   1.019329e-03   3.761896e-03   9.044845e-04   2.205574e-03   -5.343394e-04   4.619715e-01 
1.726120e-01   1.082962e-03   3.772133e-03   9.430666e-04   2.224038e-03   -5.488611e-04   4.847335e-01 
1.747764e-01   1.148014e-03   3.782951e-03   9.808629e-04   2.240984e-03   -5.633012e-04   5.079727e-01 
1.768714e-01   1.214491e-03   3.794422e-03   1.017844e-03   2.256555e-03   -5.776702e-04   5.316850e-01 
1.789041e-01   1.282394e-03   3.806738e-03   1.053977e-03   2.270982e-03   -5.919807e-04   5.558666e-01 
1.808815e-01   1.351697e-03   3.820156e-03   1.089232e-03   2.284576e-03   -6.062574e-04   5.805136e-01 
1.828109e-01   1.422368e-03   3.834843e-03   1.123599e-03   2.297590e-03   -6.205449e-04   6.056221e-01 
1.846983e-01   1.494387e-03   3.850912e-03   1.157083e-03   2.310182e-03   -6.348974e-04   6.311883e-01 
1.865489e-01   1.567817e-03   3.868374e-03   1.189693e-03   2.322553e-03   -6.493280e-04   6.572085e-01 
1.883672e-01   1.642822e-03   3.887160e-03   1.221432e-03   2.334979e-03   -6.637890e-04   6.836791e-01 
1.901578e-01   1.719545e-03   3.907201e-03   1.252313e-03   2.347622e-03   -6.782344e-04   7.105965e-01 
1.919256e-01   1.797971e-03   3.928436e-03   1.282371e-03   2.360505e-03   -6.926663e-04   7.379571e-01 
1.936751e-01   1.877963e-03   3.950811e-03   1.311654e-03   2.373710e-03   -7.071170e-04   7.657573e-01 
1.954101e-01   1.959422e-03   3.974171e-03   1.340194e-03   2.387344e-03   -7.216251e-04   7.939938e-01 
1.971338e-01   2.042458e-03   3.998203e-03   1.368032e-03   2.401294e-03   -7.361978e-04   8.226631e-01 
1.988502e-01   2.127323e-03   4.022838e-03   1.395209e-03   2.415393e-03   -7.507965e-04   8.517619e-01 
2.005625e-01   2.214131e-03   4.048311e-03   1.421736e-03   2.429620e-03   -7.653802e-04   8.812869e-01 
2.022731e-01   2.302877e-03   4.074951e-03   1.447630e-03   2.444014e-03   -7.799397e-04   9.112347e-01 
2.039832e-01   2.393594e-03   4.102768e-03   1.472930e-03   2.458601e-03   -7.944710e-04   9.416021e-01 
2.056944e-01   2.486390e-03   4.131382e-03   1.497697e-03   2.473358e-03   -8.089634e-04   9.723861e-01 
2.074074e-01   2.581343e-03   4.160503e-03   1.521981e-03   2.488217e-03   -8.234010e-04   1.003583e+00 
2.091237e-01   2.678543e-03   4.190195e-03   1.545823e-03   2.503221e-03   -8.377624e-04   1.035191e+00 
2.108456e-01   2.777970e-03   4.220549e-03   1.569252e-03   2.518593e-03   -8.520442e-04   1.067206e+00 
2.125753e-01   2.879469e-03   4.251502e-03   1.592296e-03   2.534571e-03   -8.662641e-04   1.099625e+00 
2.143145e-01   2.982930e-03   4.283075e-03   1.614996e-03   2.551114e-03   -8.804803e-04   1.132445e+00 
2.160641e-01   3.088447e-03   4.315433e-03   1.637394e-03   2.568125e-03   -8.946873e-04   1.165663e+00 
2.178265e-01   3.196127e-03   4.348560e-03   1.659541e-03   2.585673e-03   -9.088326e-04   1.199277e+00 
2.196066e-01   3.306058e-03   4.382046e-03   1.681451e-03   2.603891e-03   -9.229418e-04   1.233283e+00 
2.214092e-01   3.418394e-03   4.415553e-03   1.703074e-03   2.622879e-03   -9.370699e-04   1.267679e+00 
2.232360e-01   3.533185e-03   4.449340e-03   1.724353e-03   2.642663e-03   -9.512468e-04   1.302462e+00 
2.250864e-01   3.650351e-03   4.483794e-03   1.745249e-03   2.663056e-03   -9.654110e-04   1.337629e+00 
2.269599e-01   3.769850e-03   4.519064e-03   1.765769e-03   2.683577e-03   -9.794917e-04   1.373178e+00 
2.288542e-01   3.891780e-03   4.555127e-03   1.785924e-03   2.703846e-03   -9.935065e-04   1.409105e+00 
2.307641e-01   4.016258e-03   4.591837e-03   1.805728e-03   2.724072e-03   -1.007416e-03   1.445409e+00 
2.326888e-01   4.143247e-03   4.629195e-03   1.825273e-03   2.744798e-03   -1.021165e-03   1.482086e+00 
2.346306e-01   4.272498e-03   4.667400e-03   1.844673e-03   2.766374e-03   -1.034873e-03   1.519134e+00 
2.365906e-01   4.403558e-03   4.706469e-03   1.863972e-03   2.788492e-03   -1.048633e-03   1.556551e+00 
2.385720e-01   4.536103e-03   4.746099e-03   1.883194e-03   2.810602e-03   -1.062433e-03   1.594334e+00 
2.405785e-01   4.670328e-03   4.786176e-03   1.902324e-03   2.832145e-03   -1.076207e-03   1.632480e+00 
2.426115e-01   4.806840e-03   4.826761e-03   1.921310e-03   2.852920e-03   -1.089826e-03   1.670987e+00 
2.446714e-01   4.946134e-03   4.867314e-03   1.940111e-03   2.873279e-03   -1.103172e-03   1.709852e+00 
2.467579e-01   5.088060e-03   4.907389e-03   1.958665e-03   2.893602e-03   -1.116264e-03   1.749074e+00 
2.488682e-01   5.231978e-03   4.947262e-03   1.976943e-03   2.914353e-03   -1.129257e-03   1.788650e+00 
2.509966e-01   5.377414e-03   4.987330e-03   1.994908e-03   2.935839e-03   -1.142226e-03   1.828577e+00 
2.531398e-01   5.523913e-03   5.027889e-03   2.012550e-03   2.957637e-03   -1.155230e-03   1.868854e+00 
2.553022e-01   5.671249e-03   5.069048e-03   2.029907e-03   2.979149e-03   -1.168309e-03   1.909477e+00 
2.574939e-01   5.820225e-03   5.110648e-03   2.047115e-03   3.000330e-03   -1.181400e-03   1.950446e+00 
2.597188e-01   5.971666e-03   5.152031e-03   2.064143e-03   3.021556e-03   -1.194497e-03   1.991756e+00 
2.619725e-01   6.125940e-03   5.193051e-03   2.080846e-03   3.042946e-03   -1.207505e-03   2.033407e+00 
2.642518e-01   6.282993e-03   5.234400e-03   2.097184e-03   3.064876e-03   -1.220349e-03   2.075396e+00 
2.665548e-01   6.442575e-03   5.275812e-03   2.113191e-03   3.087528e-03   -1.232963e-03   2.117722e+00 
2.688797e-01   6.604705e-03   5.316665e-03   2.128984e-03   3.110325e-03   -1.245189e-03   2.160380e+00 
2.712252e-01   6.769418e-03   5.356727e-03   2.144641e-03   3.132688e-03   -1.256997e-03   2.203371e+00 
2.735911e-01   6.936650e-03   5.395623e-03   2.160133e-03   3.155181e-03   -1.268519e-03   2.246692e+00 
2.759822e-01   7.106795e-03   5.432676e-03   2.175492e-03   3.177921e-03   -1.279823e-03   2.290340e+00 
2.784039e-01   7.280387e-03   5.468079e-03   2.190747e-03   3.200446e-03   -1.290885e-03   2.334314e+00 
2.808556e-01   7.456870e-03   5.502927e-03   2.205804e-03   3.223065e-03   -1.301841e-03   2.378611e+00 
2.833355e-01   7.635737e-03   5.537455e-03   2.220491e-03   3.246291e-03   -1.312735e-03   2.423230e+00 
2.858419e-01   7.816993e-03   5.571647e-03   2.234745e-03   3.270263e-03   -1.323560e-03   2.468169e+00 
2.883740e-01   8.000635e-03   5.605840e-03   2.248652e-03   3.294434e-03   -1.334216e-03   2.513426e+00 
2.909331e-01   8.186644e-03   5.640234e-03   2.262383e-03   3.317958e-03   -1.344698e-03   2.558998e+00 
2.935202e-01   8.374630e-03   5.674558e-03   2.275945e-03   3.341178e-03   -1.355181e-03   2.604885e+00 
2.961348e-01   8.564253e-03   5.707952e-03   2.289195e-03   3.363611e-03   -1.365798e-03   2.651084e+00 
2.987787e-01   8.755858e-03   5.740258e-03   2.301993e-03   3.384485e-03   -1.376358e-03   2.697593e+00 
3.014518e-01   8.950049e-03   5.772175e-03   2.314284e-03   3.404966e-03   -1.386655e-03   2.744410e+00 
3.041514e-01   9.147192e-03   5.803660e-03   2.326104e-03   3.426107e-03   -1.396594e-03   2.791535e+00 
3.068790e-01   9.347437e-03   5.834733e-03   2.337586e-03   3.447427e-03   -1.406125e-03   2.838964e+00 
3.096397e-01   9.550586e-03   5.865511e-03   2.348667e-03   3.468538e-03   -1.415389e-03   2.886696e+00 
3.124333e-01   9.756252e-03   5.896217e-03   2.359197e-03   3.489546e-03   -1.424431e-03   2.934729e+00 
3.152580e-01   9.964850e-03   5.926038e-03   2.369201e-03   3.509754e-03   -1.433141e-03   2.983063e+00 
3.181147e-01   1.017699e-02   5.954797e-03   2.378966e-03   3.529017e-03   -1.441348e-03   3.031694e+00 
3.210092e-01   1.039282e-02   5.982864e-03   2.388789e-03   3.547602e-03   -1.449157e-03   3.080621e+00 
3.239401e-01   1.061158e-02   6.009505e-03   2.398634e-03   3.565353e-03   -1.456938e-03   3.129843e+00 
3.268964e-01   1.083220e-02   6.034265e-03   2.408382e-03   3.582538e-03   -1.464755e-03   3.179358e+00 
3.298724e-01   1.105435e-02   6.058033e-03   2.417826e-03   3.599483e-03   -1.472436e-03   3.229164e+00 
3.328660e-01   1.127812e-02   6.081113e-03   2.426755e-03   3.616356e-03   -1.479789e-03   3.279260e+00 
3.358754e-01   1.150361e-02   6.103521e-03   2.435308e-03   3.633416e-03   -1.486931e-03   3.329644e+00 
3.389008e-01   1.173088e-02   6.125585e-03   2.443725e-03   3.651003e-03   -1.493966e-03   3.380315e+00 
3.419514e-01   1.196082e-02   6.147127e-03   2.452067e-03   3.668770e-03   -1.500792e-03   3.431270e+00 
3.450363e-01   1.219420e-02   6.167747e-03   2.460166e-03   3.686586e-03   -1.507492e-03   3.482509e+00 
3.481526e-01   1.243113e-02   6.186676e-03   2.467915e-03   3.703484e-03   -1.513905e-03   3.534029e+00 
3.512961e-01   1.267120e-02   6.203884e-03   2.475350e-03   3.718607e-03   -1.519977e-03   3.585830e+00 
3.544710e-01   1.291449e-02   6.220305e-03   2.482272e-03   3.733063e-03   -1.525509e-03   3.637910e+00 
3.576794e-01   1.316091e-02   6.236358e-03   2.488407e-03   3.748142e-03   -1.530565e-03   3.690267e+00 
3.609164e-01   1.340995e-02   6.251592e-03   2.493814e-03   3.763706e-03   -1.535350e-03   3.742900e+00 
3.641778e-01   1.366153e-02   6.264711e-03   2.498780e-03   3.777992e-03   -1.539807e-03   3.795807e+00 
3.674599e-01   1.391571e-02   6.276047e-03   2.503509e-03   3.790429e-03   -1.543993e-03   3.848987e+00 
3.707657e-01   1.417251e-02   6.286642e-03   2.508172e-03   3.800633e-03   -1.547981e-03   3.902439e+00 
3.740961e-01   1.443157e-02   6.296143e-03   2.512599e-03   3.809065e-03   -1.551848e-03   3.956161e+00 
3.774460e-01   1.469253e-02   6.303407e-03   2.516465e-03   3.817376e-03   -1.555606e-03   4.010151e+00 
3.808145e-01   1.495569e-02   6.308228e-03   2.519530e-03   3.825751e-03   -1.559025e-03   4.064409e+00 
3.842073e-01   1.522138e-02   6.311222e-03   2.521808e-03   3.833032e-03   -1.562028e-03   4.118932e+00 
3.876238e-01   1.548962e-02   6.313393e-03   2.523394e-03   3.838144e-03   -1.564460e-03   4.173720e+00 
3.910590e-01   1.576059e-02   6.315713e-03   2.524340e-03   3.840778e-03   -1.566215e-03   4.228772e+00 
3.945138e-01   1.603403e-02   6.318188e-03   2.524563e-03   3.842921e-03   -1.567478e-03   4.284085e+00 
3.979890e-01   1.631051e-02   6.320180e-03   2.524156e-03   3.845161e-03   -1.568169e-03   4.339659e+00 
4.014858e-01   1.658929e-02   6.321278e-03   2.523305e-03   3.846749e-03   -1.568601e-03   4.395492e+00 
4.050016e-01   1.686963e-02   6.320091e-03   2.522054e-03   3.847408e-03   -1.569089e-03   4.451583e+00 
4.085281e-01   1.715196e-02   6.316974e-03   2.520484e-03   3.846535e-03   -1.569251e-03   4.507931e+00 
4.120680e-01   1.743673e-02   6.311903e-03   2.518590e-03   3.843963e-03   -1.569056e-03   4.564534e+00 
4.156275e-01   1.772448e-02   6.303176e-03   2.516160e-03   3.840655e-03   -1.568351e-03   4.621391e+00 
4.191996e-01   1.801487e-02   6.292408e-03   2.512982e-03   3.837049e-03   -1.566990e-03   4.678501e+00 
4.227774e-01   1.830699e-02   6.281314e-03   2.509031e-03   3.832230e-03   -1.565231e-03   4.735863e+00 
4.263679e-01   1.860070e-02   6.268692e-03   2.504306e-03   3.826326e-03   -1.563418e-03   4.793475e+00 
4.299778e-01   1.889691e-02   6.255790e-03   2.498822e-03   3.819750e-03   -1.561335e-03   4.851337e+00 
4.336028e-01   1.919577e-02   6.243353e-03   2.492420e-03   3.811953e-03   -1.558704e-03   4.909446e+00 
4.372415e-01   1.949682e-02   6.229707e-03   2.485057e-03   3.802976e-03   -1.555642e-03   4.967802e+00 
4.408953e-01   1.980045e-02   6.213360e-03   2.476943e-03   3.792832e-03   -1.552229e-03   5.026404e+00 
4.445648e-01   2.010772e-02   6.194067e-03   2.468489e-03   3.781559e-03   -1.548015e-03   5.085251e+00 
4.482520e-01   2.041841e-02   6.171679e-03   2.459704e-03   3.768450e-03   -1.543062e-03   5.144340e+00 
4.519524e-01   2.073205e-02   6.147365e-03   2.450698e-03   3.753103e-03   -1.537487e-03   5.203672e+00 
4.556636e-01   2.104858e-02   6.122875e-03   2.441471e-03   3.736243e-03   -1.531084e-03   5.263245e+00 
4.593841e-01   2.136723e-02   6.098350e-03   2.431692e-03   3.719094e-03   -1.524170e-03   5.323058e+00 
4.631175e-01   2.168767e-02   6.072099e-03   2.421257e-03   3.702429e-03   -1.516908e-03   5.383109e+00 
4.668679e-01   2.201014e-02   6.043416e-03   2.410123e-03   3.686559e-03   -1.509427e-03   5.443399e+00 
4.706277e-01   2.233436e-02   6.013623e-03   2.398183e-03   3.669799e-03   -1.501625e-03   5.503925e+00 
4.743924e-01   2.266043e-02   5.982051e-03   2.385412e-03   3.650870e-03   -1.493302e-03   5.564686e+00 
4.781611e-01   2.298835e-02   5.947596e-03   2.371740e-03   3.629891e-03   -1.484571e-03   5.625682e+00 
4.819273e-01   2.331720e-02   5.910648e-03   2.357141e-03   3.608486e-03   -1.475583e-03   5.686911e+00 
4.856872e-01   2.364670e-02   5.871225e-03   2.341860e-03   3.586413e-03   -1.466272e-03   5.748373e+00 
4.894470e-01   2.397792e-02   5.828389e-03   2.326174e-03   3.563370e-03   -1.456520e-03   5.810065e+00 
4.932117e-01   2.431113e-02   5.782710e-03   2.310033e-03   3.539090e-03   -1.446250e-03   5.871988e+00 
4.969825e-01   2.464554e-02   5.736547e-03   2.293373e-03   3.512237e-03   -1.435642e-03   5.934140e+00 
5.007640e-01   2.498135e-02   5.689797e-03   2.276269e-03   3.483054e-03   -1.424683e-03   5.996521e+00 
5.045608e-01   2.531858e-02   5.640955e-03   2.258603e-03   3.453121e-03   -1.413538e-03   6.059128e+00 
5.083721e-01   2.565826e-02   5.590940e-03   2.240133e-03   3.422135e-03   -1.401750e-03   6.121962e+00 
5.121900e-01   2.600036e-02   5.539711e-03   2.220522e-03   3.390487e-03   -1.389278e-03   6.185021e+00 
5.160095e-01   2.634371e-02   5.487511e-03   2.199960e-03   3.358002e-03   -1.376256e-03   6.248304e+00 
5.198283e-01   2.668768e-02   5.434727e-03   2.178687e-03   3.325661e-03   -1.362837e-03   6.311810e+00 
5.236482e-01   2.703275e-02   5.381488e-03   2.156857e-03   3.293307e-03   -1.349105e-03   6.375539e+00 
5.274688e-01   2.737982e-02   5.327056e-03   2.134726e-03   3.259724e-03   -1.334995e-03   6.439489e+00 
5.312793e-01   2.772829e-02   5.271833e-03   2.112173e-03   3.224555e-03   -1.320529e-03   6.503658e+00 
5.350755e-01   2.807747e-02   5.216050e-03   2.089006e-03   3.187226e-03   -1.305754e-03   6.568048e+00 
5.388591e-01   2.842707e-02   5.158759e-03   2.065140e-03   3.147991e-03   -1.290780e-03   6.632656e+00 
5.426330e-01   2.877750e-02   5.100084e-03   2.040602e-03   3.107203e-03   -1.275367e-03   6.697481e+00 
5.464082e-01   2.912969e-02   5.039950e-03   2.015323e-03   3.065424e-03   -1.259302e-03   6.762523e+00 
5.501903e-01   2.948379e-02   4.977691e-03   1.989548e-03   3.022540e-03   -1.242838e-03   6.827781e+00 
5.539757e-01   2.983927e-02   4.914151e-03   1.963402e-03   2.978281e-03   -1.225967e-03   6.893253e+00 
5.577605e-01   3.019609e-02   4.849490e-03   1.936792e-03   2.932918e-03   -1.208586e-03   6.958940e+00 
5.615451e-01   3.055440e-02   4.782786e-03   1.909559e-03   2.887403e-03   -1.190843e-03   7.024839e+00 
5.653345e-01   3.091367e-02   4.714684e-03   1.881690e-03   2.841267e-03   -1.172958e-03   7.090950e+00 
5.691315e-01   3.127420e-02   4.645025e-03   1.853153e-03   2.793732e-03   -1.154857e-03   7.157273e+00 
5.729251e-01   3.163602e-02   4.573171e-03   1.824112e-03   2.744947e-03   -1.136364e-03   7.223806e+00 
5.767010e-01   3.199783e-02   4.500398e-03   1.794412e-03   2.694522e-03   -1.117453e-03   7.290548e+00 
5.804618e-01   3.236000e-02   4.426462e-03   1.763901e-03   2.643697e-03   -1.097922e-03   7.357499e+00 
5.842058e-01   3.272252e-02   4.351322e-03   1.732789e-03   2.592954e-03   -1.077900e-03   7.424658e+00 
5.879234e-01   3.308405e-02   4.275488e-03   1.701377e-03   2.541204e-03   -1.057864e-03   7.492024e+00 
5.916271e-01   3.344582e-02   4.197296e-03   1.669772e-03   2.488879e-03   -1.037640e-03   7.559596e+00 
5.953247e-01   3.380881e-02   4.116795e-03   1.637926e-03   2.434948e-03   -1.017089e-03   7.627374e+00 
5.990098e-01   3.417273e-02   4.034784e-03   1.605900e-03   2.379109e-03   -9.961180e-04   7.695355e+00 
6.026799e-01   3.453830e-02   3.950996e-03   1.573955e-03   2.323364e-03   -9.743512e-04   7.763540e+00 
6.063226e-01   3.490336e-02   3.866193e-03   1.541915e-03   2.268597e-03   -9.522091e-04   7.831929e+00 
6.099411e-01   3.526802e-02   3.781176e-03   1.509948e-03   2.213307e-03   -9.297085e-04   7.900519e+00 
6.135386e-01   3.563253e-02   3.697182e-03   1.477928e-03   2.156633e-03   -9.068871e-04   7.969311e+00 
6.171041e-01   3.599478e-02   3.614616e-03   1.445350e-03   2.099231e-03   -8.842190e-04   8.038303e+00 
6.206504e-01   3.635679e-02   3.530171e-03   1.412495e-03   2.041354e-03   -8.614362e-04   8.107494e+00 
6.241788e-01   3.671906e-02   3.444151e-03   1.379605e-03   1.982660e-03   -8.383381e-04   8.176885e+00 
6.276713e-01   3.707905e-02   3.358121e-03   1.346611e-03   1.923147e-03   -8.153743e-04   8.246474e+00 
6.311273e-01   3.743714e-02   3.270949e-03   1.313621e-03   1.863477e-03   -7.925469e-04   8.316260e+00 
6.345543e-01   3.779434e-02   3.182754e-03   1.280600e-03   1.803528e-03   -7.695612e-04   8.386243e+00 
6.379547e-01   3.815073e-02   3.093498e-03   1.247462e-03   1.743430e-03   -7.463376e-04   8.456421e+00 
6.413299e-01   3.850636e-02   3.002478e-03   1.214244e-03   1.683657e-03   -7.228984e-04   8.526795e+00 
6.446839e-01   3.886163e-02   2.910144e-03   1.181086e-03   1.624444e-03   -6.991311e-04   8.597363e+00 
6.480124e-01   3.921623e-02   2.816895e-03   1.147962e-03   1.565508e-03   -6.750387e-04   8.668125e+00 
6.513041e-01   3.956891e-02   2.723810e-03   1.114787e-03   1.506487e-03   -6.507527e-04   8.739080e+00 
6.545579e-01   3.991965e-02   2.631073e-03   1.081700e-03   1.447708e-03   -6.262556e-04   8.810226e+00 
6.577696e-01   4.026806e-02   2.538167e-03   1.048764e-03   1.388957e-03   -6.017459e-04   8.881564e+00 
6.609334e-01   4.061313e-02   2.445417e-03   1.015981e-03   1.330177e-03   -5.774917e-04   8.953094e+00 
6.640518e-01   4.095553e-02   2.352286e-03   9.834912e-04   1.271912e-03   -5.532914e-04   9.024812e+00 
6.671254e-01   4.129547e-02   2.257817e-03   9.512452e-04   1.214183e-03   -5.292004e-04   9.096720e+00 
6.701529e-01   4.163270e-02   2.162385e-03   9.191955e-04   1.156539e-03   -5.053887e-04   9.168818e+00 
6.731285e-01   4.196658e-02   2.067192e-03   8.871880e-04   1.099232e-03   -4.819763e-04   9.241103e+00 
6.760437e-01   4.229632e-02   1.972745e-03   8.552044e-04   1.042687e-03   -4.589856e-04   9.313575e+00 
6.788933e-01   4.262152e-02   1.879291e-03   8.233787e-04   9.878255e-04   -4.363516e-04   9.386233e+00 
6.816741e-01   4.294226e-02   1.786546e-03   7.920453e-04   9.346346e-04   -4.141156e-04   9.459078e+00 
6.843832e-01   4.325823e-02   1.694732e-03   7.612999e-04   8.824334e-04   -3.922854e-04   9.532108e+00 
6.870195e-01   4.356937e-02   1.603286e-03   7.311293e-04   8.309253e-04   -3.708075e-04   9.605323e+00 
6.895815e-01   4.387562e-02   1.512359e-03   7.014802e-04   7.806216e-04   -3.497238e-04   9.678721e+00 
6.920666e-01   4.417664e-02   1.422372e-03   6.722906e-04   7.323407e-04   -3.291858e-04   9.752303e+00 
6.944680e-01   4.447192e-02   1.333836e-03   6.435844e-04   6.860011e-04   -3.091582e-04   9.826067e+00 
6.967799e-01   4.476078e-02   1.247153e-03   6.153453e-04   6.411703e-04   -2.897075e-04   9.900013e+00 
6.990042e-01   4.504368e-02   1.161818e-03   5.877060e-04   5.976800e-04   -2.707549e-04   9.974140e+00 
7.011361e-01   4.532007e-02   1.078738e-03   5.605605e-04   5.553172e-04   -2.523233e-04   1.004845e+01 
7.031721e-01   4.558983e-02   9.978087e-04   5.338716e-04   5.143149e-04   -2.343109e-04   1.012294e+01 
7.051135e-01   4.585301e-02   9.190574e-04   5.075832e-04   4.754201e-04   -2.167179e-04   1.019760e+01 
7.069558e-01   4.610879e-02   8.436045e-04   4.817258e-04   4.386784e-04   -1.997158e-04   1.027245e+01 
7.086941e-01   4.635668e-02   7.715982e-04   4.564177e-04   4.037324e-04   -1.834484e-04   1.034747e+01 
7.103250e-01   4.659621e-02   7.031487e-04   4.317359e-04   3.705430e-04   -1.680519e-04   1.042268e+01 
7.118490e-01   4.682741e-02   6.383285e-04   4.077939e-04   3.392849e-04   -1.534991e-04   1.049806e+01 
7.132689e-01   4.705047e-02   5.773283e-04   3.846146e-04   3.099607e-04   -1.398032e-04   1.057361e+01 
7.145847e-01   4.726540e-02   5.206054e-04   3.621903e-04   2.824417e-04   -1.269691e-04   1.064934e+01 
7.157986e-01   4.747240e-02   4.680082e-04   3.405438e-04   2.567699e-04   -1.149316e-04   1.072525e+01 
7.169152e-01   4.767192e-02   4.191272e-04   3.196813e-04   2.329221e-04   -1.036333e-04   1.080133e+01 
7.179378e-01   4.786409e-02   3.742464e-04   2.995834e-04   2.106062e-04   -9.303225e-05   1.087758e+01 
7.188689e-01   4.804905e-02   3.334037e-04   2.802524e-04   1.897691e-04   -8.311408e-05   1.095401e+01 
7.197104e-01   4.822685e-02   2.963569e-04   2.617009e-04   1.706612e-04   -7.393388e-05   1.103061e+01 
7.204643e-01   4.839755e-02   2.631255e-04   2.438842e-04   1.532780e-04   -6.550869e-05   1.110738e+01 
7.211349e-01   4.856149e-02   2.336497e-04   2.267652e-04   1.374642e-04   -5.778735e-05   1.118433e+01 
7.217278e-01   4.871917e-02   2.074646e-04   2.104213e-04   1.230208e-04   -5.074260e-05   1.126144e+01 
7.222475e-01   4.887096e-02   1.841661e-04   1.949203e-04   1.099057e-04   -4.435150e-05   1.133873e+01 
7.226994e-01   4.901730e-02   1.634364e-04   1.803316e-04   9.806937e-05   -3.855682e-05   1.141618e+01 
7.230898e-01   4.915866e-02   1.451169e-04   1.666820e-04   8.733795e-05   -3.335261e-05   1.149381e+01 
7.234238e-01   4.929539e-02   1.291386e-04   1.539202e-04   7.767079e-05   -2.873908e-05   1.157160e+01 
7.237061e-01   4.942790e-02   1.151924e-04   1.420091e-04   6.898635e-05   -2.468007e-05   1.164956e+01 
7.239413e-01   4.955659e-02   1.030602e-04   1.309221e-04   6.118241e-05   -2.112486e-05   1.172769e+01 
7.241346e-01   4.968188e-02   9.262634e-05   1.206262e-04   5.426330e-05   -1.802044e-05   1.180599e+01 
7.242904e-01   4.980416e-02   8.362207e-05   1.110932e-04   4.817870e-05   -1.534166e-05   1.188445e+01 
7.244128e-01   4.992376e-02   7.575045e-05   1.023018e-04   4.282319e-05   -1.306557e-05   1.196308e+01 
7.245061e-01   5.004109e-02   6.881575e-05   9.422998e-05   3.809041e-05   -1.114242e-05   1.204188e+01 
7.245747e-01   5.015655e-02   6.274907e-05   8.684216e-05   3.386490e-05   -9.500779e-06   1.212084e+01 
7.246220e-01   5.027041e-02   5.746820e-05   8.007580e-05   3.013508e-05   -8.100074e-06   1.219996e+01 
7.246509e-01   5.038294e-02   5.280842e-05   7.388854e-05   2.690552e-05   -6.911072e-06   1.227925e+01 
7.246642e-01   5.049437e-02   4.863870e-05   6.825857e-05   2.410570e-05   -5.901760e-06   1.235870e+01 
7.246646e-01   5.060493e-02   4.487740e-05   6.315167e-05   2.166740e-05   -5.050230e-06   1.243832e+01 
7.246546e-01   5.071483e-02   4.148607e-05   5.852299e-05   1.954773e-05   -4.325024e-06   1.251809e+01 
7.246357e-01   5.082419e-02   3.846347e-05   5.432204e-05   1.769982e-05   -3.702128e-06   1.259803e+01 
7.246094e-01   5.093311e-02   3.577564e-05   5.049936e-05   1.609552e-05   -3.178879e-06   1.267813e+01 
7.245766e-01   5.104170e-02   3.337188e-05   4.701702e-05   1.468824e-05   -2.744000e-06   1.275839e+01 
7.245382e-01   5.115002e-02   3.120160e-05   4.384621e-05   1.343278e-05   -2.385045e-06   1.283881e+01 
7.244948e-01   5.125814e-02   2.923428e-05   4.095740e-05   1.231373e-05   -2.094100e-06   1.291940e+01 
7.244475e-01   5.136616e-02   2.744890e-05   3.832172e-05   1.132015e-05   -1.849388e-06   1.300014e+01 
7.243972e-01   5.147416e-02   2.582730e-05   3.590908e-05   1.043261e-05   -1.636804e-06   1.308103e+01 
7.243440e-01   5.158215e-02   2.434999e-05   3.369102e-05   9.639357e-06   -1.460215e-06   1.316209e+01 
7.242881e-01   5.169015e-02   2.299723e-05   3.165130e-05   8.933863e-06   -1.310781e-06   1.324331e+01 
7.242300e-01   5.179822e-02   2.174658e-05   2.977804e-05   8.306440e-06   -1.178040e-06   1.332468e+01 
7.241700e-01   5.190637e-02   2.058484e-05   2.805673e-05   7.747619e-06   -1.063345e-06   1.340621e+01 
7.241081e-01   5.201460e-02   1.950772e-05   2.647477e-05   7.246986e-06   -9.656085e-07   1.348790e+01 
7.240447e-01   5.212293e-02   1.851096e-05   2.502025e-05   6.793569e-06   -8.854094e-07   1.356974e+01 
7.239800e-01   5.223139e-02   1.758509e-05   2.368412e-05   6.376925e-06   -8.185529e-07   1.365174e+01 
7.239142e-01   5.233999e-02   1.672556e-05   2.245602e-05   5.996705e-06   -7.592628e-07   1.373390e+01 
7.238473e-01   5.244873e-02   1.593035e-05   2.132345e-05   5.650329e-06   -7.070454e-07   1.381620e+01 
7.237794e-01   5.255763e-02   1.519057e-05   2.027531e-05   5.331834e-06   -6.620206e-07   1.389866e+01 
7.237105e-01   5.266668e-02   1.449774e-05   1.930194e-05   5.040558e-06   -6.228052e-07   1.398128e+01 
7.236408e-01   5.277588e-02   1.384922e-05   1.839567e-05   4.773728e-06   -5.879298e-07   1.406405e+01 
7.235703e-01   5.288525e-02   1.324219e-05   1.755030e-05   4.528331e-06   -5.576511e-07   1.414697e+01 
7.234989e-01   5.299478e-02   1.267308e-05   1.676044e-05   4.301852e-06   -5.317098e-07   1.423005e+01 
7.234269e-01   5.310448e-02   1.213892e-05   1.602101e-05   4.091943e-06   -5.081821e-07   1.431327e+01 
7.233541e-01   5.321436e-02   1.163714e-05   1.532705e-05   3.895941e-06   -4.859802e-07   1.439665e+01 
7.232806e-01   5.332440e-02   1.116414e-05   1.467453e-05   3.712812e-06   -4.645926e-07   1.448018e+01 
7.232064e-01   5.343462e-02   1.071766e-05   1.406027e-05   3.541583e-06   -4.444585e-07   1.456386e+01 
7.231314e-01   5.354500e-02   1.029612e-05   1.348163e-05   3.380619e-06   -4.261402e-07   1.464769e+01 
7.230558e-01   5.365554e-02   9.898091e-06   1.293583e-05   3.229460e-06   -4.092865e-07   1.473166e+01 
7.229794e-01   5.376626e-02   9.521604e-06   1.242000e-05   3.087833e-06   -3.936893e-07   1.481579e+01 
7.229024e-01   5.387714e-02   9.164301e-06   1.193179e-05   2.954755e-06   -3.791100e-07   1.490007e+01 
7.228247e-01   5.398819e-02   8.824869e-06   1.146921e-05   2.829482e-06   -3.651158e-07   1.498450e+01 
7.227463e-01   5.409941e-02   8.502270e-06   1.103031e-05   2.711204e-06   -3.516528e-07   1.506907e+01 
7.226673e-01   5.421080e-02   8.195477e-06   1.061340e-05   2.599140e-06   -3.387672e-07   1.515379e+01 
7.225877e-01   5.432236e-02   7.903548e-06   1.021700e-05   2.492908e-06   -3.264580e-07   1.523866e+01 
7.225074e-01   5.443409e-02   7.625410e-06   9.839711e-06   2.392422e-06   -3.147911e-07   1.532367e+01 
7.224266e-01   5.454598e-02   7.360101e-06   9.480352e-06   2.297308e-06   -3.037109e-07   1.540883e+01 
7.223451e-01   5.465805e-02   7.106819e-06   9.137909e-06   2.206976e-06   -2.932599e-07   1.549414e+01 
7.222630e-01   5.477029e-02   6.864765e-06   8.811514e-06   2.121049e-06   -2.835185e-07   1.557959e+01 
7.221804e-01   5.488270e-02   6.633479e-06   8.500336e-06   2.039288e-06   -2.742758e-07   1.566519e+01 
7.220972e-01   5.499528e-02   6.412530e-06   8.203526e-06   1.961426e-06   -2.653696e-07   1.575094e+01 
7.220134e-01   5.510803e-02   6.201364e-06   7.920230e-06   1.887275e-06   -2.567531e-07   1.583682e+01 
7.219290e-01   5.522095e-02   5.999510e-06   7.649650e-06   1.816683e-06   -2.483552e-07   1.592285e+01 
7.218439e-01   5.533403e-02   5.806491e-06   7.391078e-06   1.749413e-06   -2.401194e-07   1.600903e+01 
7.217583e-01   5.544728e-02   5.621830e-06   7.143824e-06   1.685245e-06   -2.320459e-07   1.609534e+01 
7.216719e-01   5.556068e-02   5.445090e-06   6.907227e-06   1.624000e-06   -2.241713e-07   1.618180e+01 
7.215848e-01   5.567424e-02   5.275823e-06   6.680693e-06   1.565513e-06   -2.165108e-07   1.626841e+01 
7.214970e-01   5.578795e-02   5.113626e-06   6.463667e-06   1.509627e-06   -2.090615e-07   1.635515e+01 
7.214083e-01   5.590181e-02   4.958117e-06   6.255658e-06   1.456201e-06   -2.018261e-07   1.644204e+01 
7.213189e-01   5.601582e-02   4.808933e-06   6.056188e-06   1.405097e-06   -1.947976e-07   1.652906e+01 
7.212285e-01   5.612996e-02   4.665740e-06   5.864833e-06   1.356192e-06   -1.879810e-07   1.661623e+01 
7.211373e-01   5.624425e-02   4.528204e-06   5.681170e-06   1.309370e-06   -1.813801e-07   1.670354e+01 
7.210452e-01   5.635867e-02   4.396038e-06   5.504829e-06   1.264522e-06   -1.749935e-07   1.679099e+01 
7.209522e-01   5.647323e-02   4.268959e-06   5.335444e-06   1.221546e-06   -1.688280e-07   1.687858e+01 
7.208583e-01   5.658793e-02   4.146698e-06   5.172682e-06   1.180349e-06   -1.628762e-07   1.696630e+01 
7.207636e-01   5.670277e-02   4.029032e-06   5.016224e-06   1.140839e-06   -1.571382e-07   1.705417e+01 
7.206679e-01   5.681774e-02   3.915740e-06   4.865777e-06   1.102934e-06   -1.516051e-07   1.714217e+01 
7.205714e-01   5.693285e-02   3.806621e-06   4.721056e-06   1.066555e-06   -1.462697e-07   1.723032e+01 
7.204741e-01   5.704809e-02   3.701495e-06   4.581803e-06   1.031627e-06   -1.411156e-07   1.731860e+01 
7.203759e-01   5.716347e-02   3.600186e-06   4.447766e-06   9.980809e-07   -1.361367e-07   1.740702e+01 
7.202768e-01   5.727899e-02   3.502526e-06   4.318709e-06   9.658508e-07   -1.313247e-07   1.749557e+01 
7.201769e-01   5.739465e-02   3.408360e-06   4.194409e-06   9.348739e-07   -1.266628e-07   1.758426e+01 
7.200762e-01   5.751044e-02   3.317537e-06   4.074659e-06   9.050925e-07   -1.221556e-07   1.767309e+01 
7.199746e-01   5.762636e-02   3.229906e-06   3.959252e-06   8.764502e-07   -1.177893e-07   1.776206e+01 
7.198722e-01   5.774242e-02   3.145333e-06   3.848004e-06   8.488949e-07   -1.135617e-07   1.785116e+01 
7.197689e-01   5.785862e-02   3.063671e-06   3.740734e-06   8.223767e-07   -1.094726e-07   1.794039e+01 
7.196649e-01   5.797495e-02   2.984809e-06   3.637268e-06   7.968486e-07   -1.055147e-07   1.802977e+01 
7.195600e-01   5.809141e-02   2.908616e-06   3.537449e-06   7.722666e-07   -1.016885e-07   1.811927e+01 
7.194543e-01   5.820801e-02   2.834978e-06   3.441122e-06   7.485884e-07   -9.798751e-08   1.820891e+01 
7.193478e-01   5.832475e-02   2.763797e-06   3.348141e-06   7.257748e-07   -9.440687e-08   1.829868e+01 
7.192406e-01   5.844162e-02   2.694964e-06   3.258366e-06   7.037879e-07   -9.094521e-08   1.838859e+01 
7.191325e-01   5.855862e-02   2.628392e-06   3.171669e-06   6.825928e-07   -8.759259e-08   1.847863e+01 
7.190237e-01   5.867576e-02   2.563990e-06   3.087924e-06   6.621553e-07   -8.434690e-08   1.856880e+01 
7.189141e-01   5.879304e-02   2.501675e-06   3.007008e-06   6.424431e-07   -8.120020e-08   1.865911e+01 
7.188038e-01   5.891044e-02   2.441373e-06   2.928813e-06   6.234260e-07   -7.814707e-08   1.874955e+01 
7.186927e-01   5.902799e-02   2.382996e-06   2.853229e-06   6.050746e-07   -7.518641e-08   1.884012e+01 
7.185809e-01   5.914567e-02   2.326484e-06   2.780152e-06   5.873616e-07   -7.230868e-08   1.893082e+01 
7.184683e-01   5.926348e-02   2.271761e-06   2.709483e-06   5.702601e-07   -6.951204e-08   1.902166e+01 
7.183549e-01   5.938143e-02   2.218762e-06   2.641132e-06   5.537460e-07   -6.679280e-08   1.911262e+01 
7.182408e-01   5.949950e-02   2.167415e-06   2.575005e-06   5.377946e-07   -6.415009e-08   1.920371e+01 
7.181259e-01   5.961771e-02   2.117668e-06   2.511019e-06   5.223840e-07   -6.157754e-08   1.929494e+01 
7.180102e-01   5.973605e-02   2.069449e-06   2.449091e-06   5.074922e-07   -5.907767e-08   1.938630e+01 
7.178938e-01   5.985451e-02   2.022704e-06   2.389142e-06   4.930987e-07   -5.664787e-08   1.947778e+01 
7.177766e-01   5.997311e-02   1.977375e-06   2.331100e-06   4.791838e-07   -5.428546e-08   1.956939e+01 
7.176586e-01   6.009183e-02   1.933402e-06   2.274891e-06   4.657288e-07   -5.199105e-08   1.966114e+01 
7.175399e-01   6.021068e-02   1.890739e-06   2.220448e-06   4.527161e-07   -4.976564e-08   1.975301e+01 
7.174203e-01   6.032966e-02   1.849330e-06   2.167704e-06   4.401280e-07   -4.760698e-08   1.984501e+01 
7.173001e-01   6.044877e-02   1.809132e-06   2.116599e-06   4.279488e-07   -4.551574e-08   1.993714e+01 
7.171790e-01   6.056800e-02   1.770090e-06   2.067071e-06   4.161623e-07   -4.348689e-08   2.002940e+01 
7.170573e-01   6.068737e-02   1.732173e-06   2.019065e-06   4.047545e-07   -4.152194e-08   2.012178e+01 
7.169348e-01   6.080686e-02   1.695342e-06   1.972526e-06   3.937105e-07   -3.961277e-08   2.021429e+01 
7.168116e-01   6.092647e-02   1.659569e-06   1.927402e-06   3.830168e-07   -3.775766e-08   2.030693e+01 
7.166876e-01   6.104622e-02   1.624818e-06   1.883642e-06   3.726607e-07   -3.594927e-08   2.039969e+01 
7.165629e-01   6.116609e-02   1.591062e-06   1.841200e-06   3.626297e-07   -3.418425e-08   2.049258e+01 
7.164375e-01   6.128608e-02   1.558269e-06   1.800031e-06   3.529119e-07   -3.245247e-08   2.058560e+01 
7.163112e-01   6.140620e-02   1.526416e-06   1.760089e-06   3.434959e-07   -3.075067e-08   2.067874e+01 
7.161841e-01   6.152643e-02   1.495474e-06   1.721333e-06   3.343710e-07   -2.907400e-08   2.077201e+01 
7.160562e-01   6.164677e-02   1.465412e-06   1.683722e-06   3.255269e-07   -2.741858e-08   2.086540e+01 
7.159274e-01   6.176723e-02   1.436201e-06   1.647215e-06   3.169535e-07   -2.578603e-08   2.095892e+01 
7.157976e-01   6.188779e-02   1.407810e-06   1.611774e-06   3.086412e-07   -2.417588e-08   2.105257e+01 
7.156669e-01   6.200845e-02   1.380211e-06   1.577365e-06   3.005811e-07   -2.258654e-08   2.114633e+01 
7.155351e-01   6.212921e-02   1.353366e-06   1.543950e-06   2.927641e-07   -2.102221e-08   2.124022e+01 
7.154023e-01   6.225007e-02   1.327251e-06   1.511493e-06   2.851818e-07   -1.949070e-08   2.133424e+01 
7.152685e-01   6.237101e-02   1.301826e-06   1.479965e-06   2.778262e-07   -1.799003e-08   2.142837e+01 
7.151336e-01   6.249205e-02   1.277066e-06   1.449331e-06   2.706893e-07   -1.652968e-08   2.152264e+01 
7.149976e-01   6.261318e-02   1.252931e-06   1.419562e-06   2.637636e-07   -1.511786e-08   2.161702e+01 
7.148605e-01   6.273439e-02   1.229397e-06   1.390629e-06   2.570419e-07   -1.375866e-08   2.171152e+01 
7.147225e-01   6.285571e-02   1.206433e-06   1.362502e-06   2.505169e-07   -1.246132e-08   2.180615e+01 
7.145835e-01   6.297712e-02   1.184004e-06   1.335153e-06   2.441822e-07   -1.122981e-08   2.190090e+01 
7.144435e-01   6.309863e-02   1.162088e-06   1.308559e-06   2.380310e-07   -1.007359e-08   2.199577e+01 
7.143028e-01   6.322025e-02   1.140663e-06   1.282694e-06   2.320572e-07   -8.994621e-09   2.209077e+01 
7.141614e-01   6.334199e-02   1.119711e-06   1.257534e-06   2.262546e-07   -7.994005e-09   2.218588e+01 
7.140194e-01   6.346386e-02   1.099215e-06   1.233059e-06   2.206177e-07   -7.069083e-09   2.228112e+01 
7.138768e-01   6.358586e-02   1.079170e-06   1.209247e-06   2.151407e-07   -6.216742e-09   2.237647e+01 
7.137338e-01   6.370800e-02   1.059576e-06   1.186080e-06   2.098184e-07   -5.422244e-09   2.247195e+01 
7.135903e-01   6.383029e-02   1.040431e-06   1.163541e-06   2.046457e-07   -4.673259e-09   2.256755e+01 
7.134466e-01   6.395272e-02   1.021743e-06   1.141611e-06   1.996179e-07   -3.954724e-09   2.266326e+01 
7.133025e-01   6.407530e-02   1.003514e-06   1.120276e-06   1.947303e-07   -3.248500e-09   2.275910e+01 
7.131580e-01   6.419803e-02   9.857496e-07   1.099519e-06   1.899785e-07   -2.540307e-09   2.285505e+01 
7.130131e-01   6.432089e-02   9.684446e-07   1.079325e-06   1.853583e-07   -1.813453e-09   2.295112e+01 
7.128676e-01   6.444388e-02   9.516022e-07   1.059677e-06   1.808655e-07   -1.062150e-09   2.304732e+01 
7.127214e-01   6.456699e-02   9.352109e-07   1.040559e-06   1.764963e-07   -2.802798e-10   2.314363e+01 
7.125745e-01   6.469021e-02   9.192455e-07   1.021957e-06   1.722469e-07   5.312429e-10   2.324006e+01 
7.124267e-01   6.481352e-02   9.037007e-07   1.003850e-06   1.681136e-07   1.366983e-09   2.333660e+01 
7.122778e-01   6.493692e-02   8.885385e-07   9.862241e-07   1.640928e-07   2.218246e-09   2.343327e+01 
7.121279e-01   6.506040e-02   8.737486e-07   9.690635e-07   1.601812e-07   3.076251e-09   2.353005e+01 
7.119769e-01   6.518395e-02   8.593052e-07   9.523491e-07   1.563752e-07   3.930160e-09   2.362695e+01 
7.118247e-01   6.530757e-02   8.451847e-07   9.360693e-07   1.526719e-07   4.770448e-09   2.372396e+01 
7.116713e-01   6.543125e-02   8.313739e-07   9.202093e-07   1.490679e-07   5.589866e-09   2.382110e+01 
7.115167e-01   6.555500e-02   8.178545e-07   9.047543e-07   1.455602e-07   6.382117e-09   2.391835e+01 
7.113610e-01   6.567881e-02   8.046186e-07   8.896933e-07   1.421459e-07   7.146271e-09   2.401571e+01 
7.112041e-01   6.580269e-02   7.916574e-07   8.750148e-07   1.388223e-07   7.880790e-09   2.411319e+01 
7.110460e-01   6.592664e-02   7.789637e-07   8.607071e-07   1.355864e-07   8.587724e-09   2.421079e+01 
7.108869e-01   6.605065e-02   7.665329e-07   8.467607e-07   1.324356e-07   9.270009e-09   2.430850e+01 
7.107266e-01   6.617474e-02   7.543571e-07   8.331648e-07   1.293674e-07   9.926880e-09   2.440633e+01 
7.105653e-01   6.629890e-02   7.424283e-07   8.199106e-07   1.263794e-07   1.055989e-08   2.450427e+01 
7.104028e-01   6.642312e-02   7.307395e-07   8.069867e-07   1.234691e-07   1.116995e-08   2.460233e+01 
7.102393e-01   6.654742e-02   7.192826e-07   7.943857e-07   1.206343e-07   1.175782e-08   2.470050e+01 
7.100747e-01   6.667179e-02   7.080574e-07   7.820978e-07   1.178728e-07   1.232608e-08   2.479878e+01 
7.099091e-01   6.679623e-02   6.970546e-07   7.701154e-07   1.151823e-07   1.287586e-08   2.489718e+01 
7.097424e-01   6.692073e-02   6.862693e-07   7.584289e-07   1.125608e-07   1.340591e-08   2.499570e+01 
7.095746e-01   6.704531e-02   6.756951e-07   7.470310e-07   1.100064e-07   1.392061e-08   2.509432e+01 
7.094058e-01   6.716996e-02   6.653294e-07   7.359141e-07   1.075170e-07   1.441767e-08   2.519306e+01 
7.092359e-01   6.729468e-02   6.551637e-07   7.250706e-07   1.050908e-07   1.489972e-08   2.529191e+01 
7.090650e-01   6.741946e-02   6.451940e-07   7.144916e-07   1.027259e-07   1.536503e-08   2.539088e+01 
7.088930e-01   6.754431e-02   6.354176e-07   7.041715e-07   1.004208e-07   1.581538e-08   2.548996e+01 
7.087199e-01   6.766923e-02   6.258233e-07   6.941016e-07   9.817359e-08   1.625053e-08   2.558915e+01 
7.085458e-01   6.779421e-02   6.164105e-07   6.842767e-07   9.598267e-08   1.667169e-08   2.568845e+01 
7.083706e-01   6.791926e-02   6.071758e-07   6.746894e-07   9.384644e-08   1.707800e-08   2.578787e+01 
7.081943e-01   6.804438e-02   5.981083e-07   6.653340e-07   9.176334e-08   1.747201e-08   2.588739e+01 
7.080170e-01   6.816955e-02   5.892124e-07   6.562035e-07   8.973196e-08   1.785335e-08   2.598703e+01 
7.078387e-01   6.829480e-02   5.804753e-07   6.472920e-07   8.775079e-08   1.822015e-08   2.608678e+01 
7.076592e-01   6.842010e-02   5.718992e-07   6.385935e-07   8.581849e-08   1.857503e-08   2.618663e+01 
7.074787e-01   6.854546e-02   5.634763e-07   6.301038e-07   8.393369e-08   1.891648e-08   2.628660e+01 
7.072971e-01   6.867089e-02   5.552013e-07   6.218142e-07   8.209505e-08   1.924489e-08   2.638668e+01 
7.071145e-01   6.879638e-02   5.470758e-07   6.137226e-07   8.030133e-08   1.956217e-08   2.648688e+01 
7.069307e-01   6.892192e-02   5.390896e-07   6.058220e-07   7.855129e-08   1.986649e-08   2.658718e+01 
7.067459e-01   6.904752e-02   5.312473e-07   5.981079e-07   7.684375e-08   2.016046e-08   2.668759e+01 
7.065600e-01   6.917319e-02   5.235397e-07   5.905759e-07   7.517754e-08   2.044340e-08   2.678811e+01 
7.063731e-01   6.929890e-02   5.159642e-07   5.832208e-07   7.355153e-08   2.071553e-08   2.688874e+01 
7.061850e-01   6.942468e-02   5.085182e-07   5.760381e-07   7.196468e-08   2.097636e-08   2.698947e+01 
7.059959e-01   6.955051e-02   5.011996e-07   5.690219e-07   7.041591e-08   2.122614e-08   2.709032e+01 
7.058056e-01   6.967639e-02   4.940035e-07   5.621711e-07   6.890422e-08   2.146663e-08   2.719128e+01 
7.056143e-01   6.980233e-02   4.869251e-07   5.554785e-07   6.742855e-08   2.169701e-08   2.729234e+01 
7.054219e-01   6.992832e-02   4.799683e-07   5.489419e-07   6.598804e-08   2.191711e-08   2.739351e+01 
7.052284e-01   7.005436e-02   4.731252e-07   5.425555e-07   6.458169e-08   2.212780e-08   2.749479e+01 
7.050338e-01   7.018045e-02   4.663938e-07   5.363173e-07   6.320863e-08   2.232846e-08   2.759618e+01 
7.048381e-01   7.030659e-02   4.597710e-07   5.302220e-07   6.186795e-08   2.251978e-08   2.769768e+01 
7.046412e-01   7.043278e-02   4.532552e-07   5.242673e-07   6.055885e-08   2.270297e-08   2.779928e+01 
7.044433e-01   7.055902e-02   4.468459e-07   5.184499e-07   5.928047e-08   2.287640e-08   2.790099e+01 
7.042443e-01   7.068531e-02   4.405364e-07   5.127648e-07   5.803202e-08   2.304045e-08   2.800281e+01 
7.040441e-01   7.081164e-02   4.343295e-07   5.072096e-07   5.681271e-08   2.319756e-08   2.810474e+01 
7.038428e-01   7.093802e-02   4.282198e-07   5.017807e-07   5.562181e-08   2.334537e-08   2.820677e+01 
7.036404e-01   7.106444e-02   4.222044e-07   4.964759e-07   5.445857e-08   2.348530e-08   2.830890e+01 
7.034369e-01   7.119091e-02   4.162837e-07   4.912917e-07   5.332227e-08   2.361652e-08   2.841115e+01 
7.032323e-01   7.131742e-02   4.104531e-07   4.862242e-07   5.221225e-08   2.374000e-08   2.851350e+01 
7.030265e-01   7.144397e-02   4.047143e-07   4.812722e-07   5.112782e-08   2.385674e-08   2.861595e+01 
7.028196e-01   7.157056e-02   3.990615e-07   4.764316e-07   5.006833e-08   2.396292e-08   2.871852e+01 
7.026116e-01   7.169719e-02   3.934968e-07   4.716995e-07   4.903314e-08   2.406469e-08   2.882118e+01 
7.024024e-01   7.182387e-02   3.880145e-07   4.670746e-07   4.802164e-08   2.415695e-08   2.892395e+01 
7.021921e-01   7.195058e-02   3.826176e-07   4.625535e-07   4.703323e-08   2.424379e-08   2.902683e+01 
7.019806e-01   7.207733e-02   3.773001e-07   4.581333e-07   4.606733e-08   2.432214e-08   2.912981e+01 
7.017680e-01   7.220411e-02   3.720641e-07   4.538122e-07   4.512339e-08   2.439409e-08   2.923290e+01 
7.015543e-01   7.233093e-02   3.669046e-07   4.495882e-07   4.420085e-08   2.445935e-08   2.933609e+01 
7.013394e-01   7.245778e-02   3.618212e-07   4.454572e-07   4.329917e-08   2.451667e-08   2.943938e+01 
7.011233e-01   7.258467e-02   3.568129e-07   4.414179e-07   4.241785e-08   2.456868e-08   2.954278e+01 
7.009061e-01   7.271160e-02   3.518784e-07   4.374694e-07   4.155635e-08   2.461306e-08   2.964628e+01 
7.006877e-01   7.283855e-02   3.470182e-07   4.336076e-07   4.071423e-08   2.465209e-08   2.974989e+01 
7.004682e-01   7.296553e-02   3.422270e-07   4.298314e-07   3.989098e-08   2.468374e-08   2.985360e+01 
7.002474e-01   7.309255e-02   3.375065e-07   4.261389e-07   3.908615e-08   2.471007e-08   2.995741e+01 
7.000256e-01   7.321959e-02   3.328546e-07   4.225274e-07   3.829928e-08   2.473019e-08   3.006132e+01 
6.998025e-01   7.334666e-02   3.282703e-07   4.189960e-07   3.752994e-08   2.474368e-08   3.016534e+01 
6.995783e-01   7.347376e-02   3.237540e-07   4.155409e-07   3.677770e-08   2.475266e-08   3.026946e+01 
6.993528e-01   7.360088e-02   3.193019e-07   4.121630e-07   3.604214e-08   2.475431e-08   3.037369e+01 
6.991262e-01   7.372804e-02   3.149147e-07   4.088592e-07   3.532287e-08   2.475141e-08   3.047801e+01 
6.988984e-01   7.385521e-02   3.105913e-07   4.056276e-07   3.461949e-08   2.474316e-08   3.058244e+01 
6.986694e-01   7.398241e-02   3.063300e-07   4.024671e-07   3.393162e-08   2.472809e-08   3.068697e+01 
6.984393e-01   7.410963e-02   3.021320e-07   3.993762e-07   3.325888e-08   2.470928e-08   3.079160e+01 
6.982079e-01   7.423687e-02   2.979931e-07   3.963527e-07   3.260092e-08   2.468354e-08   3.089633e+01 
6.979753e-01   7.436414e-02   2.939136e-07   3.933962e-07   3.195738e-08   2.465333e-08   3.100117e+01 
6.977415e-01   7.449142e-02   2.898933e-07   3.905041e-07   3.132793e-08   2.461745e-08   3.110610e+01 
6.975065e-01   7.461872e-02   2.859338e-07   3.876757e-07   3.071222e-08   2.457742e-08   3.121113e+01 
6.972703e-01   7.474604e-02   2.820306e-07   3.849096e-07   3.010993e-08   2.453130e-08   3.131627e+01 
6.970329e-01   7.487338e-02   2.781843e-07   3.822046e-07   2.952075e-08   2.448040e-08   3.142151e+01 
6.967943e-01   7.500073e-02   2.743938e-07   3.795583e-07   2.894436e-08   2.442453e-08   3.152685e+01 
6.965544e-01   7.512810e-02   2.706605e-07   3.769706e-07   2.838047e-08   2.436340e-08   3.163228e+01 
6.963133e-01   7.525548e-02   2.669825e-07   3.744404e-07   2.782879e-08   2.429781e-08   3.173782e+01 
6.960710e-01   7.538288e-02   2.633568e-07   3.719650e-07   2.728903e-08   2.422679e-08   3.184346e+01 
6.958275e-01   7.551028e-02   2.597872e-07   3.695432e-07   2.676091e-08   2.415214e-08   3.194920e+01 
6.955827e-01   7.563770e-02   2.562715e-07   3.671751e-07   2.624417e-08   2.407265e-08   3.205503e+01 
6.953367e-01   7.576513e-02   2.528076e-07   3.648586e-07   2.573853e-08   2.398815e-08   3.216097e+01 
6.950894e-01   7.589256e-02   2.493977e-07   3.625926e-07   2.524376e-08   2.390102e-08   3.226700e+01 
6.948409e-01   7.602001e-02   2.460389e-07   3.603751e-07   2.475959e-08   2.380733e-08   3.237314e+01 
6.945912e-01   7.614746e-02   2.427313e-07   3.582063e-07   2.428579e-08   2.371038e-08   3.247937e+01 
6.943402e-01   7.627491e-02   2.394744e-07   3.560839e-07   2.382211e-08   2.360952e-08   3.258570e+01 
6.940879e-01   7.640238e-02   2.362684e-07   3.540066e-07   2.336832e-08   2.350470e-08   3.269213e+01 
6.938344e-01   7.652984e-02   2.331131e-07   3.519725e-07   2.292421e-08   2.339577e-08   3.279866e+01 
6.935796e-01   7.665731e-02   2.300066e-07   3.499814e-07   2.248955e-08   2.328319e-08   3.290529e+01 
6.933235e-01   7.678477e-02   2.269507e-07   3.480321e-07   2.206412e-08   2.316602e-08   3.301201e+01 
6.930662e-01   7.691224e-02   2.239447e-07   3.461238e-07   2.164773e-08   2.304497e-08   3.311883e+01 
6.928076e-01   7.703971e-02   2.209856e-07   3.442558e-07   2.124016e-08   2.291962e-08   3.322575e+01 
6.925477e-01   7.716717e-02   2.180735e-07   3.424265e-07   2.084122e-08   2.278950e-08   3.333277e+01 
6.922866e-01   7.729464e-02   2.152101e-07   3.406357e-07   2.045072e-08   2.265566e-08   3.343988e+01 
6.920241e-01   7.742210e-02   2.123979e-07   3.388817e-07   2.006846e-08   2.252021e-08   3.354709e+01 
6.917604e-01   7.754955e-02   2.096385e-07   3.371650e-07   1.969427e-08   2.238429e-08   3.365440e+01 
6.914954e-01   7.767700e-02   2.069301e-07   3.354831e-07   1.932796e-08   2.224566e-08   3.376181e+01 
6.912291e-01   7.780445e-02   2.042685e-07   3.338369e-07   1.896937e-08   2.210409e-08   3.386931e+01 
6.909615e-01   7.793188e-02   2.016538e-07   3.322226e-07   1.861830e-08   2.195783e-08   3.397691e+01 
6.906926e-01   7.805931e-02   1.990831e-07   3.306413e-07   1.827462e-08   2.180583e-08   3.408460e+01 
6.904223e-01   7.818672e-02   1.965575e-07   3.290928e-07   1.793815e-08   2.164930e-08   3.419239e+01 
6.901508e-01   7.831413e-02   1.940787e-07   3.275763e-07   1.760873e-08   2.148973e-08   3.430028e+01 
6.898779e-01   7.844152e-02   1.916467e-07   3.260910e-07   1.728622e-08   2.132507e-08   3.440826e+01 
6.896038e-01   7.856889e-02   1.892636e-07   3.246409e-07   1.697045e-08   2.115577e-08   3.451634e+01 
6.893283e-01   7.869626e-02   1.869316e-07   3.232461e-07   1.666129e-08   2.097543e-08   3.462451e+01 
6.890515e-01   7.882360e-02   1.846646e-07   3.220233e-07   1.635859e-08   2.074973e-08   3.473278e+01 
6.887733e-01   7.895093e-02   1.825653e-07   3.216349e-07   1.606220e-08   2.021417e-08   3.484114e+01 
6.884939e-01   7.907825e-02   1.808751e-07   3.258140e-07   1.577200e-08   1.837497e-08   3.494960e+01 
6.882131e-01   7.920554e-02   1.830804e-07   3.380707e-07   1.548785e-08   1.022197e-08   3.505815e+01 
6.879309e-01   7.933282e-02   1.818882e-07   3.403870e-07   1.520962e-08   3.197940e-08   3.516680e+01 
6.876474e-01   7.946007e-02   1.758143e-07   3.260961e-07   1.493718e-08   2.443159e-08   3.527554e+01 
6.873626e-01   7.958730e-02   1.764528e-07   3.191677e-07   1.467041e-08   2.455969e-08   3.538438e+01 
6.870764e-01   7.971451e-02   1.735588e-07   3.132830e-07   1.440919e-08   1.821715e-08   3.549331e+01 
6.867888e-01   7.984169e-02   1.685438e-07   3.118178e-07   1.415339e-08   1.903207e-08   3.560233e+01 
6.864999e-01   7.996884e-02   1.663398e-07   3.104734e-07   1.390292e-08   1.908705e-08   3.571145e+01 
6.862096e-01   8.009597e-02   1.644421e-07   3.092984e-07   1.365764e-08   1.894091e-08   3.582066e+01 
6.859180e-01   8.022307e-02   1.626739e-07   3.081697e-07   1.341746e-08   1.874552e-08   3.592997e+01 
6.856250e-01   8.035014e-02   1.609627e-07   3.070655e-07   1.318226e-08   1.854292e-08   3.603937e+01 
6.853306e-01   8.047719e-02   1.593011e-07   3.059827e-07   1.295194e-08   1.833753e-08   3.614886e+01 
6.850348e-01   8.060419e-02   1.576901e-07   3.049185e-07   1.272640e-08   1.812860e-08   3.625844e+01 
6.847377e-01   8.073117e-02   1.561305e-07   3.038725e-07   1.250554e-08   1.791662e-08   3.636812e+01 
6.844391e-01   8.085811e-02   1.546171e-07   3.028452e-07   1.228925e-08   1.770399e-08   3.647789e+01 
6.841392e-01   8.098502e-02   1.531510e-07   3.018361e-07   1.207745e-08   1.749063e-08   3.658776e+01 
6.838379e-01   8.111189e-02   1.517377e-07   3.008432e-07   1.187004e-08   1.727401e-08   3.669771e+01 
6.835352e-01   8.123872e-02   1.503787e-07   2.998670e-07   1.166692e-08   1.705256e-08   3.680776e+01 
6.832311e-01   8.136552e-02   1.490696e-07   2.989062e-07   1.146802e-08   1.682832e-08   3.691790e+01 
6.829255e-01   8.149227e-02   1.478087e-07   2.979629e-07   1.127323e-08   1.660508e-08   3.702813e+01 
6.826186e-01   8.161899e-02   1.465977e-07   2.970350e-07   1.108249e-08   1.638111e-08   3.713846e+01 
6.823102e-01   8.174566e-02   1.454392e-07   2.961220e-07   1.089570e-08   1.615478e-08   3.724887e+01 
6.820004e-01   8.187229e-02   1.443344e-07   2.952232e-07   1.071278e-08   1.592448e-08   3.735938e+01 
6.816892e-01   8.199887e-02   1.432820e-07   2.943389e-07   1.053366e-08   1.569218e-08   3.746998e+01 
6.813766e-01   8.212541e-02   1.422805e-07   2.934691e-07   1.035826e-08   1.546032e-08   3.758067e+01 
6.810626e-01   8.225191e-02   1.413317e-07   2.926127e-07   1.018651e-08   1.522743e-08   3.769145e+01 
6.807471e-01   8.237835e-02   1.404359e-07   2.917697e-07   1.001833e-08   1.499253e-08   3.780233e+01 
6.804301e-01   8.250475e-02   1.395953e-07   2.909386e-07   9.853686e-09   1.475482e-08   3.791329e+01 
6.801118e-01   8.263109e-02   1.388096e-07   2.901209e-07   9.692540e-09   1.451496e-08   3.802434e+01 
6.797919e-01   8.275738e-02   1.380795e-07   2.893163e-07   9.534919e-09   1.427429e-08   3.813549e+01 
6.794707e-01   8.288362e-02   1.374048e-07   2.885262e-07   9.380930e-09   1.403227e-08   3.824672e+01 
6.791479e-01   8.300981e-02   1.367850e-07   2.877548e-07   9.230755e-09   1.379069e-08   3.835805e+01 
6.788237e-01   8.313594e-02   1.362198e-07   2.870050e-07   9.084460e-09   1.354977e-08   3.846946e+01 
6.784981e-01   8.326201e-02   1.357116e-07   2.862869e-07   8.941567e-09   1.330818e-08   3.858097e+01 
6.781710e-01   8.338802e-02   1.352633e-07   2.855934e-07   8.800732e-09   1.306329e-08   3.869256e+01 
6.778423e-01   8.351398e-02   1.348748e-07   2.849130e-07   8.661185e-09   1.281252e-08   3.880425e+01 
6.775123e-01   8.363987e-02   1.345480e-07   2.841868e-07   8.526568e-09   1.255336e-08   3.891602e+01 
6.771807e-01   8.376570e-02   1.342781e-07   2.833923e-07   8.406512e-09   1.230046e-08   3.902789e+01 
6.768477e-01   8.389146e-02   1.340617e-07   2.825776e-07   8.302973e-09   1.205924e-08   3.913984e+01 
6.765131e-01   8.401716e-02   1.339035e-07   2.819072e-07   8.188567e-09   1.181474e-08   3.925188e+01 
6.761771e-01   8.414281e-02   1.338088e-07   2.813236e-07   8.046705e-09   1.155736e-08   3.936401e+01 
6.758396e-01   8.426837e-02   1.337717e-07   2.805809e-07   7.969697e-09   1.128954e-08   3.947624e+01 
6.755005e-01   8.439385e-02   1.337960e-07   2.809108e-07   7.867442e-09   1.102514e-08   3.958854e+01 
6.751600e-01   8.451929e-02   1.338739e-07   2.813490e-07   7.686167e-09   1.081841e-08   3.970094e+01 
6.748179e-01   8.464467e-02   1.340204e-07   2.793533e-07   7.590725e-09   1.054000e-08   3.981343e+01 
6.744744e-01   8.476993e-02   1.342322e-07   2.778252e-07   7.440600e-09   1.024262e-08   3.992600e+01 
6.741293e-01   8.489511e-02   1.345145e-07   2.769614e-07   7.318364e-09   9.973694e-09   4.003866e+01 
6.737826e-01   8.502026e-02   1.348661e-07   2.762331e-07   7.203500e-09   9.709426e-09   4.015142e+01 
6.734345e-01   8.514536e-02   1.352862e-07   2.756294e-07   7.093702e-09   9.443009e-09   4.026425e+01 
6.730848e-01   8.527035e-02   1.357629e-07   2.749628e-07   6.990172e-09   9.158264e-09   4.037718e+01 
6.727336e-01   8.539525e-02   1.362946e-07   2.742735e-07   6.887157e-09   8.870966e-09   4.049019e+01 
6.723811e-01   8.551997e-02   1.368859e-07   2.735914e-07   6.787038e-09   8.595911e-09   4.060321e+01 
6.720273e-01   8.564452e-02   1.375493e-07   2.729139e-07   6.689862e-09   8.340074e-09   4.071622e+01 
6.716723e-01   8.576889e-02   1.383046e-07   2.722189e-07   6.595107e-09   8.102742e-09   4.082924e+01 
6.713159e-01   8.589308e-02   1.391695e-07   2.715107e-07   6.502765e-09   7.875677e-09   4.094225e+01 
6.709583e-01   8.601709e-02   1.401406e-07   2.708089e-07   6.412535e-09   7.645077e-09   4.105527e+01 
6.705993e-01   8.614092e-02   1.412038e-07   2.701359e-07   6.324349e-09   7.396815e-09   4.116828e+01 
6.702390e-01   8.626456e-02   1.423339e-07   2.695055e-07   6.238169e-09   7.125499e-09   4.128130e+01 
6.698775e-01   8.638803e-02   1.435082e-07   2.689162e-07   6.153953e-09   6.837682e-09   4.139431e+01 
6.695147e-01   8.651131e-02   1.447092e-07   2.683524e-07   6.071659e-09   6.545295e-09   4.150733e+01 
6.691506e-01   8.663440e-02   1.459098e-07   2.677896e-07   5.991249e-09   6.257921e-09   4.162034e+01 
6.687852e-01   8.675732e-02   1.471074e-07   2.672049e-07   5.912685e-09   5.981477e-09   4.173336e+01 
6.684187e-01   8.688007e-02   1.483523e-07   2.665830e-07   5.835929e-09   5.718839e-09   4.184637e+01 
6.680509e-01   8.700263e-02   1.497266e-07   2.659237e-07   5.760945e-09   5.468683e-09   4.195939e+01 
6.676818e-01   8.712500e-02   1.512690e-07   2.652352e-07   5.687695e-09   5.219439e-09   4.207240e+01 
6.673113e-01   8.724718e-02   1.529270e-07   2.645306e-07   5.616142e-09   4.952078e-09   4.218541e+01 
6.669395e-01   8.736915e-02   1.546326e-07   2.638246e-07   5.546245e-09   4.657767e-09   4.229843e+01 
6.665662e-01   8.749092e-02   1.563769e-07   2.631297e-07   5.477972e-09   4.348061e-09   4.241145e+01 
6.661916e-01   8.761250e-02   1.581968e-07   2.624534e-07   5.411292e-09   4.042830e-09   4.252446e+01 
6.658158e-01   8.773388e-02   1.601052e-07   2.617945e-07   5.346183e-09   3.753630e-09   4.263747e+01 
6.654386e-01   8.785508e-02   1.620936e-07   2.611458e-07   5.282623e-09   3.478130e-09   4.275049e+01 
6.650601e-01   8.797608e-02   1.641623e-07   2.605007e-07   5.220595e-09   3.210620e-09   4.286350e+01 
6.646802e-01   8.809689e-02   1.663205e-07   2.598528e-07   5.160078e-09   2.946955e-09   4.297652e+01 
6.642991e-01   8.821750e-02   1.685706e-07   2.592001e-07   5.101047e-09   2.684462e-09   4.308953e+01 
6.639165e-01   8.833791e-02   1.709112e-07   2.585416e-07   5.043476e-09   2.420519e-09   4.320255e+01 
6.635325e-01   8.845810e-02   1.733377e-07   2.578799e-07   4.987332e-09   2.156398e-09   4.331556e+01 
6.631472e-01   8.857809e-02   1.758466e-07   2.572147e-07   4.932578e-09   1.892942e-09   4.342858e+01 
6.627604e-01   8.869787e-02   1.784445e-07   2.565487e-07   4.879174e-09   1.632317e-09   4.354159e+01 
6.623723e-01   8.881745e-02   1.811306e-07   2.558805e-07   4.827070e-09   1.371368e-09   4.365461e+01 
6.619828e-01   8.893682e-02   1.839036e-07   2.552090e-07   4.776212e-09   1.108063e-09   4.376762e+01 
6.615918e-01   8.905598e-02   1.867680e-07   2.545329e-07   4.726547e-09   8.421384e-10   4.388064e+01 
6.611995e-01   8.917493e-02   1.897240e-07   2.538526e-07   4.678047e-09   5.703982e-10   4.399365e+01 
6.608059e-01   8.929367e-02   1.927668e-07   2.531655e-07   4.630682e-09   2.919607e-10   4.410667e+01 
6.604108e-01   8.941221e-02   1.959022e-07   2.524734e-07   4.584402e-09   6.396980e-12   4.421968e+01 
6.600145e-01   8.953055e-02   1.991294e-07   2.517742e-07   4.539262e-09   -2.836432e-10   4.433270e+01 
6.596168e-01   8.964868e-02   2.024538e-07   2.510724e-07   4.495077e-09   -5.743661e-10   4.444571e+01 
6.592179e-01   8.976662e-02   2.058690e-07   2.503606e-07   4.451980e-09   -8.655951e-10   4.455873e+01 
6.588176e-01   8.988436e-02   2.093652e-07   2.496432e-07   4.409906e-09   -1.157083e-09   4.467174e+01 
6.584161e-01   9.000190e-02   2.129407e-07   2.489194e-07   4.368805e-09   -1.448771e-09   4.478475e+01 
6.580134e-01   9.011924e-02   2.165998e-07   2.481889e-07   4.328700e-09   -1.738955e-09   4.489777e+01 
6.576092e-01   9.023638e-02   2.203517e-07   2.474546e-07   4.289564e-09   -2.022762e-09   4.501078e+01 
6.572038e-01   9.035331e-02   2.242075e-07   2.467159e-07   4.251368e-09   -2.298336e-09   4.512380e+01 
6.567970e-01   9.047002e-02   2.281602e-07   2.459734e-07   4.214093e-09   -2.566320e-09   4.523681e+01 
6.563888e-01   9.058653e-02   2.322163e-07   2.452272e-07   4.177715e-09   -2.827399e-09   4.534983e+01 
6.559793e-01   9.070282e-02   2.363727e-07   2.444752e-07   4.142214e-09   -3.086255e-09   4.546284e+01 
6.555684e-01   9.081890e-02   2.406199e-07   2.437165e-07   4.107570e-09   -3.342892e-09   4.557586e+01 
6.551562e-01   9.093477e-02   2.449615e-07   2.429496e-07   4.073764e-09   -3.597275e-09   4.568887e+01 
6.547427e-01   9.105043e-02   2.494030e-07   2.421750e-07   4.040776e-09   -3.849431e-09   4.580189e+01 
6.543278e-01   9.116587e-02   2.539463e-07   2.413902e-07   4.008590e-09   -4.097659e-09   4.591490e+01 
6.539115e-01   9.128109e-02   2.585917e-07   2.405958e-07   3.977185e-09   -4.341191e-09   4.602792e+01 
6.534939e-01   9.139610e-02   2.633427e-07   2.397911e-07   3.946547e-09   -4.580917e-09   4.614093e+01 
6.530749e-01   9.151088e-02   2.681988e-07   2.389754e-07   3.916656e-09   -4.817334e-09   4.625395e+01 
6.526546e-01   9.162545e-02   2.731596e-07   2.381485e-07   3.887497e-09   -5.049706e-09   4.636696e+01 
6.522329e-01   9.173979e-02   2.782253e-07   2.373094e-07   3.859051e-09   -5.277968e-09   4.647998e+01 
6.518098e-01   9.185391e-02   2.834003e-07   2.364592e-07   3.831305e-09   -5.503101e-09   4.659299e+01 
6.513853e-01   9.196781e-02   2.886804e-07   2.355977e-07   3.804241e-09   -5.724044e-09   4.670600e+01 
6.509595e-01   9.208148e-02   2.940953e-07   2.347561e-07   3.777845e-09   -5.913412e-09   4.681902e+01 
6.505322e-01   9.219493e-02   2.998328e-07   2.338891e-07   3.752100e-09   -6.271872e-09   4.693203e+01 
6.501036e-01   9.230816e-02   3.052942e-07   2.329405e-07   3.726993e-09   -6.364085e-09   4.704505e+01 
6.496736e-01   9.242115e-02   3.109121e-07   2.320344e-07   3.702508e-09   -6.572974e-09   4.715806e+01 
6.492423e-01   9.253393e-02   3.167519e-07   2.311189e-07   3.678633e-09   -6.777484e-09   4.727108e+01 
6.488095e-01   9.264647e-02   3.227079e-07   2.301952e-07   3.655352e-09   -6.980123e-09   4.738409e+01 
6.483754e-01   9.275878e-02   3.287808e-07   2.292644e-07   3.632653e-09   -7.180338e-09   4.749711e+01 
6.479398e-01   9.287087e-02   3.349731e-07   2.283267e-07   3.610522e-09   -7.380233e-09   4.761012e+01 
6.475028e-01   9.298273e-02   3.412819e-07   2.273836e-07   3.588948e-09   -7.578211e-09   4.772314e+01 
6.470645e-01   9.309435e-02   3.477177e-07   2.264332e-07   3.567916e-09   -7.775576e-09   4.783615e+01 
6.466247e-01   9.320574e-02   3.542725e-07   2.254779e-07   3.547416e-09   -7.972720e-09   4.794917e+01 
6.461835e-01   9.331690e-02   3.609510e-07   2.245151e-07   3.527434e-09   -8.168594e-09   4.806218e+01 
6.457410e-01   9.342783e-02   3.677556e-07   2.235455e-07   3.507960e-09   -8.363386e-09   4.817520e+01 
6.452970e-01   9.353852e-02   3.746866e-07   2.225663e-07   3.488983e-09   -8.556947e-09   4.828821e+01 
6.448516e-01   9.364897e-02   3.817448e-07   2.215782e-07   3.470492e-09   -8.748352e-09   4.840123e+01 
6.444048e-01   9.375918e-02   3.889282e-07   2.205778e-07   3.452475e-09   -8.936874e-09   4.851424e+01 
6.439566e-01   9.386915e-02   3.962455e-07   2.195657e-07   3.434924e-09   -9.122280e-09   4.862726e+01 
6.435069e-01   9.397888e-02   4.036897e-07   2.185387e-07   3.417827e-09   -9.304287e-09   4.874027e+01 
6.430558e-01   9.408837e-02   4.112655e-07   2.174964e-07   3.401177e-09   -9.481682e-09   4.885328e+01 
6.426033e-01   9.419762e-02   4.189759e-07   2.164374e-07   3.384962e-09   -9.654152e-09   4.896630e+01 
6.421494e-01   9.430662e-02   4.268186e-07   2.153609e-07   3.369177e-09   -9.822087e-09   4.907932e+01 
6.416940e-01   9.441537e-02   4.347980e-07   2.142667e-07   3.353810e-09   -9.985037e-09   4.919233e+01 
6.412372e-01   9.452388e-02   4.429148e-07   2.131550e-07   3.338856e-09   -1.014316e-08   4.930534e+01 
6.407790e-01   9.463214e-02   4.511707e-07   2.120257e-07   3.324305e-09   -1.029697e-08   4.941836e+01 
6.403193e-01   9.474015e-02   4.595649e-07   2.108800e-07   3.310152e-09   -1.044762e-08   4.953137e+01 
6.398582e-01   9.484792e-02   4.681007e-07   2.097198e-07   3.296388e-09   -1.059432e-08   4.964439e+01 
6.393956e-01   9.495543e-02   4.767852e-07   2.085452e-07   3.283007e-09   -1.073847e-08   4.975740e+01 
6.389316e-01   9.506270e-02   4.856089e-07   2.073581e-07   3.270001e-09   -1.088001e-08   4.987042e+01 
6.384662e-01   9.516971e-02   4.945831e-07   2.061582e-07   3.257366e-09   -1.102071e-08   4.998343e+01 
6.379992e-01   9.527648e-02   5.037033e-07   2.049487e-07   3.245092e-09   -1.115840e-08   5.009645e+01 
6.375309e-01   9.538298e-02   5.129750e-07   2.037264e-07   3.233176e-09   -1.129430e-08   5.020946e+01 
6.370610e-01   9.548924e-02   5.223980e-07   2.024948e-07   3.221607e-09   -1.142751e-08   5.032248e+01 
6.365898e-01   9.559524e-02   5.319709e-07   2.012515e-07   3.210383e-09   -1.155789e-08   5.043549e+01 
6.361170e-01   9.570098e-02   5.416994e-07   1.999983e-07   3.199493e-09   -1.168478e-08   5.054851e+01 
6.356428e-01   9.580647e-02   5.515823e-07   1.987338e-07   3.188934e-09   -1.180803e-08   5.066152e+01 
6.351671e-01   9.591170e-02   5.616196e-07   1.974584e-07   3.178694e-09   -1.192670e-08   5.077454e+01 
6.346899e-01   9.601667e-02   5.718135e-07   1.961721e-07   3.168770e-09   -1.204111e-08   5.088755e+01 
6.342113e-01   9.612138e-02   5.821671e-07   1.948748e-07   3.159151e-09   -1.214997e-08   5.100057e+01 
6.337312e-01   9.622582e-02   5.926812e-07   1.935659e-07   3.149833e-09   -1.225483e-08   5.111358e+01 
6.332496e-01   9.633000e-02   6.033530e-07   1.922456e-07   3.140802e-09   -1.235349e-08   5.122660e+01 
6.327665e-01   9.643392e-02   6.141921e-07   1.909126e-07   3.132058e-09   -1.244727e-08   5.133961e+01 
6.322819e-01   9.653757e-02   6.251955e-07   1.895654e-07   3.123584e-09   -1.253477e-08   5.145262e+01 
6.317960e-01   9.664095e-02   6.363611e-07   1.882020e-07   3.115381e-09   -1.261664e-08   5.156564e+01 
6.313083e-01   9.674406e-02   6.476954e-07   1.868213e-07   3.107433e-09   -1.268962e-08   5.167865e+01 
6.308194e-01   9.684689e-02   6.592013e-07   1.854204e-07   3.099740e-09   -1.275697e-08   5.179167e+01 
6.303288e-01   9.694946e-02   6.708781e-07   1.839983e-07   3.092285e-09   -1.281449e-08   5.190468e+01 
6.298369e-01   9.705175e-02   6.827241e-07   1.825544e-07   3.085071e-09   -1.286399e-08   5.201770e+01 
6.293433e-01   9.715378e-02   6.947459e-07   1.810891e-07   3.078080e-09   -1.290486e-08   5.213071e+01 
6.288483e-01   9.725552e-02   7.069469e-07   1.796039e-07   3.071318e-09   -1.293894e-08   5.224373e+01 
6.283517e-01   9.735699e-02   7.193246e-07   1.781007e-07   3.064765e-09   -1.296531e-08   5.235674e+01 
6.278538e-01   9.745819e-02   7.318869e-07   1.765819e-07   3.058429e-09   -1.298745e-08   5.246976e+01 
6.273541e-01   9.755911e-02   7.446300e-07   1.750510e-07   3.052292e-09   -1.300456e-08   5.258277e+01 
6.268532e-01   9.765975e-02   7.575647e-07   1.735082e-07   3.046361e-09   -1.302026e-08   5.269579e+01 
6.263505e-01   9.776012e-02   7.706856e-07   1.719571e-07   3.040619e-09   -1.303335e-08   5.280880e+01 
6.258465e-01   9.786021e-02   7.840018e-07   1.703965e-07   3.035077e-09   -1.304678e-08   5.292182e+01 
6.253407e-01   9.796002e-02   7.975078e-07   1.688264e-07   3.029715e-09   -1.305690e-08   5.303483e+01 
6.248337e-01   9.805954e-02   8.112194e-07   1.672461e-07   3.024549e-09   -1.306767e-08   5.314785e+01 
6.243249e-01   9.815878e-02   8.251228e-07   1.656538e-07   3.019557e-09   -1.307431e-08   5.326086e+01 
6.238149e-01   9.825774e-02   8.392266e-07   1.640479e-07   3.014756e-09   -1.308033e-08   5.337387e+01 
6.233029e-01   9.835642e-02   8.535341e-07   1.624285e-07   3.010125e-09   -1.308169e-08   5.348689e+01 
6.227898e-01   9.845480e-02   8.680453e-07   1.607941e-07   3.005682e-09   -1.308108e-08   5.359990e+01 
6.222748e-01   9.855290e-02   8.827619e-07   1.591445e-07   3.001403e-09   -1.307408e-08   5.371292e+01 
6.217586e-01   9.865070e-02   8.976910e-07   1.574793e-07   2.997310e-09   -1.306622e-08   5.382593e+01 
6.212405e-01   9.874823e-02   9.128227e-07   1.557980e-07   2.993376e-09   -1.304991e-08   5.393895e+01 
6.207213e-01   9.884544e-02   9.281710e-07   1.541014e-07   2.989624e-09   -1.303227e-08   5.405196e+01 
6.202000e-01   9.894238e-02   9.437347e-07   1.523884e-07   2.986023e-09   -1.300485e-08   5.416498e+01 
6.196777e-01   9.903901e-02   9.595116e-07   1.506602e-07   2.982600e-09   -1.297516e-08   5.427799e+01 
6.191533e-01   9.913536e-02   9.755060e-07   1.489170e-07   2.979320e-09   -1.293578e-08   5.439101e+01 
6.186279e-01   9.923140e-02   9.917202e-07   1.471609e-07   2.976211e-09   -1.289271e-08   5.450402e+01 
6.181004e-01   9.932716e-02   1.008155e-06   1.453908e-07   2.973235e-09   -1.283925e-08   5.461704e+01 
6.175718e-01   9.942260e-02   1.024813e-06   1.436099e-07   2.970425e-09   -1.278302e-08   5.473005e+01 
6.170411e-01   9.951776e-02   1.041698e-06   1.418157e-07   2.967733e-09   -1.271531e-08   5.484307e+01 
6.165095e-01   9.961261e-02   1.058808e-06   1.400109e-07   2.965200e-09   -1.264499e-08   5.495608e+01 
6.159756e-01   9.970717e-02   1.076147e-06   1.381944e-07   2.962775e-09   -1.256207e-08   5.506910e+01 
6.154409e-01   9.980140e-02   1.093723e-06   1.363652e-07   2.960502e-09   -1.247712e-08   5.518211e+01 
6.149038e-01   9.989536e-02   1.111535e-06   1.345237e-07   2.958326e-09   -1.238040e-08   5.529513e+01 
6.143659e-01   9.998898e-02   1.129584e-06   1.326702e-07   2.956297e-09   -1.228242e-08   5.540814e+01 
6.138256e-01   1.000823e-01   1.147875e-06   1.308028e-07   2.954358e-09   -1.217277e-08   5.552116e+01 
6.132846e-01   1.001753e-01   1.166418e-06   1.289235e-07   2.952564e-09   -1.206355e-08   5.563417e+01 
6.127411e-01   1.002681e-01   1.185208e-06   1.270299e-07   2.950851e-09   -1.194396e-08   5.574719e+01 
6.121970e-01   1.003605e-01   1.204254e-06   1.251253e-07   2.949284e-09   -1.182667e-08   5.586020e+01 
6.116501e-01   1.004526e-01   1.223555e-06   1.232079e-07   2.947791e-09   -1.169990e-08   5.597321e+01 
6.111029e-01   1.005443e-01   1.243119e-06   1.212807e-07   2.946447e-09   -1.157737e-08   5.608623e+01 
6.105528e-01   1.006358e-01   1.262951e-06   1.193424e-07   2.945168e-09   -1.144601e-08   5.619924e+01 
6.100024e-01   1.007269e-01   1.283044e-06   1.173942e-07   2.944049e-09   -1.132089e-08   5.631226e+01 
6.094490e-01   1.008178e-01   1.303414e-06   1.154341e-07   2.942997e-09   -1.118296e-08   5.642527e+01 
6.088955e-01   1.009083e-01   1.324054e-06   1.134614e-07   2.942077e-09   -1.105273e-08   5.653829e+01 
6.083388e-01   1.009985e-01   1.344968e-06   1.114750e-07   2.941194e-09   -1.090911e-08   5.665130e+01 
6.077821e-01   1.010883e-01   1.366162e-06   1.094721e-07   2.940464e-09   -1.076963e-08   5.676432e+01 
6.072221e-01   1.011779e-01   1.387641e-06   1.074529e-07   2.939776e-09   -1.061413e-08   5.687733e+01 
6.066623e-01   1.012671e-01   1.409404e-06   1.054175e-07   2.939241e-09   -1.046275e-08   5.699035e+01 
6.060989e-01   1.013560e-01   1.431449e-06   1.033658e-07   2.938732e-09   -1.029465e-08   5.710336e+01 
6.055359e-01   1.014446e-01   1.453786e-06   1.013009e-07   2.938377e-09   -1.013293e-08   5.721638e+01 
6.049691e-01   1.015328e-01   1.476424e-06   9.922472e-08   2.938033e-09   -9.953497e-09   5.732939e+01 
6.044030e-01   1.016207e-01   1.499357e-06   9.714137e-08   2.937848e-09   -9.784963e-09   5.744241e+01 
6.038328e-01   1.017083e-01   1.522602e-06   9.505118e-08   2.937661e-09   -9.597010e-09   5.755542e+01 
6.032636e-01   1.017955e-01   1.546138e-06   9.295864e-08   2.937645e-09   -9.424356e-09   5.766844e+01 
6.026899e-01   1.018825e-01   1.570006e-06   9.086155e-08   2.937613e-09   -9.232030e-09   5.778145e+01 
6.021175e-01   1.019690e-01   1.594173e-06   8.876159e-08   2.937767e-09   -9.052323e-09   5.789446e+01 
6.015404e-01   1.020553e-01   1.618685e-06   8.665569e-08   2.937892e-09   -8.851706e-09   5.800748e+01 
6.009649e-01   1.021412e-01   1.643498e-06   8.454377e-08   2.938223e-09   -8.658860e-09   5.812049e+01 
6.003842e-01   1.022268e-01   1.668661e-06   8.242220e-08   2.938508e-09   -8.445065e-09   5.823351e+01 
5.998056e-01   1.023120e-01   1.694119e-06   8.029174e-08   2.939024e-09   -8.238796e-09   5.834652e+01 
5.992214e-01   1.023969e-01   1.719936e-06   7.814930e-08   2.939471e-09   -8.009539e-09   5.845954e+01 
5.986397e-01   1.024814e-01   1.746038e-06   7.599656e-08   2.940178e-09   -7.790030e-09   5.857255e+01 
5.980519e-01   1.025656e-01   1.772537e-06   7.383296e-08   2.940784e-09   -7.542587e-09   5.868557e+01 
5.974671e-01   1.026494e-01   1.799338e-06   7.166117e-08   2.941684e-09   -7.306806e-09   5.879858e+01 
5.968758e-01   1.027329e-01   1.826535e-06   6.948244e-08   2.942440e-09   -7.043258e-09   5.891160e+01 
5.962879e-01   1.028160e-01   1.854060e-06   6.730067e-08   2.943530e-09   -6.793551e-09   5.902461e+01 
5.956928e-01   1.028989e-01   1.881985e-06   6.511674e-08   2.944425e-09   -6.519907e-09   5.913763e+01 
5.951019e-01   1.029813e-01   1.910229e-06   6.293613e-08   2.945702e-09   -6.262608e-09   5.925064e+01 
5.945031e-01   1.030634e-01   1.938917e-06   6.075742e-08   2.946717e-09   -5.980804e-09   5.936366e+01 
5.939092e-01   1.031451e-01   1.967892e-06   5.858555e-08   2.948178e-09   -5.721763e-09   5.947667e+01 
5.933066e-01   1.032265e-01   1.997369e-06   5.641775e-08   2.949295e-09   -5.432377e-09   5.958969e+01 
5.927097e-01   1.033074e-01   2.027115e-06   5.425776e-08   2.950940e-09   -5.168243e-09   5.970270e+01 
5.921033e-01   1.033881e-01   2.057373e-06   5.210211e-08   2.952142e-09   -4.874885e-09   5.981571e+01 
5.915034e-01   1.034684e-01   2.087946e-06   4.995399e-08   2.953974e-09   -4.602117e-09   5.992873e+01 
5.908932e-01   1.035483e-01   2.119008e-06   4.781002e-08   2.955246e-09   -4.301390e-09   6.004174e+01 
5.902903e-01   1.036278e-01   2.150395e-06   4.567594e-08   2.957272e-09   -4.023513e-09   6.015476e+01 
5.896761e-01   1.037071e-01   2.182351e-06   4.354844e-08   2.958601e-09   -3.714358e-09   6.026777e+01 
5.890704e-01   1.037858e-01   2.214538e-06   4.143627e-08   2.960837e-09   -3.441580e-09   6.038079e+01 
5.884521e-01   1.038643e-01   2.247442e-06   3.933560e-08   2.962209e-09   -3.131498e-09   6.049380e+01 
5.878438e-01   1.039424e-01   2.280496e-06   3.725618e-08   2.964673e-09   -2.866232e-09   6.060682e+01 
5.872210e-01   1.040201e-01   2.314341e-06   3.519327e-08   2.966078e-09   -2.571140e-09   6.071983e+01 
5.866102e-01   1.040974e-01   2.348347e-06   3.315650e-08   2.968786e-09   -2.316330e-09   6.083285e+01 
5.859832e-01   1.041744e-01   2.383140e-06   3.113853e-08   2.970223e-09   -2.042876e-09   6.094586e+01 
5.853695e-01   1.042509e-01   2.418160e-06   2.915064e-08   2.973184e-09   -1.802760e-09   6.105888e+01 
5.847386e-01   1.043272e-01   2.453963e-06   2.718084e-08   2.974653e-09   -1.545822e-09   6.117189e+01 
5.841218e-01   1.044029e-01   2.489982e-06   2.524373e-08   2.977866e-09   -1.324455e-09   6.128491e+01 
5.834867e-01   1.044785e-01   2.526906e-06   2.332320e-08   2.979371e-09   -1.072526e-09   6.139792e+01 
5.828676e-01   1.045533e-01   2.563929e-06   2.144017e-08   2.982824e-09   -8.748204e-10   6.151094e+01 
5.822274e-01   1.046280e-01   2.602050e-06   1.957549e-08   2.984373e-09   -6.343189e-10   6.162395e+01 
5.816065e-01   1.047022e-01   2.640184e-06   1.775497e-08   2.988031e-09   -4.612623e-10   6.173697e+01 
5.809610e-01   1.047760e-01   2.679535e-06   1.595384e-08   2.989659e-09   -2.558886e-10   6.184998e+01 
5.803380e-01   1.048495e-01   2.718913e-06   1.420505e-08   2.993432e-09   -1.112785e-10   6.196300e+01 
5.796878e-01   1.049225e-01   2.759601e-06   1.246880e-08   2.995239e-09   5.166485e-11   6.207601e+01 
5.790621e-01   1.049950e-01   2.800272e-06   1.080680e-08   2.998973e-09   1.442636e-10   6.218903e+01 
5.784074e-01   1.050673e-01   2.842474e-06   9.127399e-09   3.001105e-09   2.936744e-10   6.230204e+01 
5.777790e-01   1.051389e-01   2.884568e-06   7.577710e-09   3.004609e-09   3.104522e-10   6.241505e+01 
5.771201e-01   1.052106e-01   2.928401e-06   5.950759e-09   3.007279e-09   4.668891e-10   6.252807e+01 
5.764868e-01   1.052819e-01   2.972237e-06   4.503193e-09   3.010224e-09   4.523970e-10   6.264108e+01 
5.758326e-01   1.053540e-01   3.017927e-06   3.007125e-09   3.013912e-09   5.053233e-10   6.275410e+01 
5.751678e-01   1.054278e-01   3.064340e-06   1.652080e-09   3.015530e-09   5.693764e-10   6.286711e+01 
5.746028e-01   1.055079e-01   3.111147e-06   5.783026e-10   3.021171e-09   2.474121e-10   6.298013e+01 
5.737457e-01   1.056011e-01   3.161563e-06   7.806256e-17   3.021343e-09   1.457168e-16   6.309314e+01 
