% The data presented here were obtained from a direct numerical simulation of a turbulent 
% boundary layer developing under a pressure gradient. All the data shown here are 
% not normalized. Please refer to the references below for rmore detailed information.
 
 
% We compute the boundary layer thickness using the method of Griffin et al. (2021). 
% The pressure-gradient parameters of beta_{ZS} and beta_i are computed as follows. 
% beta_{ZS}=(delta)/(rho U_{ZS}^2)(dp_e/dx) and beta_i = (nu/rho u_tau^3)(d p_w/dx) 
% where $delta$ is the boundary layer thickness, $U_{ZS}$ is the Zagorola-Smits velocity, 
% $p_e$ and $p_w$ are the pressure at the edge of boundary layer and wall, respectively. 
 
 
% Please check this report for rmore detailed information about the data: 
% Gungor, T. R., Gungor, A. G.., Maciel, Y. (2024). Datasets of  
% three non-equilibrium pressure gradient turbulent boundary layers.  
 
 
% Please cite this paper when referencing the data: 
% Gungor, T. R., Maciel, Y., & Gungor, A. G. (2022). 
% Energy transfer mechanisms in adverse pressure gradient turbulent boundary layers: 
% production and inter-component redistribution. Journal of Fluid Mechanics, 948, A5  
 
  
% ========================================================================================= 
% 	 	 	************ Position 5 of DNS22 ************ 
% ========================================================================================= 

% 	 Re_tau = 4.969317e+02 
% 	 Re_theta=5.410676e+03 
% 	 utau=1.052651e-02 
% 	 U_e=6.865446e-01 
% 	 theta=2.251722e+00 
% 	 delta_star=5.630650e+00 
% 	 delta=1.348790e+01 
%  	 x_pos=1.679487e+02 
% 	 H=2.500598e+00 
% 	 C_f=4.626277e-04 
% 	 nu=2.857143e-04 
% 	 beta_RC=2.162713e+01 
% 	 beta_i=1.525819e-01 
% 	 beta_ZS=1.017932e-01 
 
% ========================================================================================================== 
% 	 U   	   V   	   u2   	   v2   	   w2   	   uv   	   y        
% ========================================================================================================= 
8.905696e-04   2.811520e-08   1.619047e-06   7.867292e-11   1.663801e-06   -1.216198e-09   2.287286e-03 
2.057542e-03   1.481978e-07   8.308082e-06   2.065959e-09   8.469669e-06   -1.511745e-08   5.249328e-03 
3.514123e-03   4.249398e-07   2.290096e-05   1.581639e-08   2.308255e-05   -7.646405e-08   8.878786e-03 
5.275752e-03   9.374313e-07   4.817694e-05   7.028024e-08   4.778190e-05   -2.596725e-07   1.316846e-02 
7.355196e-03   1.779027e-06   8.691625e-05   2.274403e-07   8.425598e-05   -6.947806e-07   1.811128e-02 
9.761587e-03   3.057011e-06   1.417876e-04   5.951727e-07   1.332931e-04   -1.578367e-06   2.370030e-02 
1.249714e-02   4.891760e-06   2.150162e-04   1.334494e-06   1.947328e-04   -3.167933e-06   2.992870e-02 
1.555699e-02   7.415230e-06   3.080145e-04   2.657903e-06   2.674668e-04   -5.757258e-06   3.678981e-02 
1.892653e-02   1.076857e-05   4.211448e-04   4.818062e-06   3.496163e-04   -9.631988e-06   4.427706e-02 
2.257867e-02   1.509875e-05   5.534435e-04   8.088832e-06   4.387803e-04   -1.501845e-05   5.238400e-02 
2.647361e-02   2.055404e-05   7.025096e-04   1.274258e-05   5.323400e-04   -2.204054e-05   6.110430e-02 
3.056122e-02   2.727880e-05   8.646634e-04   1.902814e-05   6.277403e-04   -3.069874e-05   7.043171e-02 
3.478489e-02   3.540841e-05   1.035349e-03   2.715304e-05   7.227079e-04   -4.087507e-05   8.036013e-02 
3.908601e-02   4.506462e-05   1.209666e-03   3.727184e-05   8.153807e-04   -5.235952e-05   9.088354e-02 
4.340819e-02   5.635109e-05   1.382900e-03   4.948113e-05   9.043542e-04   -6.488769e-05   1.019960e-01 
4.770066e-02   6.934823e-05   1.550932e-03   6.382015e-05   9.886643e-04   -7.817892e-05   1.136918e-01 
5.192040e-02   8.410751e-05   1.710484e-03   8.027554e-05   1.067730e-03   -9.196690e-05   1.259652e-01 
5.603316e-02   1.006476e-04   1.859214e-03   9.878866e-05   1.141278e-03   -1.060196e-04   1.388106e-01 
6.001341e-02   1.189550e-04   1.995681e-03   1.192636e-04   1.209267e-03   -1.201490e-04   1.522225e-01 
6.384359e-02   1.389906e-04   2.119240e-03   1.415754e-04   1.271816e-03   -1.342136e-04   1.661954e-01 
6.751300e-02   1.607012e-04   2.229890e-03   1.655773e-04   1.329152e-03   -1.481164e-04   1.807240e-01 
7.101649e-02   1.840327e-04   2.328107e-03   1.911076e-04   1.381567e-03   -1.617995e-04   1.958032e-01 
7.435325e-02   2.089390e-04   2.414697e-03   2.179944e-04   1.429390e-03   -1.752349e-04   2.114276e-01 
7.752576e-02   2.353790e-04   2.490664e-03   2.460606e-04   1.472973e-03   -1.884155e-04   2.275923e-01 
8.053905e-02   2.633061e-04   2.557120e-03   2.751299e-04   1.512668e-03   -2.013494e-04   2.442923e-01 
8.339992e-02   2.926630e-04   2.615218e-03   3.050316e-04   1.548821e-03   -2.140562e-04   2.615227e-01 
8.611623e-02   3.233866e-04   2.666091e-03   3.356037e-04   1.581764e-03   -2.265621e-04   2.792786e-01 
8.869641e-02   3.554207e-04   2.710813e-03   3.666936e-04   1.611840e-03   -2.388939e-04   2.975553e-01 
9.114904e-02   3.887329e-04   2.750378e-03   3.981579e-04   1.639410e-03   -2.510762e-04   3.163481e-01 
9.348259e-02   4.233413e-04   2.785673e-03   4.298637e-04   1.664835e-03   -2.631288e-04   3.356524e-01 
9.570534e-02   4.593262e-04   2.817465e-03   4.616910e-04   1.688459e-03   -2.750655e-04   3.554638e-01 
9.782553e-02   4.967815e-04   2.846395e-03   4.935329e-04   1.710561e-03   -2.868948e-04   3.757776e-01 
9.985144e-02   5.357245e-04   2.873029e-03   5.252945e-04   1.731356e-03   -2.986316e-04   3.965896e-01 
1.017911e-01   5.760576e-04   2.897878e-03   5.568955e-04   1.750991e-03   -3.103074e-04   4.178954e-01 
1.036520e-01   6.176086e-04   2.921374e-03   5.882715e-04   1.769536e-03   -3.219577e-04   4.396908e-01 
1.054406e-01   6.601848e-04   2.943840e-03   6.193723e-04   1.786997e-03   -3.336042e-04   4.619715e-01 
1.071629e-01   7.036129e-04   2.965503e-03   6.501571e-04   1.803368e-03   -3.452540e-04   4.847335e-01 
1.088247e-01   7.477816e-04   2.986553e-03   6.805881e-04   1.818706e-03   -3.569080e-04   5.079727e-01 
1.104309e-01   7.926653e-04   3.007170e-03   7.106218e-04   1.833193e-03   -3.685725e-04   5.316850e-01 
1.119855e-01   8.382837e-04   3.027516e-03   7.402105e-04   1.847089e-03   -3.802681e-04   5.558666e-01 
1.134926e-01   8.846587e-04   3.047703e-03   7.693170e-04   1.860601e-03   -3.920144e-04   5.805136e-01 
1.149563e-01   9.318288e-04   3.067834e-03   7.979278e-04   1.873835e-03   -4.038139e-04   6.056221e-01 
1.163811e-01   9.798119e-04   3.088057e-03   8.260500e-04   1.886821e-03   -4.156641e-04   6.311883e-01 
1.177706e-01   1.028572e-03   3.108523e-03   8.537078e-04   1.899547e-03   -4.275686e-04   6.572085e-01 
1.191282e-01   1.078102e-03   3.129291e-03   8.809346e-04   1.911995e-03   -4.395239e-04   6.836791e-01 
1.204574e-01   1.128464e-03   3.150358e-03   9.077559e-04   1.924190e-03   -4.515111e-04   7.105965e-01 
1.217621e-01   1.179782e-03   3.171741e-03   9.341821e-04   1.936176e-03   -4.635021e-04   7.379571e-01 
1.230464e-01   1.232234e-03   3.193524e-03   9.602082e-04   1.947972e-03   -4.754714e-04   7.657573e-01 
1.243131e-01   1.285978e-03   3.215854e-03   9.858206e-04   1.959591e-03   -4.874049e-04   7.939938e-01 
1.255639e-01   1.341185e-03   3.238758e-03   1.010998e-03   1.971057e-03   -4.992897e-04   8.226631e-01 
1.268012e-01   1.398078e-03   3.262124e-03   1.035720e-03   1.982500e-03   -5.111212e-04   8.517619e-01 
1.280277e-01   1.456869e-03   3.285955e-03   1.059981e-03   1.994202e-03   -5.229102e-04   8.812869e-01 
1.292459e-01   1.517677e-03   3.310410e-03   1.083788e-03   2.006325e-03   -5.346801e-04   9.112347e-01 
1.304582e-01   1.580462e-03   3.335499e-03   1.107162e-03   2.018765e-03   -5.464683e-04   9.416021e-01 
1.316670e-01   1.645098e-03   3.361049e-03   1.130149e-03   2.031367e-03   -5.583117e-04   9.723861e-01 
1.328747e-01   1.711576e-03   3.386885e-03   1.152813e-03   2.044155e-03   -5.702118e-04   1.003583e+00 
1.340836e-01   1.780086e-03   3.413014e-03   1.175214e-03   2.057256e-03   -5.821403e-04   1.035191e+00 
1.352950e-01   1.850661e-03   3.439570e-03   1.197375e-03   2.070723e-03   -5.940984e-04   1.067206e+00 
1.365105e-01   1.922974e-03   3.466534e-03   1.219293e-03   2.084403e-03   -6.060833e-04   1.099625e+00 
1.377322e-01   1.996565e-03   3.493786e-03   1.240963e-03   2.098155e-03   -6.181051e-04   1.132445e+00 
1.389621e-01   2.071079e-03   3.521475e-03   1.262376e-03   2.112116e-03   -6.302279e-04   1.165663e+00 
1.402003e-01   2.146489e-03   3.549780e-03   1.283540e-03   2.126349e-03   -6.424936e-04   1.199277e+00 
1.414464e-01   2.222999e-03   3.578708e-03   1.304499e-03   2.140703e-03   -6.548783e-04   1.233283e+00 
1.427010e-01   2.300921e-03   3.608389e-03   1.325303e-03   2.155158e-03   -6.673562e-04   1.267679e+00 
1.439656e-01   2.380685e-03   3.639022e-03   1.346005e-03   2.169898e-03   -6.798881e-04   1.302462e+00 
1.452415e-01   2.462747e-03   3.670541e-03   1.366643e-03   2.185137e-03   -6.923783e-04   1.337629e+00 
1.465297e-01   2.547335e-03   3.702764e-03   1.387191e-03   2.200914e-03   -7.047906e-04   1.373178e+00 
1.478310e-01   2.634529e-03   3.735593e-03   1.407580e-03   2.217138e-03   -7.171723e-04   1.409105e+00 
1.491462e-01   2.724494e-03   3.768999e-03   1.427731e-03   2.233838e-03   -7.295294e-04   1.445409e+00 
1.504761e-01   2.816889e-03   3.802941e-03   1.447613e-03   2.250848e-03   -7.418928e-04   1.482086e+00 
1.518198e-01   2.911011e-03   3.837342e-03   1.467231e-03   2.267840e-03   -7.543284e-04   1.519134e+00 
1.531781e-01   3.006800e-03   3.871967e-03   1.486590e-03   2.284924e-03   -7.667929e-04   1.556551e+00 
1.545534e-01   3.104790e-03   3.906461e-03   1.505687e-03   2.302300e-03   -7.791844e-04   1.594334e+00 
1.559490e-01   3.205275e-03   3.940664e-03   1.524550e-03   2.319874e-03   -7.914956e-04   1.632480e+00 
1.573673e-01   3.307831e-03   3.974790e-03   1.543217e-03   2.337532e-03   -8.037950e-04   1.670987e+00 
1.588100e-01   3.411669e-03   4.009438e-03   1.561762e-03   2.355254e-03   -8.162055e-04   1.709852e+00 
1.602777e-01   3.516095e-03   4.045028e-03   1.580305e-03   2.373140e-03   -8.288919e-04   1.749074e+00 
1.617690e-01   3.621033e-03   4.081083e-03   1.598931e-03   2.391141e-03   -8.418656e-04   1.788650e+00 
1.632838e-01   3.726637e-03   4.117351e-03   1.617703e-03   2.409117e-03   -8.550163e-04   1.828577e+00 
1.648216e-01   3.832893e-03   4.153956e-03   1.636620e-03   2.426979e-03   -8.682796e-04   1.868854e+00 
1.663816e-01   3.939950e-03   4.191041e-03   1.655600e-03   2.444793e-03   -8.816057e-04   1.909477e+00 
1.679639e-01   4.048292e-03   4.228955e-03   1.674557e-03   2.462833e-03   -8.949536e-04   1.950446e+00 
1.695664e-01   4.158380e-03   4.267735e-03   1.693421e-03   2.481424e-03   -9.082728e-04   1.991756e+00 
1.711868e-01   4.270103e-03   4.307083e-03   1.712130e-03   2.500747e-03   -9.215509e-04   2.033407e+00 
1.728263e-01   4.383393e-03   4.346497e-03   1.730674e-03   2.521021e-03   -9.348051e-04   2.075396e+00 
1.744866e-01   4.498429e-03   4.385777e-03   1.749021e-03   2.542359e-03   -9.479511e-04   2.117722e+00 
1.761673e-01   4.615231e-03   4.425161e-03   1.767132e-03   2.564709e-03   -9.609158e-04   2.160380e+00 
1.778674e-01   4.733530e-03   4.464632e-03   1.785004e-03   2.587786e-03   -9.737109e-04   2.203371e+00 
1.795857e-01   4.853097e-03   4.503911e-03   1.802657e-03   2.610950e-03   -9.863012e-04   2.246692e+00 
1.813208e-01   4.973827e-03   4.543106e-03   1.820071e-03   2.633792e-03   -9.987400e-04   2.290340e+00 
1.830743e-01   5.095888e-03   4.582456e-03   1.837220e-03   2.656087e-03   -1.011157e-03   2.334314e+00 
1.848493e-01   5.219536e-03   4.622167e-03   1.854233e-03   2.677735e-03   -1.023645e-03   2.378611e+00 
1.866488e-01   5.345591e-03   4.662300e-03   1.871221e-03   2.698922e-03   -1.036146e-03   2.423230e+00 
1.884738e-01   5.474455e-03   4.703130e-03   1.888156e-03   2.719970e-03   -1.048522e-03   2.468169e+00 
1.903243e-01   5.606021e-03   4.744798e-03   1.904908e-03   2.741409e-03   -1.060690e-03   2.513426e+00 
1.921995e-01   5.739571e-03   4.787317e-03   1.921375e-03   2.763413e-03   -1.072693e-03   2.558998e+00 
1.941000e-01   5.874473e-03   4.830151e-03   1.937616e-03   2.785681e-03   -1.084626e-03   2.604885e+00 
1.960299e-01   6.011330e-03   4.873077e-03   1.953816e-03   2.808236e-03   -1.096586e-03   2.651084e+00 
1.979910e-01   6.150808e-03   4.916491e-03   1.970115e-03   2.831439e-03   -1.108675e-03   2.697593e+00 
1.999830e-01   6.293293e-03   4.960386e-03   1.986485e-03   2.855588e-03   -1.120819e-03   2.744410e+00 
2.020069e-01   6.439143e-03   5.004295e-03   2.002831e-03   2.880955e-03   -1.132941e-03   2.791535e+00 
2.040586e-01   6.587712e-03   5.048058e-03   2.019021e-03   2.907097e-03   -1.145107e-03   2.838964e+00 
2.061330e-01   6.737801e-03   5.091540e-03   2.034976e-03   2.933016e-03   -1.157433e-03   2.886696e+00 
2.082272e-01   6.889109e-03   5.134553e-03   2.050638e-03   2.958666e-03   -1.169903e-03   2.934729e+00 
2.103398e-01   7.041805e-03   5.177054e-03   2.065999e-03   2.984417e-03   -1.182269e-03   2.983063e+00 
2.124745e-01   7.196144e-03   5.218709e-03   2.081304e-03   3.010443e-03   -1.194412e-03   3.031694e+00 
2.146339e-01   7.352809e-03   5.259209e-03   2.096740e-03   3.036974e-03   -1.206263e-03   3.080621e+00 
2.168159e-01   7.512152e-03   5.298174e-03   2.112351e-03   3.063838e-03   -1.217780e-03   3.129843e+00 
2.190173e-01   7.674828e-03   5.335825e-03   2.128008e-03   3.090269e-03   -1.228828e-03   3.179358e+00 
2.212387e-01   7.840461e-03   5.372962e-03   2.143651e-03   3.116056e-03   -1.239495e-03   3.229164e+00 
2.234831e-01   8.007467e-03   5.409983e-03   2.159256e-03   3.141905e-03   -1.250143e-03   3.279260e+00 
2.257534e-01   8.175652e-03   5.446822e-03   2.174775e-03   3.167936e-03   -1.260948e-03   3.329644e+00 
2.280482e-01   8.344343e-03   5.484382e-03   2.190036e-03   3.194694e-03   -1.271931e-03   3.380315e+00 
2.303670e-01   8.513325e-03   5.523097e-03   2.205078e-03   3.222325e-03   -1.282988e-03   3.431270e+00 
2.327118e-01   8.683275e-03   5.562673e-03   2.220125e-03   3.249935e-03   -1.294121e-03   3.482509e+00 
2.350860e-01   8.854980e-03   5.602078e-03   2.235338e-03   3.276704e-03   -1.305285e-03   3.534029e+00 
2.374907e-01   9.028818e-03   5.639782e-03   2.250703e-03   3.302672e-03   -1.316344e-03   3.585830e+00 
2.399238e-01   9.205600e-03   5.675569e-03   2.266318e-03   3.328230e-03   -1.327096e-03   3.637910e+00 
2.423883e-01   9.386571e-03   5.710420e-03   2.282127e-03   3.353605e-03   -1.337540e-03   3.690267e+00 
2.448866e-01   9.571695e-03   5.745329e-03   2.297945e-03   3.378800e-03   -1.347936e-03   3.742900e+00 
2.474128e-01   9.760236e-03   5.780085e-03   2.313445e-03   3.404317e-03   -1.358394e-03   3.795807e+00 
2.499587e-01   9.951253e-03   5.813779e-03   2.328402e-03   3.430365e-03   -1.368700e-03   3.848987e+00 
2.525213e-01   1.014461e-02   5.846473e-03   2.342888e-03   3.455943e-03   -1.378819e-03   3.902439e+00 
2.551080e-01   1.033995e-02   5.878956e-03   2.357096e-03   3.481476e-03   -1.388861e-03   3.956161e+00 
2.577216e-01   1.053679e-02   5.910898e-03   2.371064e-03   3.507384e-03   -1.398980e-03   4.010151e+00 
2.603617e-01   1.073492e-02   5.941830e-03   2.384545e-03   3.532611e-03   -1.408929e-03   4.064409e+00 
2.630371e-01   1.093516e-02   5.973420e-03   2.397380e-03   3.555878e-03   -1.418499e-03   4.118932e+00 
2.657508e-01   1.113748e-02   6.007211e-03   2.409650e-03   3.577153e-03   -1.427737e-03   4.173720e+00 
2.684988e-01   1.134129e-02   6.042817e-03   2.421582e-03   3.597069e-03   -1.436878e-03   4.228772e+00 
2.712773e-01   1.154644e-02   6.078732e-03   2.433226e-03   3.616682e-03   -1.445989e-03   4.284085e+00 
2.740844e-01   1.175377e-02   6.113589e-03   2.444424e-03   3.636926e-03   -1.454911e-03   4.339659e+00 
2.769200e-01   1.196404e-02   6.146569e-03   2.454985e-03   3.656966e-03   -1.463744e-03   4.395492e+00 
2.797786e-01   1.217817e-02   6.178017e-03   2.464895e-03   3.676204e-03   -1.472219e-03   4.451583e+00 
2.826543e-01   1.239434e-02   6.208611e-03   2.474285e-03   3.694726e-03   -1.480411e-03   4.507931e+00 
2.855491e-01   1.261156e-02   6.239190e-03   2.483466e-03   3.712738e-03   -1.488457e-03   4.564534e+00 
2.884673e-01   1.283111e-02   6.269642e-03   2.492662e-03   3.729686e-03   -1.496242e-03   4.621391e+00 
2.914123e-01   1.305292e-02   6.300084e-03   2.501706e-03   3.745614e-03   -1.503862e-03   4.678501e+00 
2.943868e-01   1.327716e-02   6.330472e-03   2.510439e-03   3.761817e-03   -1.511267e-03   4.735863e+00 
2.973897e-01   1.350323e-02   6.360529e-03   2.518733e-03   3.778749e-03   -1.518519e-03   4.793475e+00 
3.004162e-01   1.373146e-02   6.389389e-03   2.526453e-03   3.796288e-03   -1.525702e-03   4.851337e+00 
3.034641e-01   1.396305e-02   6.417206e-03   2.533690e-03   3.813748e-03   -1.532455e-03   4.909446e+00 
3.065293e-01   1.419849e-02   6.444704e-03   2.540734e-03   3.831104e-03   -1.538662e-03   4.967802e+00 
3.096051e-01   1.443793e-02   6.469947e-03   2.547682e-03   3.848584e-03   -1.544372e-03   5.026404e+00 
3.126921e-01   1.468116e-02   6.492897e-03   2.554578e-03   3.866085e-03   -1.549563e-03   5.085251e+00 
3.157903e-01   1.492577e-02   6.514911e-03   2.561503e-03   3.882854e-03   -1.554691e-03   5.144340e+00 
3.189009e-01   1.516998e-02   6.536419e-03   2.568221e-03   3.897924e-03   -1.559933e-03   5.203672e+00 
3.220273e-01   1.541427e-02   6.557453e-03   2.574643e-03   3.912790e-03   -1.565231e-03   5.263245e+00 
3.251654e-01   1.565854e-02   6.577693e-03   2.580531e-03   3.928327e-03   -1.570764e-03   5.323058e+00 
3.283239e-01   1.590457e-02   6.596266e-03   2.586145e-03   3.944056e-03   -1.576256e-03   5.383109e+00 
3.315132e-01   1.615337e-02   6.613629e-03   2.591890e-03   3.958819e-03   -1.581688e-03   5.443399e+00 
3.347255e-01   1.640477e-02   6.630498e-03   2.597572e-03   3.971895e-03   -1.586759e-03   5.503925e+00 
3.379509e-01   1.665909e-02   6.646653e-03   2.602652e-03   3.982684e-03   -1.591167e-03   5.564686e+00 
3.411826e-01   1.691592e-02   6.661610e-03   2.607063e-03   3.991044e-03   -1.594974e-03   5.625682e+00 
3.444218e-01   1.717555e-02   6.673491e-03   2.610840e-03   3.997716e-03   -1.598012e-03   5.686911e+00 
3.476763e-01   1.743826e-02   6.682215e-03   2.614195e-03   4.004073e-03   -1.600545e-03   5.748373e+00 
3.509473e-01   1.770448e-02   6.688683e-03   2.617200e-03   4.009092e-03   -1.602453e-03   5.810065e+00 
3.542376e-01   1.797459e-02   6.693787e-03   2.619678e-03   4.012682e-03   -1.603699e-03   5.871988e+00 
3.575565e-01   1.824943e-02   6.697487e-03   2.621366e-03   4.016548e-03   -1.604379e-03   5.934140e+00 
3.608989e-01   1.852830e-02   6.699509e-03   2.622144e-03   4.020292e-03   -1.604617e-03   5.996521e+00 
3.642602e-01   1.880886e-02   6.700140e-03   2.622132e-03   4.022013e-03   -1.604885e-03   6.059128e+00 
3.676404e-01   1.909168e-02   6.699524e-03   2.621506e-03   4.022077e-03   -1.605018e-03   6.121962e+00 
3.710277e-01   1.937662e-02   6.697170e-03   2.620052e-03   4.020934e-03   -1.604785e-03   6.185021e+00 
3.744195e-01   1.966282e-02   6.694722e-03   2.618079e-03   4.018277e-03   -1.604180e-03   6.248304e+00 
3.778188e-01   1.995036e-02   6.692172e-03   2.615521e-03   4.014222e-03   -1.603464e-03   6.311810e+00 
3.812298e-01   2.023932e-02   6.687972e-03   2.612135e-03   4.009863e-03   -1.602522e-03   6.375539e+00 
3.846516e-01   2.052912e-02   6.681203e-03   2.607581e-03   4.006732e-03   -1.601337e-03   6.439489e+00 
3.880857e-01   2.082101e-02   6.672175e-03   2.601931e-03   4.004533e-03   -1.599598e-03   6.503658e+00 
3.915382e-01   2.111625e-02   6.661260e-03   2.595555e-03   4.002326e-03   -1.597042e-03   6.568048e+00 
3.950150e-01   2.141589e-02   6.646322e-03   2.588954e-03   3.999722e-03   -1.593813e-03   6.632656e+00 
3.985218e-01   2.171980e-02   6.626367e-03   2.582209e-03   3.994730e-03   -1.590162e-03   6.697481e+00 
4.020623e-01   2.202736e-02   6.602127e-03   2.575248e-03   3.987252e-03   -1.586216e-03   6.762523e+00 
4.056362e-01   2.233779e-02   6.577022e-03   2.567917e-03   3.978470e-03   -1.581887e-03   6.827781e+00 
4.092246e-01   2.265092e-02   6.552648e-03   2.560181e-03   3.969782e-03   -1.576782e-03   6.893253e+00 
4.128099e-01   2.296504e-02   6.529462e-03   2.552096e-03   3.961702e-03   -1.571169e-03   6.958940e+00 
4.163979e-01   2.328022e-02   6.507088e-03   2.543736e-03   3.951420e-03   -1.565428e-03   7.024839e+00 
4.199871e-01   2.359674e-02   6.484126e-03   2.534847e-03   3.937636e-03   -1.559478e-03   7.090950e+00 
4.235695e-01   2.391306e-02   6.459688e-03   2.525404e-03   3.922159e-03   -1.553570e-03   7.157273e+00 
4.271587e-01   2.422978e-02   6.433996e-03   2.515561e-03   3.905287e-03   -1.547868e-03   7.223806e+00 
4.307565e-01   2.454734e-02   6.407337e-03   2.504991e-03   3.887714e-03   -1.542501e-03   7.290548e+00 
4.343556e-01   2.486686e-02   6.378992e-03   2.493576e-03   3.869423e-03   -1.536610e-03   7.357499e+00 
4.379641e-01   2.518907e-02   6.349458e-03   2.481286e-03   3.849489e-03   -1.530054e-03   7.424658e+00 
4.415911e-01   2.551365e-02   6.318121e-03   2.468106e-03   3.828486e-03   -1.523205e-03   7.492024e+00 
4.452261e-01   2.584085e-02   6.284229e-03   2.454409e-03   3.807015e-03   -1.515786e-03   7.559596e+00 
4.488603e-01   2.617036e-02   6.248586e-03   2.440443e-03   3.785408e-03   -1.507595e-03   7.627374e+00 
4.525005e-01   2.650206e-02   6.212078e-03   2.425896e-03   3.762754e-03   -1.498760e-03   7.695355e+00 
4.561536e-01   2.683669e-02   6.173976e-03   2.410695e-03   3.738876e-03   -1.489364e-03   7.763540e+00 
4.598187e-01   2.717311e-02   6.134558e-03   2.394733e-03   3.714278e-03   -1.479614e-03   7.831929e+00 
4.634930e-01   2.751081e-02   6.093733e-03   2.378238e-03   3.688090e-03   -1.469577e-03   7.900519e+00 
4.671698e-01   2.784900e-02   6.051036e-03   2.361129e-03   3.659974e-03   -1.459527e-03   7.969311e+00 
4.708518e-01   2.818879e-02   6.005359e-03   2.343494e-03   3.630094e-03   -1.449237e-03   8.038303e+00 
4.745413e-01   2.853186e-02   5.956469e-03   2.325636e-03   3.599233e-03   -1.438200e-03   8.107494e+00 
4.782243e-01   2.887593e-02   5.906014e-03   2.307484e-03   3.568104e-03   -1.426773e-03   8.176885e+00 
4.819021e-01   2.921950e-02   5.855476e-03   2.289203e-03   3.535353e-03   -1.415317e-03   8.246474e+00 
4.855802e-01   2.956263e-02   5.804805e-03   2.270784e-03   3.500570e-03   -1.403914e-03   8.316260e+00 
4.892598e-01   2.990678e-02   5.752720e-03   2.251949e-03   3.464413e-03   -1.392409e-03   8.386243e+00 
4.929470e-01   3.025277e-02   5.699792e-03   2.232472e-03   3.427791e-03   -1.380542e-03   8.456421e+00 
4.966470e-01   3.060104e-02   5.648296e-03   2.212163e-03   3.391472e-03   -1.367937e-03   8.526795e+00 
5.003606e-01   3.095038e-02   5.597531e-03   2.190716e-03   3.355016e-03   -1.355094e-03   8.597363e+00 
5.040823e-01   3.130134e-02   5.543077e-03   2.168218e-03   3.317272e-03   -1.342228e-03   8.668125e+00 
5.077993e-01   3.165350e-02   5.486299e-03   2.144899e-03   3.277343e-03   -1.328978e-03   8.739080e+00 
5.115104e-01   3.200709e-02   5.427954e-03   2.121247e-03   3.234355e-03   -1.315182e-03   8.810226e+00 
5.152227e-01   3.236347e-02   5.366628e-03   2.097434e-03   3.190742e-03   -1.300579e-03   8.881564e+00 
5.189362e-01   3.272222e-02   5.301941e-03   2.073179e-03   3.147695e-03   -1.285400e-03   8.953094e+00 
5.226500e-01   3.308279e-02   5.235166e-03   2.048128e-03   3.104020e-03   -1.269757e-03   9.024812e+00 
5.263667e-01   3.344549e-02   5.165816e-03   2.022026e-03   3.059761e-03   -1.253350e-03   9.096720e+00 
5.300841e-01   3.381037e-02   5.093874e-03   1.994815e-03   3.014436e-03   -1.236127e-03   9.168818e+00 
5.337998e-01   3.417695e-02   5.019781e-03   1.966780e-03   2.969016e-03   -1.218156e-03   9.241103e+00 
5.375164e-01   3.454529e-02   4.944566e-03   1.938108e-03   2.923663e-03   -1.199427e-03   9.313575e+00 
5.412219e-01   3.491377e-02   4.870017e-03   1.908756e-03   2.877292e-03   -1.180155e-03   9.386233e+00 
5.449035e-01   3.528120e-02   4.795090e-03   1.879063e-03   2.830098e-03   -1.160586e-03   9.459078e+00 
5.485684e-01   3.564801e-02   4.718004e-03   1.849170e-03   2.781455e-03   -1.140961e-03   9.532108e+00 
5.522301e-01   3.601559e-02   4.639168e-03   1.819058e-03   2.731122e-03   -1.120927e-03   9.605323e+00 
5.558888e-01   3.638466e-02   4.559322e-03   1.788599e-03   2.679385e-03   -1.100119e-03   9.678721e+00 
5.595356e-01   3.675462e-02   4.477792e-03   1.757955e-03   2.626711e-03   -1.078614e-03   9.752303e+00 
5.631664e-01   3.712533e-02   4.393681e-03   1.727168e-03   2.573329e-03   -1.056419e-03   9.826067e+00 
5.667851e-01   3.749621e-02   4.307899e-03   1.695985e-03   2.518102e-03   -1.033823e-03   9.900013e+00 
5.703974e-01   3.786680e-02   4.221568e-03   1.664368e-03   2.461074e-03   -1.011218e-03   9.974140e+00 
5.739977e-01   3.823709e-02   4.134269e-03   1.632456e-03   2.403308e-03   -9.887044e-04   1.004845e+01 
5.775766e-01   3.860529e-02   4.045656e-03   1.599974e-03   2.345657e-03   -9.665461e-04   1.012294e+01 
5.811295e-01   3.897157e-02   3.955774e-03   1.567278e-03   2.286128e-03   -9.445707e-04   1.019760e+01 
5.846583e-01   3.933721e-02   3.864506e-03   1.534687e-03   2.224378e-03   -9.222140e-04   1.027245e+01 
5.881626e-01   3.970186e-02   3.772089e-03   1.502055e-03   2.162122e-03   -8.998384e-04   1.034747e+01 
5.916354e-01   4.006491e-02   3.679522e-03   1.469100e-03   2.099743e-03   -8.774028e-04   1.042268e+01 
5.950726e-01   4.042619e-02   3.587019e-03   1.435860e-03   2.036932e-03   -8.546916e-04   1.049806e+01 
5.984718e-01   4.078464e-02   3.495149e-03   1.402305e-03   1.973733e-03   -8.317992e-04   1.057361e+01 
6.018428e-01   4.114147e-02   3.403419e-03   1.368422e-03   1.911017e-03   -8.085839e-04   1.064934e+01 
6.051929e-01   4.149786e-02   3.311498e-03   1.334419e-03   1.849073e-03   -7.849772e-04   1.072525e+01 
6.085144e-01   4.185269e-02   3.218913e-03   1.300456e-03   1.788024e-03   -7.612757e-04   1.080133e+01 
6.118038e-01   4.220572e-02   3.125322e-03   1.266623e-03   1.727287e-03   -7.374938e-04   1.087758e+01 
6.150664e-01   4.255770e-02   3.030812e-03   1.232948e-03   1.666520e-03   -7.135429e-04   1.095401e+01 
6.182988e-01   4.290843e-02   2.934751e-03   1.199405e-03   1.605602e-03   -6.896187e-04   1.103061e+01 
6.214915e-01   4.325639e-02   2.837500e-03   1.165792e-03   1.544830e-03   -6.660612e-04   1.110738e+01 
6.246461e-01   4.360168e-02   2.739926e-03   1.132130e-03   1.483870e-03   -6.427175e-04   1.118433e+01 
6.277642e-01   4.394464e-02   2.642215e-03   1.098516e-03   1.422853e-03   -6.194339e-04   1.126144e+01 
6.308386e-01   4.428444e-02   2.544665e-03   1.064876e-03   1.362157e-03   -5.962705e-04   1.133873e+01 
6.338643e-01   4.462059e-02   2.446940e-03   1.031402e-03   1.301929e-03   -5.732588e-04   1.141618e+01 
6.368413e-01   4.495375e-02   2.348260e-03   9.982370e-04   1.242389e-03   -5.502589e-04   1.149381e+01 
6.397654e-01   4.528403e-02   2.248920e-03   9.653327e-04   1.183425e-03   -5.271395e-04   1.157160e+01 
6.426338e-01   4.561036e-02   2.150058e-03   9.325282e-04   1.125367e-03   -5.040368e-04   1.164956e+01 
6.454483e-01   4.593297e-02   2.051693e-03   8.999409e-04   1.068882e-03   -4.809138e-04   1.172769e+01 
6.482049e-01   4.625182e-02   1.953602e-03   8.675958e-04   1.013736e-03   -4.576886e-04   1.180599e+01 
6.508963e-01   4.656586e-02   1.856122e-03   8.352874e-04   9.599608e-04   -4.346508e-04   1.188445e+01 
6.535190e-01   4.687493e-02   1.758724e-03   8.032459e-04   9.077399e-04   -4.119400e-04   1.196308e+01 
6.560632e-01   4.717748e-02   1.662664e-03   7.716619e-04   8.564186e-04   -3.897742e-04   1.204188e+01 
6.585207e-01   4.747255e-02   1.568744e-03   7.407429e-04   8.056908e-04   -3.682398e-04   1.212084e+01 
6.608948e-01   4.776107e-02   1.476087e-03   7.106169e-04   7.560738e-04   -3.470991e-04   1.219996e+01 
6.631910e-01   4.804359e-02   1.384254e-03   6.811989e-04   7.078518e-04   -3.262937e-04   1.227925e+01 
6.654089e-01   4.832000e-02   1.293361e-03   6.523772e-04   6.614284e-04   -3.059424e-04   1.235870e+01 
6.675420e-01   4.858935e-02   1.204704e-03   6.241199e-04   6.170881e-04   -2.861561e-04   1.243832e+01 
6.695860e-01   4.885122e-02   1.118910e-03   5.964350e-04   5.748073e-04   -2.669690e-04   1.251809e+01 
6.715404e-01   4.910567e-02   1.035758e-03   5.693753e-04   5.344006e-04   -2.484192e-04   1.259803e+01 
6.733998e-01   4.935192e-02   9.557728e-04   5.427219e-04   4.961847e-04   -2.306776e-04   1.267813e+01 
6.751603e-01   4.958931e-02   8.795412e-04   5.163236e-04   4.597547e-04   -2.137978e-04   1.275839e+01 
6.768199e-01   4.981780e-02   8.073132e-04   4.903194e-04   4.246850e-04   -1.976762e-04   1.283881e+01 
6.783776e-01   5.003741e-02   7.389026e-04   4.649060e-04   3.910036e-04   -1.823230e-04   1.291940e+01 
6.798357e-01   5.024856e-02   6.742272e-04   4.402711e-04   3.589452e-04   -1.676239e-04   1.300014e+01 
6.811958e-01   5.045129e-02   6.130656e-04   4.164550e-04   3.287082e-04   -1.536216e-04   1.308103e+01 
6.824589e-01   5.064565e-02   5.552888e-04   3.934846e-04   3.003990e-04   -1.403792e-04   1.316209e+01 
6.836252e-01   5.083143e-02   5.016502e-04   3.713317e-04   2.740151e-04   -1.279166e-04   1.324331e+01 
6.846931e-01   5.100839e-02   4.523757e-04   3.499693e-04   2.493487e-04   -1.162739e-04   1.332468e+01 
6.856643e-01   5.117673e-02   4.073916e-04   3.294202e-04   2.265144e-04   -1.053572e-04   1.340621e+01 
6.865446e-01   5.133696e-02   3.663032e-04   3.096627e-04   2.056750e-04   -9.513267e-05   1.348790e+01 
6.873407e-01   5.148966e-02   3.286560e-04   2.906898e-04   1.866052e-04   -8.561177e-05   1.356974e+01 
6.880565e-01   5.163497e-02   2.946367e-04   2.725033e-04   1.690983e-04   -7.682491e-05   1.365174e+01 
6.886955e-01   5.177314e-02   2.640605e-04   2.551421e-04   1.527444e-04   -6.878422e-05   1.373390e+01 
6.892641e-01   5.190493e-02   2.365482e-04   2.386166e-04   1.375375e-04   -6.136554e-05   1.381620e+01 
6.897667e-01   5.203080e-02   2.118557e-04   2.229084e-04   1.235786e-04   -5.457146e-05   1.389866e+01 
6.902068e-01   5.215102e-02   1.898607e-04   2.080250e-04   1.108531e-04   -4.835407e-05   1.398128e+01 
6.905897e-01   5.226618e-02   1.703539e-04   1.940007e-04   9.933640e-05   -4.259481e-05   1.406405e+01 
6.909200e-01   5.237663e-02   1.532334e-04   1.807869e-04   8.899202e-05   -3.728679e-05   1.414697e+01 
6.912012e-01   5.248265e-02   1.381916e-04   1.683348e-04   7.975784e-05   -3.244309e-05   1.423005e+01 
6.914363e-01   5.258442e-02   1.250196e-04   1.566048e-04   7.142849e-05   -2.809411e-05   1.431327e+01 
6.916273e-01   5.268202e-02   1.134888e-04   1.455838e-04   6.387450e-05   -2.432287e-05   1.439665e+01 
6.917790e-01   5.277600e-02   1.032748e-04   1.353107e-04   5.713367e-05   -2.105127e-05   1.448018e+01 
6.918970e-01   5.286692e-02   9.422744e-05   1.257717e-04   5.118718e-05   -1.820651e-05   1.456386e+01 
6.919860e-01   5.295514e-02   8.633716e-05   1.169222e-04   4.594405e-05   -1.575838e-05   1.464769e+01 
6.920506e-01   5.304117e-02   7.936377e-05   1.087547e-04   4.133963e-05   -1.363442e-05   1.473166e+01 
6.920935e-01   5.312527e-02   7.325948e-05   1.012406e-04   3.727138e-05   -1.180189e-05   1.481579e+01 
6.921168e-01   5.320757e-02   6.793740e-05   9.432028e-05   3.361782e-05   -1.024003e-05   1.490007e+01 
6.921234e-01   5.328844e-02   6.317510e-05   8.794470e-05   3.039536e-05   -8.890403e-06   1.498450e+01 
6.921162e-01   5.336820e-02   5.889708e-05   8.208270e-05   2.754899e-05   -7.708037e-06   1.506907e+01 
6.920976e-01   5.344706e-02   5.506981e-05   7.670559e-05   2.502349e-05   -6.672175e-06   1.515379e+01 
6.920698e-01   5.352522e-02   5.161915e-05   7.178016e-05   2.279204e-05   -5.756420e-06   1.523866e+01 
6.920342e-01   5.360279e-02   4.849450e-05   6.726508e-05   2.079446e-05   -4.946286e-06   1.532367e+01 
6.919915e-01   5.367984e-02   4.563883e-05   6.311898e-05   1.902582e-05   -4.240788e-06   1.540883e+01 
6.919425e-01   5.375645e-02   4.300771e-05   5.930683e-05   1.748151e-05   -3.630083e-06   1.549414e+01 
6.918880e-01   5.383264e-02   4.060288e-05   5.579321e-05   1.613354e-05   -3.115418e-06   1.557959e+01 
6.918286e-01   5.390848e-02   3.841786e-05   5.255045e-05   1.494418e-05   -2.693691e-06   1.566519e+01 
6.917650e-01   5.398404e-02   3.643055e-05   4.956498e-05   1.388383e-05   -2.346601e-06   1.575094e+01 
6.916977e-01   5.405936e-02   3.460652e-05   4.682556e-05   1.292805e-05   -2.068209e-06   1.583682e+01 
6.916270e-01   5.413451e-02   3.291486e-05   4.430840e-05   1.204049e-05   -1.853807e-06   1.592285e+01 
6.915539e-01   5.420957e-02   3.134588e-05   4.198345e-05   1.123736e-05   -1.677724e-06   1.600903e+01 
6.914791e-01   5.428465e-02   2.989335e-05   3.983350e-05   1.051015e-05   -1.516209e-06   1.609534e+01 
6.914027e-01   5.435978e-02   2.853902e-05   3.784696e-05   9.855727e-06   -1.361502e-06   1.618180e+01 
6.913248e-01   5.443493e-02   2.727762e-05   3.600227e-05   9.269942e-06   -1.227406e-06   1.626841e+01 
6.912454e-01   5.451011e-02   2.609858e-05   3.428816e-05   8.730617e-06   -1.120385e-06   1.635515e+01 
6.911649e-01   5.458532e-02   2.498485e-05   3.269623e-05   8.235186e-06   -1.030747e-06   1.644204e+01 
6.910833e-01   5.466061e-02   2.393339e-05   3.121376e-05   7.783400e-06   -9.503986e-07   1.652906e+01 
6.910008e-01   5.473597e-02   2.294330e-05   2.983147e-05   7.372201e-06   -8.785253e-07   1.661623e+01 
6.909173e-01   5.481140e-02   2.201555e-05   2.854056e-05   6.994996e-06   -8.179255e-07   1.670354e+01 
6.908329e-01   5.488690e-02   2.114459e-05   2.733320e-05   6.648891e-06   -7.683265e-07   1.679099e+01 
6.907477e-01   5.496249e-02   2.032640e-05   2.620236e-05   6.330818e-06   -7.258042e-07   1.687858e+01 
6.906618e-01   5.503818e-02   1.955754e-05   2.514158e-05   6.035937e-06   -6.860994e-07   1.696630e+01 
6.905752e-01   5.511398e-02   1.883325e-05   2.414469e-05   5.761480e-06   -6.475098e-07   1.705417e+01 
6.904880e-01   5.518988e-02   1.814877e-05   2.320600e-05   5.505173e-06   -6.117451e-07   1.714217e+01 
6.904000e-01   5.526587e-02   1.750070e-05   2.232112e-05   5.264740e-06   -5.792522e-07   1.723032e+01 
6.903113e-01   5.534196e-02   1.688557e-05   2.148603e-05   5.038937e-06   -5.488943e-07   1.731860e+01 
6.902219e-01   5.541816e-02   1.630047e-05   2.069671e-05   4.826712e-06   -5.199919e-07   1.740702e+01 
6.901319e-01   5.549446e-02   1.574395e-05   1.994899e-05   4.626949e-06   -4.928694e-07   1.749557e+01 
6.900413e-01   5.557086e-02   1.521425e-05   1.923889e-05   4.438792e-06   -4.681078e-07   1.758426e+01 
6.899501e-01   5.564736e-02   1.470903e-05   1.856308e-05   4.261368e-06   -4.457719e-07   1.767309e+01 
6.898583e-01   5.572397e-02   1.422645e-05   1.791923e-05   4.093571e-06   -4.252136e-07   1.776206e+01 
6.897658e-01   5.580069e-02   1.376513e-05   1.730588e-05   3.934597e-06   -4.055448e-07   1.785116e+01 
6.896728e-01   5.587751e-02   1.332422e-05   1.672112e-05   3.783890e-06   -3.865801e-07   1.794039e+01 
6.895792e-01   5.595444e-02   1.290288e-05   1.616282e-05   3.640779e-06   -3.685301e-07   1.802977e+01 
6.894850e-01   5.603147e-02   1.249986e-05   1.562925e-05   3.504741e-06   -3.511663e-07   1.811927e+01 
6.893902e-01   5.610861e-02   1.211408e-05   1.511896e-05   3.375243e-06   -3.342711e-07   1.820891e+01 
6.892947e-01   5.618585e-02   1.174467e-05   1.463061e-05   3.251800e-06   -3.178288e-07   1.829868e+01 
6.891986e-01   5.626319e-02   1.139050e-05   1.416305e-05   3.134041e-06   -3.017446e-07   1.838859e+01 
6.891017e-01   5.634062e-02   1.105050e-05   1.371527e-05   3.021639e-06   -2.859975e-07   1.847863e+01 
6.890042e-01   5.641814e-02   1.072429e-05   1.328621e-05   2.914273e-06   -2.707866e-07   1.856880e+01 
6.889059e-01   5.649576e-02   1.041134e-05   1.287478e-05   2.811685e-06   -2.562664e-07   1.865911e+01 
6.888067e-01   5.657346e-02   1.011077e-05   1.248000e-05   2.713662e-06   -2.423762e-07   1.874955e+01 
6.887068e-01   5.665124e-02   9.821894e-06   1.210101e-05   2.619955e-06   -2.289741e-07   1.884012e+01 
6.886060e-01   5.672911e-02   9.544131e-06   1.173701e-05   2.530308e-06   -2.159843e-07   1.893082e+01 
6.885043e-01   5.680705e-02   9.276872e-06   1.138720e-05   2.444490e-06   -2.033957e-07   1.902166e+01 
6.884018e-01   5.688508e-02   9.019588e-06   1.105089e-05   2.362293e-06   -1.912274e-07   1.911262e+01 
6.882984e-01   5.696318e-02   8.771743e-06   1.072737e-05   2.283518e-06   -1.794907e-07   1.920371e+01 
6.881941e-01   5.704136e-02   8.532870e-06   1.041604e-05   2.207987e-06   -1.681917e-07   1.929494e+01 
6.880889e-01   5.711962e-02   8.302532e-06   1.011630e-05   2.135532e-06   -1.573144e-07   1.938630e+01 
6.879829e-01   5.719796e-02   8.080325e-06   9.827618e-06   2.065995e-06   -1.468450e-07   1.947778e+01 
6.878761e-01   5.727638e-02   7.865883e-06   9.549478e-06   1.999232e-06   -1.367674e-07   1.956939e+01 
6.877684e-01   5.735487e-02   7.658875e-06   9.281398e-06   1.935103e-06   -1.270589e-07   1.966114e+01 
6.876598e-01   5.743344e-02   7.458980e-06   9.022933e-06   1.873482e-06   -1.177051e-07   1.975301e+01 
6.875504e-01   5.751210e-02   7.265901e-06   8.773645e-06   1.814247e-06   -1.086849e-07   1.984501e+01 
6.874402e-01   5.759083e-02   7.079339e-06   8.533139e-06   1.757284e-06   -9.998185e-08   1.993714e+01 
6.873292e-01   5.766964e-02   6.899034e-06   8.301022e-06   1.702485e-06   -9.158331e-08   2.002940e+01 
6.872173e-01   5.774853e-02   6.724717e-06   8.076946e-06   1.649752e-06   -8.347991e-08   2.012178e+01 
6.871046e-01   5.782750e-02   6.556137e-06   7.860560e-06   1.598987e-06   -7.565713e-08   2.021429e+01 
6.869912e-01   5.790655e-02   6.393054e-06   7.651539e-06   1.550101e-06   -6.810919e-08   2.030693e+01 
6.868769e-01   5.798568e-02   6.235234e-06   7.449578e-06   1.503009e-06   -6.082758e-08   2.039969e+01 
6.867618e-01   5.806489e-02   6.082466e-06   7.254383e-06   1.457631e-06   -5.380498e-08   2.049258e+01 
6.866459e-01   5.814418e-02   5.934540e-06   7.065677e-06   1.413891e-06   -4.703221e-08   2.058560e+01 
6.865293e-01   5.822355e-02   5.791268e-06   6.883200e-06   1.371716e-06   -4.049754e-08   2.067874e+01 
6.864118e-01   5.830300e-02   5.652470e-06   6.706698e-06   1.331041e-06   -3.419467e-08   2.077201e+01 
6.862937e-01   5.838253e-02   5.517980e-06   6.535938e-06   1.291800e-06   -2.811083e-08   2.086540e+01 
6.861747e-01   5.846215e-02   5.387624e-06   6.370690e-06   1.253932e-06   -2.223627e-08   2.095892e+01 
6.860551e-01   5.854184e-02   5.261270e-06   6.210738e-06   1.217380e-06   -1.655875e-08   2.105257e+01 
6.859347e-01   5.862162e-02   5.138761e-06   6.055882e-06   1.182090e-06   -1.107039e-08   2.114633e+01 
6.858135e-01   5.870148e-02   5.019967e-06   5.905921e-06   1.148008e-06   -5.759431e-09   2.124022e+01 
6.856916e-01   5.878143e-02   4.904748e-06   5.760670e-06   1.115086e-06   -6.175550e-10   2.133424e+01 
6.855690e-01   5.886145e-02   4.792982e-06   5.619953e-06   1.083277e-06   4.363919e-09   2.142837e+01 
6.854456e-01   5.894156e-02   4.684547e-06   5.483596e-06   1.052535e-06   9.190861e-09   2.152264e+01 
6.853215e-01   5.902174e-02   4.579313e-06   5.351438e-06   1.022818e-06   1.386813e-08   2.161702e+01 
6.851966e-01   5.910200e-02   4.477177e-06   5.223326e-06   9.940865e-07   1.840152e-08   2.171152e+01 
6.850710e-01   5.918235e-02   4.378011e-06   5.099105e-06   9.662996e-07   2.279402e-08   2.180615e+01 
6.849447e-01   5.926277e-02   4.281720e-06   4.978638e-06   9.394216e-07   2.704878e-08   2.190090e+01 
6.848176e-01   5.934327e-02   4.188186e-06   4.861785e-06   9.134169e-07   3.116755e-08   2.199577e+01 
6.846897e-01   5.942385e-02   4.097315e-06   4.748420e-06   8.882524e-07   3.515211e-08   2.209077e+01 
6.845611e-01   5.950450e-02   4.009003e-06   4.638414e-06   8.638952e-07   3.900499e-08   2.218588e+01 
6.844318e-01   5.958524e-02   3.923162e-06   4.531647e-06   8.403154e-07   4.272686e-08   2.228112e+01 
6.843017e-01   5.966605e-02   3.839702e-06   4.428010e-06   8.174835e-07   4.632331e-08   2.237647e+01 
6.841709e-01   5.974694e-02   3.758542e-06   4.327389e-06   7.953713e-07   4.979739e-08   2.247195e+01 
6.840394e-01   5.982791e-02   3.679608e-06   4.229681e-06   7.739522e-07   5.315375e-08   2.256755e+01 
6.839072e-01   5.990895e-02   3.602838e-06   4.134786e-06   7.532013e-07   5.640129e-08   2.266326e+01 
6.837743e-01   5.999008e-02   3.528164e-06   4.042611e-06   7.330936e-07   5.954994e-08   2.275910e+01 
6.836406e-01   6.007128e-02   3.455531e-06   3.953060e-06   7.136057e-07   6.260651e-08   2.285505e+01 
6.835062e-01   6.015256e-02   3.384888e-06   3.866046e-06   6.947156e-07   6.558345e-08   2.295112e+01 
6.833711e-01   6.023391e-02   3.316183e-06   3.781487e-06   6.764014e-07   6.849038e-08   2.304732e+01 
6.832352e-01   6.031534e-02   3.249369e-06   3.699298e-06   6.586433e-07   7.133911e-08   2.314363e+01 
6.830985e-01   6.039683e-02   3.184392e-06   3.619404e-06   6.414216e-07   7.413848e-08   2.324006e+01 
6.829609e-01   6.047839e-02   3.121202e-06   3.541726e-06   6.247172e-07   7.689218e-08   2.333660e+01 
6.828225e-01   6.056001e-02   3.059738e-06   3.466191e-06   6.085124e-07   7.960365e-08   2.343327e+01 
6.826832e-01   6.064169e-02   2.999949e-06   3.392731e-06   5.927902e-07   8.227457e-08   2.353005e+01 
6.825429e-01   6.072342e-02   2.941767e-06   3.321272e-06   5.775335e-07   8.490098e-08   2.362695e+01 
6.824017e-01   6.080521e-02   2.885135e-06   3.251751e-06   5.627268e-07   8.747649e-08   2.372396e+01 
6.822594e-01   6.088704e-02   2.829984e-06   3.184105e-06   5.483548e-07   8.999249e-08   2.382110e+01 
6.821161e-01   6.096892e-02   2.776244e-06   3.118269e-06   5.344027e-07   9.244233e-08   2.391835e+01 
6.819718e-01   6.105084e-02   2.723858e-06   3.054183e-06   5.208561e-07   9.481383e-08   2.401571e+01 
6.818265e-01   6.113281e-02   2.672751e-06   2.991794e-06   5.077018e-07   9.709478e-08   2.411319e+01 
6.816802e-01   6.121483e-02   2.622865e-06   2.931043e-06   4.949263e-07   9.927402e-08   2.421079e+01 
6.815329e-01   6.129689e-02   2.574130e-06   2.871876e-06   4.825168e-07   1.013386e-07   2.430850e+01 
6.813847e-01   6.137901e-02   2.526491e-06   2.814246e-06   4.704613e-07   1.032769e-07   2.440633e+01 
6.812357e-01   6.146119e-02   2.479895e-06   2.758102e-06   4.587478e-07   1.050803e-07   2.450427e+01 
6.810858e-01   6.154343e-02   2.434289e-06   2.703398e-06   4.473650e-07   1.067441e-07   2.460233e+01 
6.809353e-01   6.162574e-02   2.389647e-06   2.650092e-06   4.363018e-07   1.082657e-07   2.470050e+01 
6.807842e-01   6.170813e-02   2.345933e-06   2.598143e-06   4.255479e-07   1.096490e-07   2.479878e+01 
6.806325e-01   6.179061e-02   2.303142e-06   2.547510e-06   4.150928e-07   1.109058e-07   2.489718e+01 
6.804804e-01   6.187318e-02   2.261267e-06   2.498159e-06   4.049271e-07   1.120519e-07   2.499570e+01 
6.803278e-01   6.195585e-02   2.220317e-06   2.450054e-06   3.950413e-07   1.131114e-07   2.509432e+01 
6.801749e-01   6.203861e-02   2.180302e-06   2.403163e-06   3.854266e-07   1.141071e-07   2.519306e+01 
6.800217e-01   6.212148e-02   2.141247e-06   2.357454e-06   3.760744e-07   1.150701e-07   2.529191e+01 
6.798681e-01   6.220445e-02   2.103161e-06   2.312897e-06   3.669767e-07   1.160270e-07   2.539088e+01 
6.797140e-01   6.228751e-02   2.066057e-06   2.269460e-06   3.581258e-07   1.169997e-07   2.548996e+01 
6.795595e-01   6.237066e-02   2.029935e-06   2.227115e-06   3.495139e-07   1.180069e-07   2.558915e+01 
6.794043e-01   6.245389e-02   1.994785e-06   2.185828e-06   3.411343e-07   1.190600e-07   2.568845e+01 
6.792485e-01   6.253718e-02   1.960583e-06   2.145570e-06   3.329797e-07   1.201618e-07   2.578787e+01 
6.790919e-01   6.262053e-02   1.927296e-06   2.106309e-06   3.250436e-07   1.213076e-07   2.588739e+01 
6.789343e-01   6.270394e-02   1.894881e-06   2.068013e-06   3.173195e-07   1.224870e-07   2.598703e+01 
6.787758e-01   6.278738e-02   1.863291e-06   2.030651e-06   3.098010e-07   1.236868e-07   2.608678e+01 
6.786162e-01   6.287085e-02   1.832476e-06   1.994193e-06   3.024820e-07   1.248881e-07   2.618663e+01 
6.784556e-01   6.295436e-02   1.802389e-06   1.958612e-06   2.953567e-07   1.260766e-07   2.628660e+01 
6.782937e-01   6.303789e-02   1.772987e-06   1.923877e-06   2.884192e-07   1.272383e-07   2.638668e+01 
6.781308e-01   6.312144e-02   1.744229e-06   1.889965e-06   2.816639e-07   1.283597e-07   2.648688e+01 
6.779667e-01   6.320502e-02   1.716090e-06   1.856850e-06   2.750855e-07   1.294361e-07   2.658718e+01 
6.778015e-01   6.328861e-02   1.688542e-06   1.824508e-06   2.686786e-07   1.304613e-07   2.668759e+01 
6.776352e-01   6.337224e-02   1.661568e-06   1.792920e-06   2.624382e-07   1.314354e-07   2.678811e+01 
6.774677e-01   6.345589e-02   1.635152e-06   1.762063e-06   2.563594e-07   1.323593e-07   2.688874e+01 
6.772992e-01   6.353956e-02   1.609286e-06   1.731920e-06   2.504374e-07   1.332357e-07   2.698947e+01 
6.771297e-01   6.362327e-02   1.583952e-06   1.702470e-06   2.446677e-07   1.340673e-07   2.709032e+01 
6.769590e-01   6.370700e-02   1.559141e-06   1.673693e-06   2.390458e-07   1.348571e-07   2.719128e+01 
6.767874e-01   6.379076e-02   1.534844e-06   1.645575e-06   2.335674e-07   1.356086e-07   2.729234e+01 
6.766147e-01   6.387455e-02   1.511047e-06   1.618097e-06   2.282285e-07   1.363211e-07   2.739351e+01 
6.764409e-01   6.395837e-02   1.487739e-06   1.591241e-06   2.230250e-07   1.369998e-07   2.749479e+01 
6.762661e-01   6.404222e-02   1.464910e-06   1.564991e-06   2.179530e-07   1.376442e-07   2.759618e+01 
6.760903e-01   6.412610e-02   1.442547e-06   1.539332e-06   2.130088e-07   1.382569e-07   2.769768e+01 
6.759135e-01   6.421000e-02   1.420641e-06   1.514248e-06   2.081889e-07   1.388402e-07   2.779928e+01 
6.757357e-01   6.429394e-02   1.399180e-06   1.489723e-06   2.034896e-07   1.393938e-07   2.790099e+01 
6.755568e-01   6.437791e-02   1.378156e-06   1.465745e-06   1.989076e-07   1.399200e-07   2.800281e+01 
6.753770e-01   6.446190e-02   1.357556e-06   1.442297e-06   1.944396e-07   1.404186e-07   2.810474e+01 
6.751961e-01   6.454592e-02   1.337371e-06   1.419367e-06   1.900825e-07   1.408907e-07   2.820677e+01 
6.750142e-01   6.462996e-02   1.317592e-06   1.396941e-06   1.858332e-07   1.413372e-07   2.830890e+01 
6.748312e-01   6.471404e-02   1.298205e-06   1.375005e-06   1.816886e-07   1.417584e-07   2.841115e+01 
6.746473e-01   6.479814e-02   1.279204e-06   1.353548e-06   1.776460e-07   1.421553e-07   2.851350e+01 
6.744623e-01   6.488226e-02   1.260583e-06   1.332557e-06   1.737025e-07   1.425296e-07   2.861595e+01 
6.742763e-01   6.496641e-02   1.242328e-06   1.312020e-06   1.698554e-07   1.428796e-07   2.871852e+01 
6.740893e-01   6.505059e-02   1.224435e-06   1.291926e-06   1.661020e-07   1.432087e-07   2.882118e+01 
6.739012e-01   6.513479e-02   1.206889e-06   1.272262e-06   1.624399e-07   1.435150e-07   2.892395e+01 
6.737121e-01   6.521901e-02   1.189685e-06   1.253020e-06   1.588666e-07   1.437995e-07   2.902683e+01 
6.735220e-01   6.530326e-02   1.172815e-06   1.234187e-06   1.553796e-07   1.440636e-07   2.912981e+01 
6.733309e-01   6.538752e-02   1.156271e-06   1.215754e-06   1.519766e-07   1.443073e-07   2.923290e+01 
6.731387e-01   6.547181e-02   1.140046e-06   1.197710e-06   1.486555e-07   1.445299e-07   2.933609e+01 
6.729455e-01   6.555612e-02   1.124133e-06   1.180046e-06   1.454140e-07   1.447335e-07   2.943938e+01 
6.727513e-01   6.564045e-02   1.108527e-06   1.162754e-06   1.422500e-07   1.449178e-07   2.954278e+01 
6.725560e-01   6.572480e-02   1.093216e-06   1.145822e-06   1.391615e-07   1.450835e-07   2.964628e+01 
6.723597e-01   6.580917e-02   1.078200e-06   1.129242e-06   1.361465e-07   1.452309e-07   2.974989e+01 
6.721623e-01   6.589356e-02   1.063468e-06   1.113006e-06   1.332029e-07   1.453597e-07   2.985360e+01 
6.719639e-01   6.597796e-02   1.049015e-06   1.097106e-06   1.303290e-07   1.454717e-07   2.995741e+01 
6.717644e-01   6.606238e-02   1.034836e-06   1.081533e-06   1.275230e-07   1.455660e-07   3.006132e+01 
6.715639e-01   6.614682e-02   1.020922e-06   1.066280e-06   1.247831e-07   1.456438e-07   3.016534e+01 
6.713624e-01   6.623128e-02   1.007270e-06   1.051338e-06   1.221074e-07   1.457045e-07   3.026946e+01 
6.711598e-01   6.631574e-02   9.938734e-07   1.036699e-06   1.194945e-07   1.457485e-07   3.037369e+01 
6.709561e-01   6.640023e-02   9.807276e-07   1.022358e-06   1.169427e-07   1.457777e-07   3.047801e+01 
6.707514e-01   6.648472e-02   9.678267e-07   1.008306e-06   1.144504e-07   1.457910e-07   3.058244e+01 
6.705456e-01   6.656923e-02   9.551653e-07   9.945364e-07   1.120160e-07   1.457888e-07   3.068697e+01 
6.703388e-01   6.665375e-02   9.427404e-07   9.810416e-07   1.096382e-07   1.457723e-07   3.079160e+01 
6.701309e-01   6.673828e-02   9.305438e-07   9.678172e-07   1.073154e-07   1.457417e-07   3.089633e+01 
6.699219e-01   6.682282e-02   9.185757e-07   9.548542e-07   1.050463e-07   1.456961e-07   3.100117e+01 
6.697119e-01   6.690737e-02   9.068267e-07   9.421478e-07   1.028295e-07   1.456367e-07   3.110610e+01 
6.695007e-01   6.699193e-02   8.952967e-07   9.296919e-07   1.006636e-07   1.455642e-07   3.121113e+01 
6.692886e-01   6.707650e-02   8.839745e-07   9.174799e-07   9.854751e-08   1.454774e-07   3.131627e+01 
6.690753e-01   6.716108e-02   8.728659e-07   9.055056e-07   9.647986e-08   1.453785e-07   3.142151e+01 
6.688609e-01   6.724566e-02   8.619585e-07   8.937647e-07   9.445941e-08   1.452666e-07   3.152685e+01 
6.686455e-01   6.733024e-02   8.512532e-07   8.822505e-07   9.248506e-08   1.451423e-07   3.163228e+01 
6.684290e-01   6.741484e-02   8.407435e-07   8.709585e-07   9.055563e-08   1.450052e-07   3.173782e+01 
6.682114e-01   6.749943e-02   8.304270e-07   8.598819e-07   8.867001e-08   1.448560e-07   3.184346e+01 
6.679927e-01   6.758403e-02   8.203028e-07   8.490184e-07   8.682709e-08   1.446961e-07   3.194920e+01 
6.677729e-01   6.766863e-02   8.103632e-07   8.383593e-07   8.502586e-08   1.445233e-07   3.205503e+01 
6.675520e-01   6.775324e-02   8.006054e-07   8.279034e-07   8.326525e-08   1.443397e-07   3.216097e+01 
6.673300e-01   6.783784e-02   7.910296e-07   8.176440e-07   8.154430e-08   1.441460e-07   3.226700e+01 
6.671069e-01   6.792245e-02   7.816289e-07   8.075772e-07   7.986204e-08   1.439399e-07   3.237314e+01 
6.668827e-01   6.800705e-02   7.724002e-07   7.976987e-07   7.821752e-08   1.437235e-07   3.247937e+01 
6.666574e-01   6.809165e-02   7.633443e-07   7.880042e-07   7.660982e-08   1.434975e-07   3.258570e+01 
6.664310e-01   6.817626e-02   7.544560e-07   7.784890e-07   7.503801e-08   1.432605e-07   3.269213e+01 
6.662035e-01   6.826085e-02   7.457290e-07   7.691495e-07   7.350129e-08   1.430131e-07   3.279866e+01 
6.659749e-01   6.834545e-02   7.371696e-07   7.599819e-07   7.199875e-08   1.427561e-07   3.290529e+01 
6.657451e-01   6.843004e-02   7.287645e-07   7.509824e-07   7.052962e-08   1.424896e-07   3.301201e+01 
6.655142e-01   6.851462e-02   7.205187e-07   7.421461e-07   6.909305e-08   1.422130e-07   3.311883e+01 
6.652822e-01   6.859920e-02   7.124286e-07   7.334712e-07   6.768830e-08   1.419283e-07   3.322575e+01 
6.650491e-01   6.868378e-02   7.044887e-07   7.249542e-07   6.631456e-08   1.416327e-07   3.333277e+01 
6.648149e-01   6.876834e-02   6.967011e-07   7.165888e-07   6.497115e-08   1.413287e-07   3.343988e+01 
6.645795e-01   6.885290e-02   6.890598e-07   7.083749e-07   6.365731e-08   1.410156e-07   3.354709e+01 
6.643429e-01   6.893745e-02   6.815666e-07   7.003072e-07   6.237235e-08   1.406940e-07   3.365440e+01 
6.641053e-01   6.902198e-02   6.742126e-07   6.923845e-07   6.111559e-08   1.403633e-07   3.376181e+01 
6.638665e-01   6.910651e-02   6.670052e-07   6.846025e-07   5.988634e-08   1.400242e-07   3.386931e+01 
6.636265e-01   6.919103e-02   6.599314e-07   6.769571e-07   5.868399e-08   1.396760e-07   3.397691e+01 
6.633854e-01   6.927553e-02   6.529990e-07   6.694481e-07   5.750785e-08   1.393203e-07   3.408460e+01 
6.631432e-01   6.936002e-02   6.462004e-07   6.620691e-07   5.635738e-08   1.389557e-07   3.419239e+01 
6.628998e-01   6.944450e-02   6.395404e-07   6.548210e-07   5.523191e-08   1.385838e-07   3.430028e+01 
6.626552e-01   6.952896e-02   6.330092e-07   6.476979e-07   5.413091e-08   1.382025e-07   3.440826e+01 
6.624095e-01   6.961341e-02   6.266144e-07   6.407001e-07   5.305376e-08   1.378125e-07   3.451634e+01 
6.621626e-01   6.969783e-02   6.203765e-07   6.338275e-07   5.199992e-08   1.374038e-07   3.462451e+01 
6.619146e-01   6.978225e-02   6.143613e-07   6.271003e-07   5.096890e-08   1.369343e-07   3.473278e+01 
6.616654e-01   6.986664e-02   6.094030e-07   6.206360e-07   4.996011e-08   1.360879e-07   3.484114e+01 
6.614150e-01   6.995101e-02   6.072505e-07   6.151197e-07   4.897301e-08   1.337113e-07   3.494960e+01 
6.611635e-01   7.003537e-02   6.356922e-07   6.114215e-07   4.800723e-08   1.233134e-07   3.505815e+01 
6.609107e-01   7.011970e-02   6.295658e-07   6.031873e-07   4.706209e-08   1.442000e-07   3.516680e+01 
6.606568e-01   7.020401e-02   5.897531e-07   5.949537e-07   4.613733e-08   1.350721e-07   3.527554e+01 
6.604017e-01   7.028830e-02   5.804583e-07   5.904064e-07   4.523231e-08   1.335451e-07   3.538438e+01 
6.601454e-01   7.037256e-02   5.746551e-07   5.863354e-07   4.434660e-08   1.340261e-07   3.549331e+01 
6.598880e-01   7.045681e-02   5.694913e-07   5.779941e-07   4.347994e-08   1.335869e-07   3.560233e+01 
6.596293e-01   7.054102e-02   5.644303e-07   5.713074e-07   4.263157e-08   1.330683e-07   3.571145e+01 
6.593695e-01   7.062521e-02   5.594940e-07   5.654431e-07   4.180146e-08   1.325956e-07   3.582066e+01 
6.591084e-01   7.070937e-02   5.546657e-07   5.597947e-07   4.098891e-08   1.321153e-07   3.592997e+01 
6.588461e-01   7.079351e-02   5.499490e-07   5.542607e-07   4.019354e-08   1.316296e-07   3.603937e+01 
6.585827e-01   7.087762e-02   5.453465e-07   5.488172e-07   3.941529e-08   1.311366e-07   3.614886e+01 
6.583180e-01   7.096170e-02   5.408454e-07   5.434623e-07   3.865319e-08   1.306359e-07   3.625844e+01 
6.580521e-01   7.104575e-02   5.364662e-07   5.381925e-07   3.790750e-08   1.301292e-07   3.636812e+01 
6.577850e-01   7.112976e-02   5.321824e-07   5.330074e-07   3.717749e-08   1.296152e-07   3.647789e+01 
6.575167e-01   7.121375e-02   5.280180e-07   5.279039e-07   3.646268e-08   1.290952e-07   3.658776e+01 
6.572471e-01   7.129770e-02   5.239660e-07   5.228820e-07   3.576342e-08   1.285724e-07   3.669771e+01 
6.569764e-01   7.138163e-02   5.200237e-07   5.179399e-07   3.507838e-08   1.280457e-07   3.680776e+01 
6.567044e-01   7.146551e-02   5.162091e-07   5.130759e-07   3.440799e-08   1.275183e-07   3.691790e+01 
6.564312e-01   7.154937e-02   5.124857e-07   5.082888e-07   3.375194e-08   1.269836e-07   3.702813e+01 
6.561567e-01   7.163318e-02   5.088761e-07   5.035749e-07   3.310902e-08   1.264417e-07   3.713846e+01 
6.558811e-01   7.171696e-02   5.053609e-07   4.989331e-07   3.248030e-08   1.258891e-07   3.724887e+01 
6.556041e-01   7.180070e-02   5.019297e-07   4.943625e-07   3.186447e-08   1.253248e-07   3.735938e+01 
6.553259e-01   7.188441e-02   4.986172e-07   4.898610e-07   3.126114e-08   1.247546e-07   3.746998e+01 
6.550465e-01   7.196807e-02   4.953853e-07   4.854285e-07   3.067139e-08   1.241745e-07   3.758067e+01 
6.547658e-01   7.205169e-02   4.922670e-07   4.810624e-07   3.009311e-08   1.235918e-07   3.769145e+01 
6.544839e-01   7.213527e-02   4.892637e-07   4.767627e-07   2.952700e-08   1.230066e-07   3.780233e+01 
6.542007e-01   7.221880e-02   4.863442e-07   4.725262e-07   2.897362e-08   1.224155e-07   3.791329e+01 
6.539162e-01   7.230230e-02   4.835611e-07   4.683530e-07   2.843047e-08   1.218271e-07   3.802434e+01 
6.536305e-01   7.238575e-02   4.808697e-07   4.642406e-07   2.789932e-08   1.212345e-07   3.813549e+01 
6.533436e-01   7.246915e-02   4.782683e-07   4.601868e-07   2.737994e-08   1.206357e-07   3.824672e+01 
6.530553e-01   7.255251e-02   4.757970e-07   4.561927e-07   2.686973e-08   1.200356e-07   3.835805e+01 
6.527658e-01   7.263582e-02   4.733883e-07   4.522510e-07   2.637134e-08   1.194238e-07   3.846946e+01 
6.524750e-01   7.271908e-02   4.710894e-07   4.483665e-07   2.588382e-08   1.188084e-07   3.858097e+01 
6.521829e-01   7.280229e-02   4.689121e-07   4.445355e-07   2.540446e-08   1.181910e-07   3.869256e+01 
6.518896e-01   7.288545e-02   4.667900e-07   4.407569e-07   2.493671e-08   1.175634e-07   3.880425e+01 
6.515949e-01   7.296856e-02   4.648042e-07   4.370311e-07   2.447915e-08   1.169364e-07   3.891602e+01 
6.512990e-01   7.305162e-02   4.629251e-07   4.333554e-07   2.402866e-08   1.163064e-07   3.902789e+01 
6.510017e-01   7.313462e-02   4.610971e-07   4.297288e-07   2.358945e-08   1.156648e-07   3.913984e+01 
6.507032e-01   7.321757e-02   4.594222e-07   4.261506e-07   2.316025e-08   1.150268e-07   3.925188e+01 
6.504034e-01   7.330046e-02   4.578372e-07   4.226210e-07   2.273680e-08   1.143831e-07   3.936401e+01 
6.501022e-01   7.338330e-02   4.563013e-07   4.191351e-07   2.232398e-08   1.137274e-07   3.947624e+01 
6.497998e-01   7.346608e-02   4.549373e-07   4.156977e-07   2.192170e-08   1.130774e-07   3.958854e+01 
6.494960e-01   7.354880e-02   4.536474e-07   4.123031e-07   2.152385e-08   1.124199e-07   3.970094e+01 
6.491909e-01   7.363146e-02   4.524052e-07   4.089512e-07   2.113513e-08   1.117507e-07   3.981343e+01 
6.488846e-01   7.371407e-02   4.513456e-07   4.056438e-07   2.075816e-08   1.110869e-07   3.992600e+01 
6.485768e-01   7.379661e-02   4.503640e-07   4.023789e-07   2.038528e-08   1.104183e-07   4.003866e+01 
6.482678e-01   7.387909e-02   4.494101e-07   3.991524e-07   2.001843e-08   1.097341e-07   4.015142e+01 
6.479574e-01   7.396151e-02   4.486498e-07   3.959696e-07   1.966415e-08   1.090554e-07   4.026425e+01 
6.476457e-01   7.404387e-02   4.479854e-07   3.928269e-07   1.931669e-08   1.083736e-07   4.037718e+01 
6.473327e-01   7.412615e-02   4.473214e-07   3.897236e-07   1.897050e-08   1.076753e-07   4.049019e+01 
6.470185e-01   7.420832e-02   4.468509e-07   3.866614e-07   1.863537e-08   1.069859e-07   4.060321e+01 
6.467033e-01   7.429035e-02   4.465246e-07   3.836411e-07   1.831277e-08   1.063007e-07   4.071622e+01 
6.463869e-01   7.437225e-02   4.461637e-07   3.806614e-07   1.799072e-08   1.055941e-07   4.082924e+01 
6.460695e-01   7.445401e-02   4.459455e-07   3.777197e-07   1.767229e-08   1.048863e-07   4.094225e+01 
6.457510e-01   7.453565e-02   4.459592e-07   3.748188e-07   1.736751e-08   1.041960e-07   4.105527e+01 
6.454314e-01   7.461715e-02   4.459584e-07   3.719562e-07   1.707501e-08   1.034956e-07   4.116828e+01 
6.451106e-01   7.469851e-02   4.459830e-07   3.691266e-07   1.677732e-08   1.027822e-07   4.128130e+01 
6.447887e-01   7.477974e-02   4.462613e-07   3.663338e-07   1.648454e-08   1.020818e-07   4.139431e+01 
6.444658e-01   7.486084e-02   4.466723e-07   3.635794e-07   1.620759e-08   1.013864e-07   4.150733e+01 
6.441417e-01   7.494179e-02   4.470329e-07   3.608464e-07   1.595119e-08   1.006749e-07   4.162034e+01 
6.438165e-01   7.502261e-02   4.475044e-07   3.581266e-07   1.568262e-08   9.996673e-08   4.173336e+01 
6.434902e-01   7.510329e-02   4.480567e-07   3.554211e-07   1.539876e-08   9.925965e-08   4.184637e+01 
6.431626e-01   7.518383e-02   4.485350e-07   3.527663e-07   1.514453e-08   9.855093e-08   4.195939e+01 
6.428338e-01   7.526420e-02   4.489869e-07   3.501859e-07   1.488878e-08   9.784971e-08   4.207240e+01 
6.425041e-01   7.534446e-02   4.499659e-07   3.476611e-07   1.463449e-08   9.719099e-08   4.218541e+01 
6.421736e-01   7.542462e-02   4.514884e-07   3.451454e-07   1.441119e-08   9.655539e-08   4.229843e+01 
6.418421e-01   7.550467e-02   4.534188e-07   3.426022e-07   1.418973e-08   9.594162e-08   4.241145e+01 
6.415094e-01   7.558455e-02   4.552001e-07   3.400220e-07   1.394985e-08   9.528182e-08   4.252446e+01 
6.411752e-01   7.566426e-02   4.563487e-07   3.374268e-07   1.370743e-08   9.450493e-08   4.263747e+01 
6.408398e-01   7.574381e-02   4.572493e-07   3.348591e-07   1.347521e-08   9.366376e-08   4.275049e+01 
6.405032e-01   7.582321e-02   4.583818e-07   3.323494e-07   1.325309e-08   9.283867e-08   4.286350e+01 
6.401657e-01   7.590249e-02   4.598521e-07   3.298982e-07   1.303826e-08   9.205940e-08   4.297652e+01 
6.398270e-01   7.598163e-02   4.615702e-07   3.274852e-07   1.282902e-08   9.131074e-08   4.308953e+01 
6.394873e-01   7.606063e-02   4.634256e-07   3.250960e-07   1.262451e-08   9.056924e-08   4.320255e+01 
6.391464e-01   7.613948e-02   4.653804e-07   3.227347e-07   1.242438e-08   8.982717e-08   4.331556e+01 
6.388043e-01   7.621818e-02   4.674382e-07   3.204042e-07   1.222850e-08   8.908442e-08   4.342858e+01 
6.384612e-01   7.629674e-02   4.696079e-07   3.181057e-07   1.203677e-08   8.834083e-08   4.354159e+01 
6.381169e-01   7.637515e-02   4.718909e-07   3.158364e-07   1.184913e-08   8.759440e-08   4.365461e+01 
6.377714e-01   7.645342e-02   4.742833e-07   3.135938e-07   1.166548e-08   8.684510e-08   4.376762e+01 
6.374248e-01   7.653154e-02   4.767789e-07   3.113730e-07   1.148575e-08   8.609361e-08   4.388064e+01 
6.370771e-01   7.660951e-02   4.793761e-07   3.091664e-07   1.130986e-08   8.534176e-08   4.399365e+01 
6.367282e-01   7.668733e-02   4.820783e-07   3.069670e-07   1.113771e-08   8.459271e-08   4.410667e+01 
6.363781e-01   7.676499e-02   4.848884e-07   3.047700e-07   1.096923e-08   8.384773e-08   4.421968e+01 
6.360269e-01   7.684251e-02   4.878163e-07   3.025743e-07   1.080435e-08   8.310630e-08   4.433270e+01 
6.356746e-01   7.691986e-02   4.908673e-07   3.003841e-07   1.064300e-08   8.236397e-08   4.444571e+01 
6.353210e-01   7.699707e-02   4.940392e-07   2.982079e-07   1.048511e-08   8.161329e-08   4.455873e+01 
6.349663e-01   7.707411e-02   4.973283e-07   2.960536e-07   1.033061e-08   8.084909e-08   4.467174e+01 
6.346105e-01   7.715100e-02   5.007242e-07   2.939279e-07   1.017944e-08   8.006941e-08   4.478475e+01 
6.342535e-01   7.722773e-02   5.042175e-07   2.918323e-07   1.003154e-08   7.927848e-08   4.489777e+01 
6.338953e-01   7.730431e-02   5.078055e-07   2.897614e-07   9.886876e-09   7.848355e-08   4.501078e+01 
6.335359e-01   7.738074e-02   5.114859e-07   2.877082e-07   9.745415e-09   7.769598e-08   4.512380e+01 
6.331755e-01   7.745701e-02   5.152617e-07   2.856630e-07   9.607119e-09   7.692525e-08   4.523681e+01 
6.328139e-01   7.753313e-02   5.191535e-07   2.836192e-07   9.471940e-09   7.618118e-08   4.534983e+01 
6.324511e-01   7.760909e-02   5.231866e-07   2.815734e-07   9.339865e-09   7.546521e-08   4.546284e+01 
6.320873e-01   7.768491e-02   5.273862e-07   2.795263e-07   9.211045e-09   7.477185e-08   4.557586e+01 
6.317222e-01   7.776056e-02   5.317512e-07   2.774799e-07   9.086047e-09   7.408365e-08   4.568887e+01 
6.313560e-01   7.783605e-02   5.362475e-07   2.754383e-07   8.966294e-09   7.337596e-08   4.580189e+01 
6.309885e-01   7.791138e-02   5.408249e-07   2.734067e-07   8.854328e-09   7.263124e-08   4.591490e+01 
6.306198e-01   7.798653e-02   5.454665e-07   2.713922e-07   8.752605e-09   7.184152e-08   4.602792e+01 
6.302499e-01   7.806152e-02   5.501985e-07   2.693885e-07   8.651623e-09   7.102408e-08   4.614093e+01 
6.298788e-01   7.813634e-02   5.550997e-07   2.673889e-07   8.535174e-09   7.022373e-08   4.625395e+01 
6.295064e-01   7.821100e-02   5.601266e-07   2.653867e-07   9.142385e-09   6.944185e-08   4.636696e+01 
6.291329e-01   7.828549e-02   5.651783e-07   2.635439e-07   8.478580e-09   6.870264e-08   4.647998e+01 
6.287582e-01   7.835982e-02   5.705874e-07   2.615071e-07   8.341919e-09   6.793843e-08   4.659299e+01 
6.283823e-01   7.843397e-02   5.759132e-07   2.596247e-07   8.126384e-09   6.713565e-08   4.670600e+01 
6.280051e-01   7.850795e-02   5.815078e-07   2.576833e-07   8.006372e-09   6.643621e-08   4.681902e+01 
6.276267e-01   7.858177e-02   5.896490e-07   2.557460e-07   7.945355e-09   6.555881e-08   4.693203e+01 
6.272471e-01   7.865540e-02   5.939485e-07   2.537755e-07   7.817266e-09   6.508646e-08   4.704505e+01 
6.268661e-01   7.872886e-02   5.987841e-07   2.518244e-07   7.700231e-09   6.421880e-08   4.715806e+01 
6.264840e-01   7.880214e-02   6.046461e-07   2.498988e-07   7.630702e-09   6.344535e-08   4.727108e+01 
6.261005e-01   7.887525e-02   6.107961e-07   2.480029e-07   7.639809e-09   6.269476e-08   4.738409e+01 
6.257159e-01   7.894818e-02   6.170846e-07   2.462987e-07   7.769414e-09   6.196371e-08   4.749711e+01 
6.253299e-01   7.902094e-02   6.235358e-07   2.442453e-07   9.459546e-09   6.118852e-08   4.761012e+01 
6.249428e-01   7.909352e-02   6.300360e-07   2.423605e-07   7.424423e-09   6.042479e-08   4.772314e+01 
6.245544e-01   7.916592e-02   6.366961e-07   2.404573e-07   7.191050e-09   5.965666e-08   4.783615e+01 
6.241648e-01   7.923815e-02   6.434935e-07   2.385861e-07   7.077055e-09   5.888675e-08   4.794917e+01 
6.237740e-01   7.931020e-02   6.504231e-07   2.367147e-07   6.989954e-09   5.811125e-08   4.806218e+01 
6.233820e-01   7.938209e-02   6.574827e-07   2.348474e-07   6.909272e-09   5.733457e-08   4.817520e+01 
6.229889e-01   7.945380e-02   6.646774e-07   2.329863e-07   6.832617e-09   5.656077e-08   4.828821e+01 
6.225946e-01   7.952534e-02   6.720040e-07   2.311230e-07   6.758704e-09   5.578999e-08   4.840123e+01 
6.221991e-01   7.959671e-02   6.794626e-07   2.292607e-07   6.686730e-09   5.502412e-08   4.851424e+01 
6.218025e-01   7.966790e-02   6.870603e-07   2.273981e-07   6.616426e-09   5.426478e-08   4.862726e+01 
6.214047e-01   7.973893e-02   6.947952e-07   2.255367e-07   6.547763e-09   5.351314e-08   4.874027e+01 
6.210057e-01   7.980977e-02   7.026661e-07   2.236765e-07   6.480699e-09   5.276846e-08   4.885328e+01 
6.206055e-01   7.988044e-02   7.106755e-07   2.218180e-07   6.415177e-09   5.203095e-08   4.896630e+01 
6.202041e-01   7.995092e-02   7.188214e-07   2.199621e-07   6.351160e-09   5.129911e-08   4.907932e+01 
6.198014e-01   8.002123e-02   7.271093e-07   2.181092e-07   6.288617e-09   5.057316e-08   4.919233e+01 
6.193976e-01   8.009135e-02   7.355411e-07   2.162593e-07   6.227512e-09   4.985006e-08   4.930534e+01 
6.189925e-01   8.016130e-02   7.441182e-07   2.144127e-07   6.167815e-09   4.912979e-08   4.941836e+01 
6.185863e-01   8.023106e-02   7.528417e-07   2.125696e-07   6.109494e-09   4.841137e-08   4.953137e+01 
6.181788e-01   8.030064e-02   7.617117e-07   2.107298e-07   6.052519e-09   4.769405e-08   4.964439e+01 
6.177701e-01   8.037004e-02   7.707312e-07   2.088931e-07   5.996861e-09   4.697843e-08   4.975740e+01 
6.173601e-01   8.043925e-02   7.799006e-07   2.070584e-07   5.942491e-09   4.626435e-08   4.987042e+01 
6.169490e-01   8.050828e-02   7.892242e-07   2.052254e-07   5.889382e-09   4.555205e-08   4.998343e+01 
6.165366e-01   8.057712e-02   7.986984e-07   2.033925e-07   5.837508e-09   4.484258e-08   5.009645e+01 
6.161230e-01   8.064578e-02   8.083274e-07   2.015585e-07   5.786842e-09   4.413599e-08   5.020946e+01 
6.157082e-01   8.071424e-02   8.181104e-07   1.997221e-07   5.737357e-09   4.343313e-08   5.032248e+01 
6.152921e-01   8.078252e-02   8.280474e-07   1.978829e-07   5.689031e-09   4.273490e-08   5.043549e+01 
6.148748e-01   8.085060e-02   8.381393e-07   1.960401e-07   5.641840e-09   4.204118e-08   5.054851e+01 
6.144562e-01   8.091850e-02   8.483891e-07   1.941943e-07   5.595759e-09   4.135220e-08   5.066152e+01 
6.140364e-01   8.098621e-02   8.587961e-07   1.923459e-07   5.550764e-09   4.066828e-08   5.077454e+01 
6.136154e-01   8.105372e-02   8.693589e-07   1.904964e-07   5.506834e-09   3.998891e-08   5.088755e+01 
6.131931e-01   8.112105e-02   8.800876e-07   1.886477e-07   5.463947e-09   3.931336e-08   5.100057e+01 
6.127695e-01   8.118818e-02   8.909750e-07   1.868002e-07   5.422082e-09   3.864094e-08   5.111358e+01 
6.123447e-01   8.125512e-02   9.020245e-07   1.849566e-07   5.381216e-09   3.797142e-08   5.122660e+01 
6.119187e-01   8.132187e-02   9.132444e-07   1.831170e-07   5.341330e-09   3.730451e-08   5.133961e+01 
6.114914e-01   8.138843e-02   9.246251e-07   1.812823e-07   5.302404e-09   3.663955e-08   5.145262e+01 
6.110628e-01   8.145479e-02   9.361768e-07   1.794514e-07   5.264419e-09   3.597750e-08   5.156564e+01 
6.106330e-01   8.152095e-02   9.478962e-07   1.776238e-07   5.227354e-09   3.531819e-08   5.167865e+01 
6.102019e-01   8.158692e-02   9.597854e-07   1.757978e-07   5.191195e-09   3.466198e-08   5.179167e+01 
6.097696e-01   8.165268e-02   9.718462e-07   1.739724e-07   5.155923e-09   3.401094e-08   5.190468e+01 
6.093360e-01   8.171825e-02   9.840777e-07   1.721454e-07   5.121518e-09   3.336508e-08   5.201770e+01 
6.089011e-01   8.178361e-02   9.964824e-07   1.703145e-07   5.087968e-09   3.272593e-08   5.213071e+01 
6.084650e-01   8.184877e-02   1.009064e-06   1.684780e-07   5.055282e-09   3.209534e-08   5.224373e+01 
6.080275e-01   8.191373e-02   1.021815e-06   1.666350e-07   5.023422e-09   3.147295e-08   5.235674e+01 
6.075889e-01   8.197848e-02   1.034744e-06   1.647839e-07   4.992311e-09   3.086039e-08   5.246976e+01 
6.071489e-01   8.204302e-02   1.047850e-06   1.629248e-07   4.961988e-09   3.025836e-08   5.258277e+01 
6.067077e-01   8.210736e-02   1.061129e-06   1.610575e-07   4.932461e-09   2.966567e-08   5.269579e+01 
6.062651e-01   8.217149e-02   1.074595e-06   1.591830e-07   4.903698e-09   2.908401e-08   5.280880e+01 
6.058213e-01   8.223542e-02   1.088239e-06   1.573013e-07   4.875682e-09   2.851168e-08   5.292182e+01 
6.053762e-01   8.229913e-02   1.102064e-06   1.554147e-07   4.848397e-09   2.794818e-08   5.303483e+01 
6.049299e-01   8.236264e-02   1.116081e-06   1.535241e-07   4.821831e-09   2.739253e-08   5.314785e+01 
6.044821e-01   8.242594e-02   1.130281e-06   1.516304e-07   4.795958e-09   2.684397e-08   5.326086e+01 
6.040332e-01   8.248903e-02   1.144672e-06   1.497355e-07   4.770769e-09   2.630142e-08   5.337387e+01 
6.035829e-01   8.255191e-02   1.159260e-06   1.478396e-07   4.746252e-09   2.576562e-08   5.348689e+01 
6.031314e-01   8.261458e-02   1.174034e-06   1.459430e-07   4.722387e-09   2.523461e-08   5.359990e+01 
6.026785e-01   8.267704e-02   1.189008e-06   1.440451e-07   4.699152e-09   2.471007e-08   5.371292e+01 
6.022244e-01   8.273928e-02   1.204183e-06   1.421457e-07   4.676557e-09   2.419119e-08   5.382593e+01 
6.017689e-01   8.280132e-02   1.219548e-06   1.402438e-07   4.654563e-09   2.367897e-08   5.393895e+01 
6.013122e-01   8.286313e-02   1.235120e-06   1.383387e-07   4.633172e-09   2.317340e-08   5.405196e+01 
6.008540e-01   8.292474e-02   1.250895e-06   1.364304e-07   4.612380e-09   2.267650e-08   5.416498e+01 
6.003947e-01   8.298612e-02   1.266868e-06   1.345189e-07   4.592160e-09   2.218571e-08   5.427799e+01 
5.999339e-01   8.304729e-02   1.283052e-06   1.326048e-07   4.572515e-09   2.170328e-08   5.439101e+01 
5.994720e-01   8.310824e-02   1.299446e-06   1.306887e-07   4.553450e-09   2.122772e-08   5.450402e+01 
5.990086e-01   8.316898e-02   1.316040e-06   1.287717e-07   4.534907e-09   2.076001e-08   5.461704e+01 
5.985441e-01   8.322950e-02   1.332853e-06   1.268531e-07   4.516964e-09   2.029958e-08   5.473005e+01 
5.980779e-01   8.328979e-02   1.349880e-06   1.249338e-07   4.499511e-09   1.984812e-08   5.484307e+01 
5.976108e-01   8.334987e-02   1.367113e-06   1.230130e-07   4.482624e-09   1.940307e-08   5.495608e+01 
5.971420e-01   8.340972e-02   1.384568e-06   1.210901e-07   4.466269e-09   1.896811e-08   5.506910e+01 
5.966722e-01   8.346935e-02   1.402249e-06   1.191654e-07   4.450375e-09   1.854109e-08   5.518211e+01 
5.962008e-01   8.352876e-02   1.420142e-06   1.172381e-07   4.435087e-09   1.812286e-08   5.529513e+01 
5.957284e-01   8.358794e-02   1.438261e-06   1.153091e-07   4.420146e-09   1.771017e-08   5.540814e+01 
5.952542e-01   8.364691e-02   1.456617e-06   1.133782e-07   4.405904e-09   1.730722e-08   5.552116e+01 
5.947791e-01   8.370563e-02   1.475193e-06   1.114453e-07   4.391852e-09   1.690599e-08   5.563417e+01 
5.943023e-01   8.376414e-02   1.494006e-06   1.095111e-07   4.378602e-09   1.651100e-08   5.574719e+01 
5.938246e-01   8.382242e-02   1.513067e-06   1.075756e-07   4.365405e-09   1.611541e-08   5.586020e+01 
5.933450e-01   8.388047e-02   1.532381e-06   1.056390e-07   4.353234e-09   1.572440e-08   5.597321e+01 
5.928646e-01   8.393829e-02   1.551913e-06   1.037016e-07   4.340965e-09   1.532810e-08   5.608623e+01 
5.923823e-01   8.399588e-02   1.571694e-06   1.017648e-07   4.328840e-09   1.493490e-08   5.619924e+01 
5.918992e-01   8.405324e-02   1.591740e-06   9.982771e-08   4.317764e-09   1.454021e-08   5.631226e+01 
5.914142e-01   8.411038e-02   1.612059e-06   9.788999e-08   4.306601e-09   1.414727e-08   5.642527e+01 
5.909285e-01   8.416727e-02   1.632633e-06   9.595464e-08   4.295783e-09   1.375327e-08   5.653829e+01 
5.904406e-01   8.422395e-02   1.653462e-06   9.402144e-08   4.285476e-09   1.336413e-08   5.665130e+01 
5.899523e-01   8.428037e-02   1.674534e-06   9.209067e-08   4.275558e-09   1.297486e-08   5.676432e+01 
5.894616e-01   8.433658e-02   1.695865e-06   9.016168e-08   4.265959e-09   1.259435e-08   5.687733e+01 
5.889706e-01   8.439253e-02   1.717452e-06   8.823395e-08   4.256744e-09   1.221812e-08   5.699035e+01 
5.884772e-01   8.444826e-02   1.739309e-06   8.630521e-08   4.247834e-09   1.185543e-08   5.710336e+01 
5.879835e-01   8.450374e-02   1.761420e-06   8.437488e-08   4.239289e-09   1.149892e-08   5.721638e+01 
5.874872e-01   8.455899e-02   1.783805e-06   8.244087e-08   4.231028e-09   1.115965e-08   5.732939e+01 
5.869909e-01   8.461398e-02   1.806448e-06   8.050345e-08   4.223128e-09   1.082705e-08   5.744241e+01 
5.864918e-01   8.466875e-02   1.829367e-06   7.856165e-08   4.215500e-09   1.051341e-08   5.755542e+01 
5.859928e-01   8.472324e-02   1.852548e-06   7.661675e-08   4.208235e-09   1.020526e-08   5.766844e+01 
5.854908e-01   8.477752e-02   1.876023e-06   7.466976e-08   4.201234e-09   9.915744e-09   5.778145e+01 
5.849892e-01   8.483153e-02   1.899753e-06   7.272181e-08   4.194601e-09   9.630440e-09   5.789446e+01 
5.844843e-01   8.488531e-02   1.923790e-06   7.077304e-08   4.188223e-09   9.363913e-09   5.800748e+01 
5.839801e-01   8.493882e-02   1.948087e-06   6.882412e-08   4.182223e-09   9.102430e-09   5.812049e+01 
5.834722e-01   8.499211e-02   1.972696e-06   6.687458e-08   4.176467e-09   8.860466e-09   5.823351e+01 
5.829654e-01   8.504512e-02   1.997578e-06   6.492536e-08   4.171104e-09   8.623654e-09   5.834652e+01 
5.824546e-01   8.509790e-02   2.022763e-06   6.297686e-08   4.165971e-09   8.408119e-09   5.845954e+01 
5.819451e-01   8.515041e-02   2.048236e-06   6.103182e-08   4.161246e-09   8.194586e-09   5.857255e+01 
5.814313e-01   8.520270e-02   2.074032e-06   5.909160e-08   4.156736e-09   8.004082e-09   5.868557e+01 
5.809192e-01   8.525470e-02   2.100099e-06   5.715944e-08   4.152656e-09   7.809836e-09   5.879858e+01 
5.804024e-01   8.530649e-02   2.126528e-06   5.523600e-08   4.148764e-09   7.639538e-09   5.891160e+01 
5.798877e-01   8.535798e-02   2.153214e-06   5.332321e-08   4.145329e-09   7.461057e-09   5.902461e+01 
5.793679e-01   8.540926e-02   2.180276e-06   5.142047e-08   4.142048e-09   7.306315e-09   5.913763e+01 
5.788506e-01   8.546024e-02   2.207604e-06   4.952852e-08   4.139255e-09   7.143714e-09   5.925064e+01 
5.783277e-01   8.551101e-02   2.235328e-06   4.764615e-08   4.136565e-09   7.003257e-09   5.936366e+01 
5.778079e-01   8.556148e-02   2.263303e-06   4.577455e-08   4.134405e-09   6.854739e-09   5.947667e+01 
5.772817e-01   8.561174e-02   2.291719e-06   4.391363e-08   4.132276e-09   6.726992e-09   5.958969e+01 
5.767594e-01   8.566169e-02   2.320378e-06   4.206609e-08   4.130728e-09   6.588755e-09   5.970270e+01 
5.762301e-01   8.571145e-02   2.349481e-06   4.023251e-08   4.129134e-09   6.466194e-09   5.981571e+01 
5.757053e-01   8.576087e-02   2.378867e-06   3.841624e-08   4.128204e-09   6.330628e-09   5.992873e+01 
5.751727e-01   8.581012e-02   2.408721e-06   3.661748e-08   4.127129e-09   6.204908e-09   6.004174e+01 
5.746455e-01   8.585903e-02   2.438812e-06   3.484014e-08   4.126794e-09   6.055785e-09   6.015476e+01 
5.741095e-01   8.590775e-02   2.469482e-06   3.308300e-08   4.126098e-09   5.918381e-09   6.026777e+01 
5.735800e-01   8.595616e-02   2.500353e-06   3.135041e-08   4.126506e-09   5.744642e-09   6.038079e+01 
5.730404e-01   8.600435e-02   2.531825e-06   2.964042e-08   4.127043e-09   5.574576e-09   6.049380e+01 
5.725087e-01   8.605224e-02   2.563526e-06   2.795685e-08   4.129342e-09   5.367303e-09   6.060682e+01 
5.719656e-01   8.609991e-02   2.595895e-06   2.629719e-08   4.133438e-09   5.157039e-09   6.071983e+01 
5.714317e-01   8.614725e-02   2.628425e-06   2.466285e-08   4.135580e-09   4.907961e-09   6.083285e+01 
5.708850e-01   8.619440e-02   2.661684e-06   2.305069e-08   4.136101e-09   4.655908e-09   6.094586e+01 
5.703489e-01   8.624119e-02   2.695113e-06   2.146513e-08   4.135468e-09   4.376258e-09   6.105888e+01 
5.697985e-01   8.628781e-02   2.729326e-06   1.990338e-08   4.133212e-09   4.102917e-09   6.117189e+01 
5.692604e-01   8.633404e-02   2.763565e-06   1.837192e-08   4.134124e-09   3.806330e-09   6.128491e+01 
5.687061e-01   8.638011e-02   2.798708e-06   1.686756e-08   4.134540e-09   3.529530e-09   6.139792e+01 
5.681662e-01   8.642578e-02   2.833774e-06   1.539799e-08   4.137620e-09   3.240365e-09   6.151094e+01 
5.676076e-01   8.647125e-02   2.869857e-06   1.395837e-08   4.138812e-09   2.985197e-09   6.162395e+01 
5.670664e-01   8.651635e-02   2.905817e-06   1.255856e-08   4.142720e-09   2.717504e-09   6.173697e+01 
5.665034e-01   8.656119e-02   2.942831e-06   1.119057e-08   4.144530e-09   2.500485e-09   6.184998e+01 
5.659607e-01   8.660563e-02   2.979787e-06   9.869839e-09   4.149140e-09   2.262439e-09   6.196300e+01 
5.653935e-01   8.664979e-02   3.017799e-06   8.578750e-09   4.151505e-09   2.080911e-09   6.207601e+01 
5.648493e-01   8.669337e-02   3.055681e-06   7.347395e-09   4.156690e-09   1.872534e-09   6.218903e+01 
5.642778e-01   8.673669e-02   3.094881e-06   6.131478e-09   4.159862e-09   1.722824e-09   6.230204e+01 
5.637322e-01   8.677905e-02   3.133733e-06   5.003606e-09   4.165340e-09   1.518673e-09   6.241505e+01 
5.631568e-01   8.682083e-02   3.174232e-06   3.865395e-09   4.169632e-09   1.418267e-09   6.252807e+01 
5.626085e-01   8.686106e-02   3.214373e-06   2.852607e-09   4.174943e-09   1.182048e-09   6.264108e+01 
5.620368e-01   8.689910e-02   3.256235e-06   1.853012e-09   4.180971e-09   1.041104e-09   6.275410e+01 
5.614657e-01   8.693247e-02   3.298366e-06   9.882595e-10   4.185149e-09   8.378990e-10   6.286711e+01 
5.609858e-01   8.695669e-02   3.340597e-06   3.271557e-10   4.193814e-09   3.852896e-10   6.298013e+01 
5.602719e-01   8.694501e-02   3.385865e-06   1.908196e-17   4.197197e-09   -1.249001e-16   6.309314e+01 
