% The data presented here were obtained from a direct numerical simulation of a turbulent 
% boundary layer developing under a pressure gradient. All the data shown here are 
% not normalized. Please refer to the references below for rmore detailed information.
 
 
% We compute the boundary layer thickness using the method of Griffin et al. (2021). 
% The pressure-gradient parameters of beta_{ZS} and beta_i are computed as follows. 
% beta_{ZS}=(delta)/(rho U_{ZS}^2)(dp_e/dx) and beta_i = (nu/rho u_tau^3)(d p_w/dx) 
% where $delta$ is the boundary layer thickness, $U_{ZS}$ is the Zagorola-Smits velocity, 
% $p_e$ and $p_w$ are the pressure at the edge of boundary layer and wall, respectively. 
 
 
% Please check this report for rmore detailed information about the data: 
% Gungor, T. R., Gungor, A. G.., Maciel, Y. (2024). Datasets of  
% three non-equilibrium pressure gradient turbulent boundary layers.  
 
 
% Please cite this paper when referencing the data: 
% Gungor, T. R., Maciel, Y., & Gungor, A. G. (2022). 
% Energy transfer mechanisms in adverse pressure gradient turbulent boundary layers: 
% production and inter-component redistribution. Journal of Fluid Mechanics, 948, A5  
 
  
% ========================================================================================= 
% 	 	 	************ Position 6 of DNS22 ************ 
% ========================================================================================= 

% 	 Re_tau = 4.642702e+02 
% 	 Re_theta=5.674189e+03 
% 	 utau=9.160706e-03 
% 	 U_e=6.773878e-01 
% 	 theta=2.393307e+00 
% 	 delta_star=6.310468e+00 
% 	 delta=1.448018e+01 
%  	 x_pos=1.783781e+02 
% 	 H=2.636715e+00 
% 	 C_f=3.598843e-04 
% 	 nu=2.857143e-04 
% 	 beta_RC=2.666693e+01 
% 	 beta_i=1.964209e-01 
% 	 beta_ZS=8.698726e-02 
 
% ========================================================================================================== 
% 	 U   	   V   	   u2   	   v2   	   w2   	   uv   	   y        
% ========================================================================================================= 
6.747886e-04   2.147634e-08   1.346625e-06   5.788202e-11   1.398335e-06   -8.325143e-10   2.287286e-03 
1.560416e-03   1.138047e-07   6.906342e-06   1.525146e-09   7.135771e-06   -1.036005e-08   5.249328e-03 
2.668779e-03   3.281207e-07   1.900923e-05   1.172471e-08   1.951518e-05   -5.254907e-08   8.878786e-03 
4.013951e-03   7.285765e-07   3.989929e-05   5.237518e-08   4.057308e-05   -1.790555e-07   1.316846e-02 
5.607870e-03   1.392362e-06   7.180149e-05   1.705492e-07   7.190202e-05   -4.809224e-07   1.811128e-02 
7.459489e-03   2.409328e-06   1.168499e-04   4.494018e-07   1.143843e-04   -1.097535e-06   2.370030e-02 
9.572517e-03   3.880681e-06   1.768001e-04   1.015242e-06   1.681219e-04   -2.214778e-06   2.992870e-02 
1.194606e-02   5.916627e-06   2.527674e-04   2.038151e-06   2.324019e-04   -4.050172e-06   3.678981e-02 
1.457261e-02   8.633174e-06   3.451264e-04   3.725015e-06   3.058053e-04   -6.823235e-06   4.427706e-02 
1.743532e-02   1.214844e-05   4.533379e-04   6.305907e-06   3.863858e-04   -1.071907e-05   5.238400e-02 
2.050727e-02   1.657865e-05   5.758500e-04   1.001636e-05   4.719118e-04   -1.585515e-05   6.110430e-02 
2.375288e-02   2.203377e-05   7.101675e-04   1.507878e-05   5.601105e-04   -2.226186e-05   7.043171e-02 
2.713039e-02   2.861308e-05   8.530795e-04   2.168614e-05   6.488746e-04   -2.988119e-05   8.036013e-02 
3.059505e-02   3.640148e-05   1.000992e-03   2.998999e-05   7.364016e-04   -3.858172e-05   9.088354e-02 
3.410237e-02   4.546753e-05   1.150287e-03   4.009377e-05   8.212592e-04   -4.818322e-05   1.019960e-01 
3.761090e-02   5.586411e-05   1.297633e-03   5.205121e-05   9.023927e-04   -5.848367e-05   1.136918e-01 
4.108426e-02   6.763171e-05   1.440212e-03   6.586870e-05   9.790917e-04   -6.928283e-05   1.259652e-01 
4.449231e-02   8.080350e-05   1.575842e-03   8.151049e-05   1.050939e-03   -8.039938e-05   1.388106e-01 
4.781150e-02   9.540985e-05   1.702999e-03   9.890507e-05   1.117755e-03   -9.168041e-05   1.522225e-01 
5.102464e-02   1.114798e-04   1.820767e-03   1.179522e-04   1.179544e-03   -1.030046e-04   1.661954e-01 
5.412020e-02   1.290385e-04   1.928743e-03   1.385297e-04   1.236445e-03   -1.142814e-04   1.807240e-01 
5.709145e-02   1.481032e-04   2.026933e-03   1.605013e-04   1.288685e-03   -1.254491e-04   1.958032e-01 
5.993554e-02   1.686772e-04   2.115647e-03   1.837225e-04   1.336543e-03   -1.364715e-04   2.114276e-01 
6.265262e-02   1.907428e-04   2.195412e-03   2.080461e-04   1.380321e-03   -1.473345e-04   2.275923e-01 
6.524512e-02   2.142557e-04   2.266913e-03   2.333250e-04   1.420326e-03   -1.580419e-04   2.442923e-01 
6.771713e-02   2.391447e-04   2.330922e-03   2.594146e-04   1.456862e-03   -1.686089e-04   2.615227e-01 
7.007377e-02   2.653191e-04   2.388243e-03   2.861749e-04   1.490220e-03   -1.790550e-04   2.792786e-01 
7.232084e-02   2.926873e-04   2.439654e-03   3.134721e-04   1.520670e-03   -1.894007e-04   2.975553e-01 
7.446452e-02   3.211753e-04   2.485860e-03   3.411790e-04   1.548466e-03   -1.996650e-04   3.163481e-01 
7.651131e-02   3.507322e-04   2.527499e-03   3.691765e-04   1.573858e-03   -2.098657e-04   3.356524e-01 
7.846791e-02   3.813219e-04   2.565151e-03   3.973544e-04   1.597115e-03   -2.200204e-04   3.554638e-01 
8.034086e-02   4.129273e-04   2.599340e-03   4.256119e-04   1.618514e-03   -2.301482e-04   3.757776e-01 
8.213616e-02   4.455661e-04   2.630520e-03   4.538573e-04   1.638314e-03   -2.402671e-04   3.965896e-01 
8.385913e-02   4.793051e-04   2.659100e-03   4.820112e-04   1.656721e-03   -2.503900e-04   4.178954e-01 
8.551459e-02   5.142444e-04   2.685476e-03   5.100072e-04   1.673880e-03   -2.605184e-04   4.396908e-01 
8.710713e-02   5.504560e-04   2.710043e-03   5.377880e-04   1.689917e-03   -2.706456e-04   4.619715e-01 
8.864124e-02   5.879472e-04   2.733175e-03   5.653000e-04   1.704979e-03   -2.807681e-04   4.847335e-01 
9.012128e-02   6.266864e-04   2.755167e-03   5.924926e-04   1.719217e-03   -2.908900e-04   5.079727e-01 
9.155161e-02   6.666698e-04   2.776236e-03   6.193256e-04   1.732796e-03   -3.010237e-04   5.316850e-01 
9.293661e-02   7.079786e-04   2.796558e-03   6.457754e-04   1.745897e-03   -3.111865e-04   5.558666e-01 
9.428057e-02   7.507302e-04   2.816286e-03   6.718327e-04   1.758631e-03   -3.213916e-04   5.805136e-01 
9.558769e-02   7.950100e-04   2.835539e-03   6.975037e-04   1.770999e-03   -3.316406e-04   6.056221e-01 
9.686210e-02   8.408549e-04   2.854424e-03   7.228059e-04   1.782958e-03   -3.419320e-04   6.311883e-01 
9.810748e-02   8.881859e-04   2.873080e-03   7.477576e-04   1.794520e-03   -3.522759e-04   6.572085e-01 
9.932663e-02   9.367746e-04   2.891655e-03   7.723756e-04   1.805756e-03   -3.626893e-04   6.836791e-01 
1.005219e-01   9.863545e-04   2.910259e-03   7.966768e-04   1.816786e-03   -3.731879e-04   7.105965e-01 
1.016960e-01   1.036747e-03   2.928985e-03   8.206802e-04   1.827724e-03   -3.837820e-04   7.379571e-01 
1.028515e-01   1.087911e-03   2.947924e-03   8.444036e-04   1.838610e-03   -3.944707e-04   7.657573e-01 
1.039910e-01   1.139885e-03   2.967143e-03   8.678560e-04   1.849448e-03   -4.052432e-04   7.939938e-01 
1.051172e-01   1.192674e-03   2.986796e-03   8.910393e-04   1.860256e-03   -4.160967e-04   8.226631e-01 
1.062327e-01   1.246294e-03   3.007149e-03   9.139529e-04   1.871111e-03   -4.270345e-04   8.517619e-01 
1.073391e-01   1.300808e-03   3.028414e-03   9.365910e-04   1.882188e-03   -4.380468e-04   8.812869e-01 
1.084380e-01   1.356217e-03   3.050694e-03   9.589656e-04   1.893611e-03   -4.491278e-04   9.112347e-01 
1.095319e-01   1.412458e-03   3.074036e-03   9.811219e-04   1.905343e-03   -4.602864e-04   9.416021e-01 
1.106231e-01   1.469485e-03   3.098393e-03   1.003112e-03   1.917256e-03   -4.715430e-04   9.723861e-01 
1.117129e-01   1.527447e-03   3.123668e-03   1.024977e-03   1.929198e-03   -4.828919e-04   1.003583e+00 
1.128026e-01   1.586545e-03   3.149829e-03   1.046746e-03   1.941080e-03   -4.943070e-04   1.035191e+00 
1.138940e-01   1.646710e-03   3.176775e-03   1.068424e-03   1.952960e-03   -5.057835e-04   1.067206e+00 
1.149880e-01   1.707705e-03   3.204256e-03   1.089986e-03   1.964923e-03   -5.173318e-04   1.099625e+00 
1.160848e-01   1.769251e-03   3.232102e-03   1.111402e-03   1.977034e-03   -5.289599e-04   1.132445e+00 
1.171847e-01   1.831050e-03   3.260292e-03   1.132672e-03   1.989444e-03   -5.406474e-04   1.165663e+00 
1.182894e-01   1.892930e-03   3.288710e-03   1.153830e-03   2.002202e-03   -5.523385e-04   1.199277e+00 
1.194005e-01   1.955017e-03   3.317152e-03   1.174932e-03   2.015323e-03   -5.640161e-04   1.233283e+00 
1.205197e-01   2.017788e-03   3.345611e-03   1.196014e-03   2.028898e-03   -5.757300e-04   1.267679e+00 
1.216489e-01   2.081713e-03   3.374174e-03   1.217077e-03   2.042899e-03   -5.875211e-04   1.302462e+00 
1.227897e-01   2.146997e-03   3.402845e-03   1.238092e-03   2.057217e-03   -5.993975e-04   1.337629e+00 
1.239428e-01   2.213878e-03   3.431725e-03   1.258993e-03   2.071876e-03   -6.113616e-04   1.373178e+00 
1.251092e-01   2.282712e-03   3.461036e-03   1.279725e-03   2.086997e-03   -6.234003e-04   1.409105e+00 
1.262895e-01   2.353840e-03   3.490883e-03   1.300257e-03   2.102638e-03   -6.354912e-04   1.445409e+00 
1.274836e-01   2.427410e-03   3.521325e-03   1.320583e-03   2.118844e-03   -6.476157e-04   1.482086e+00 
1.286911e-01   2.503204e-03   3.552560e-03   1.340725e-03   2.135510e-03   -6.597547e-04   1.519134e+00 
1.299102e-01   2.580927e-03   3.584606e-03   1.360698e-03   2.152411e-03   -6.718789e-04   1.556551e+00 
1.311406e-01   2.660559e-03   3.617240e-03   1.380530e-03   2.169321e-03   -6.839667e-04   1.594334e+00 
1.323840e-01   2.741846e-03   3.650319e-03   1.400238e-03   2.186032e-03   -6.959969e-04   1.632480e+00 
1.336420e-01   2.824139e-03   3.683848e-03   1.419829e-03   2.202508e-03   -7.079921e-04   1.670987e+00 
1.349149e-01   2.907086e-03   3.717733e-03   1.439338e-03   2.218893e-03   -7.199687e-04   1.709852e+00 
1.362052e-01   2.990747e-03   3.751760e-03   1.458871e-03   2.235400e-03   -7.319822e-04   1.749074e+00 
1.375151e-01   3.075758e-03   3.786071e-03   1.478480e-03   2.252129e-03   -7.441209e-04   1.788650e+00 
1.388452e-01   3.162875e-03   3.821197e-03   1.498081e-03   2.269090e-03   -7.563609e-04   1.828577e+00 
1.401945e-01   3.252245e-03   3.857507e-03   1.517553e-03   2.286113e-03   -7.687071e-04   1.868854e+00 
1.415598e-01   3.343382e-03   3.894826e-03   1.536759e-03   2.303034e-03   -7.812382e-04   1.909477e+00 
1.429394e-01   3.435464e-03   3.932872e-03   1.555616e-03   2.320158e-03   -7.940591e-04   1.950446e+00 
1.443329e-01   3.527904e-03   3.971592e-03   1.574115e-03   2.337996e-03   -8.072714e-04   1.991756e+00 
1.457384e-01   3.620901e-03   4.010710e-03   1.592287e-03   2.356531e-03   -8.207450e-04   2.033407e+00 
1.471576e-01   3.714924e-03   4.049833e-03   1.610194e-03   2.375220e-03   -8.342290e-04   2.075396e+00 
1.485955e-01   3.810654e-03   4.088910e-03   1.627945e-03   2.393687e-03   -8.476001e-04   2.117722e+00 
1.500528e-01   3.908959e-03   4.128190e-03   1.645557e-03   2.412307e-03   -8.608453e-04   2.160380e+00 
1.515260e-01   4.010262e-03   4.167449e-03   1.662951e-03   2.431314e-03   -8.739760e-04   2.203371e+00 
1.530122e-01   4.114994e-03   4.206430e-03   1.680126e-03   2.450468e-03   -8.868863e-04   2.246692e+00 
1.545118e-01   4.222924e-03   4.245509e-03   1.697148e-03   2.469990e-03   -8.995711e-04   2.290340e+00 
1.560261e-01   4.332893e-03   4.285377e-03   1.714114e-03   2.490142e-03   -9.121806e-04   2.334314e+00 
1.575564e-01   4.443930e-03   4.326379e-03   1.731080e-03   2.510764e-03   -9.247726e-04   2.378611e+00 
1.591059e-01   4.555649e-03   4.368289e-03   1.748095e-03   2.531893e-03   -9.373535e-04   2.423230e+00 
1.606816e-01   4.668399e-03   4.410641e-03   1.765273e-03   2.553817e-03   -9.498625e-04   2.468169e+00 
1.622877e-01   4.782928e-03   4.452987e-03   1.782606e-03   2.576465e-03   -9.622097e-04   2.513426e+00 
1.639206e-01   4.899420e-03   4.495023e-03   1.799948e-03   2.599377e-03   -9.743633e-04   2.558998e+00 
1.655780e-01   5.017203e-03   4.536981e-03   1.817203e-03   2.622484e-03   -9.864546e-04   2.604885e+00 
1.672573e-01   5.135856e-03   4.578918e-03   1.834340e-03   2.645621e-03   -9.986925e-04   2.651084e+00 
1.689555e-01   5.255606e-03   4.620342e-03   1.851314e-03   2.668295e-03   -1.011046e-03   2.697593e+00 
1.706742e-01   5.376211e-03   4.660886e-03   1.868120e-03   2.690543e-03   -1.023577e-03   2.744410e+00 
1.724171e-01   5.497782e-03   4.700245e-03   1.884845e-03   2.712686e-03   -1.036232e-03   2.791535e+00 
1.741878e-01   5.620724e-03   4.738715e-03   1.901579e-03   2.735279e-03   -1.048748e-03   2.838964e+00 
1.759889e-01   5.745448e-03   4.776784e-03   1.918318e-03   2.759186e-03   -1.061030e-03   2.886696e+00 
1.778205e-01   5.872469e-03   4.815138e-03   1.935062e-03   2.784542e-03   -1.073098e-03   2.934729e+00 
1.796815e-01   6.001589e-03   4.853970e-03   1.951830e-03   2.810517e-03   -1.085145e-03   2.983063e+00 
1.815691e-01   6.132619e-03   4.892794e-03   1.968629e-03   2.836140e-03   -1.097223e-03   3.031694e+00 
1.834810e-01   6.264836e-03   4.932241e-03   1.985367e-03   2.861331e-03   -1.109323e-03   3.080621e+00 
1.854184e-01   6.397973e-03   4.973160e-03   2.001979e-03   2.886262e-03   -1.121527e-03   3.129843e+00 
1.873827e-01   6.532487e-03   5.015011e-03   2.018631e-03   2.910523e-03   -1.133837e-03   3.179358e+00 
1.893737e-01   6.668409e-03   5.057237e-03   2.035460e-03   2.934116e-03   -1.146330e-03   3.229164e+00 
1.913897e-01   6.806585e-03   5.099638e-03   2.052511e-03   2.957249e-03   -1.158789e-03   3.279260e+00 
1.934298e-01   6.947379e-03   5.141786e-03   2.069741e-03   2.980367e-03   -1.171025e-03   3.329644e+00 
1.954942e-01   7.090872e-03   5.183151e-03   2.087015e-03   3.004213e-03   -1.183001e-03   3.380315e+00 
1.975826e-01   7.237146e-03   5.223476e-03   2.104266e-03   3.028734e-03   -1.194613e-03   3.431270e+00 
1.996965e-01   7.385278e-03   5.262941e-03   2.121480e-03   3.053542e-03   -1.206204e-03   3.482509e+00 
2.018328e-01   7.534998e-03   5.302217e-03   2.138541e-03   3.078564e-03   -1.217889e-03   3.534029e+00 
2.039840e-01   7.686976e-03   5.341434e-03   2.155419e-03   3.103575e-03   -1.229493e-03   3.585830e+00 
2.061488e-01   7.841850e-03   5.379813e-03   2.172104e-03   3.128492e-03   -1.240851e-03   3.637910e+00 
2.083392e-01   7.999437e-03   5.417558e-03   2.188526e-03   3.153615e-03   -1.252095e-03   3.690267e+00 
2.105667e-01   8.159427e-03   5.456220e-03   2.204608e-03   3.178945e-03   -1.263453e-03   3.742900e+00 
2.128288e-01   8.321055e-03   5.497332e-03   2.220309e-03   3.203739e-03   -1.274931e-03   3.795807e+00 
2.151187e-01   8.484168e-03   5.540802e-03   2.235493e-03   3.228040e-03   -1.286557e-03   3.848987e+00 
2.174309e-01   8.648485e-03   5.585081e-03   2.250203e-03   3.252320e-03   -1.298256e-03   3.902439e+00 
2.197658e-01   8.813159e-03   5.629158e-03   2.264563e-03   3.276990e-03   -1.309821e-03   3.956161e+00 
2.221242e-01   8.978524e-03   5.673727e-03   2.278444e-03   3.302495e-03   -1.321236e-03   4.010151e+00 
2.245058e-01   9.145212e-03   5.718346e-03   2.291897e-03   3.328360e-03   -1.332430e-03   4.064409e+00 
2.269125e-01   9.314234e-03   5.761177e-03   2.305386e-03   3.354434e-03   -1.343409e-03   4.118932e+00 
2.293482e-01   9.486616e-03   5.802732e-03   2.319180e-03   3.380775e-03   -1.354143e-03   4.173720e+00 
2.318182e-01   9.662780e-03   5.843617e-03   2.333380e-03   3.407203e-03   -1.364752e-03   4.228772e+00 
2.343196e-01   9.842266e-03   5.883330e-03   2.347970e-03   3.433870e-03   -1.375395e-03   4.284085e+00 
2.368479e-01   1.002482e-02   5.922135e-03   2.362800e-03   3.460294e-03   -1.385901e-03   4.339659e+00 
2.394070e-01   1.021053e-02   5.960056e-03   2.377621e-03   3.486146e-03   -1.396253e-03   4.395492e+00 
2.420046e-01   1.039984e-02   5.996976e-03   2.392475e-03   3.511796e-03   -1.406519e-03   4.451583e+00 
2.446444e-01   1.059221e-02   6.034131e-03   2.407233e-03   3.537226e-03   -1.416874e-03   4.507931e+00 
2.473165e-01   1.078702e-02   6.072126e-03   2.421535e-03   3.562223e-03   -1.427384e-03   4.564534e+00 
2.500056e-01   1.098354e-02   6.110830e-03   2.435295e-03   3.586445e-03   -1.437953e-03   4.621391e+00 
2.527079e-01   1.118166e-02   6.149410e-03   2.448519e-03   3.610260e-03   -1.448516e-03   4.678501e+00 
2.554308e-01   1.138306e-02   6.186121e-03   2.461227e-03   3.633931e-03   -1.458524e-03   4.735863e+00 
2.581796e-01   1.158823e-02   6.221176e-03   2.473445e-03   3.657676e-03   -1.467667e-03   4.793475e+00 
2.609487e-01   1.179504e-02   6.254790e-03   2.485121e-03   3.680937e-03   -1.476419e-03   4.851337e+00 
2.637381e-01   1.200373e-02   6.286180e-03   2.496245e-03   3.703081e-03   -1.485061e-03   4.909446e+00 
2.665489e-01   1.221510e-02   6.315731e-03   2.506859e-03   3.725604e-03   -1.493613e-03   4.967802e+00 
2.693750e-01   1.242857e-02   6.344348e-03   2.517093e-03   3.748267e-03   -1.501843e-03   5.026404e+00 
2.722163e-01   1.264491e-02   6.372957e-03   2.527106e-03   3.769980e-03   -1.509380e-03   5.085251e+00 
2.750778e-01   1.286528e-02   6.401407e-03   2.536753e-03   3.790468e-03   -1.516151e-03   5.144340e+00 
2.779631e-01   1.308924e-02   6.429675e-03   2.545833e-03   3.809670e-03   -1.522341e-03   5.203672e+00 
2.808751e-01   1.331547e-02   6.457532e-03   2.554263e-03   3.828428e-03   -1.528249e-03   5.263245e+00 
2.838149e-01   1.354330e-02   6.484456e-03   2.562062e-03   3.846192e-03   -1.534024e-03   5.323058e+00 
2.867744e-01   1.377318e-02   6.509225e-03   2.569753e-03   3.861860e-03   -1.539606e-03   5.383109e+00 
2.897495e-01   1.400556e-02   6.532485e-03   2.577686e-03   3.875753e-03   -1.545349e-03   5.443399e+00 
2.927421e-01   1.424199e-02   6.555098e-03   2.585888e-03   3.888920e-03   -1.551122e-03   5.503925e+00 
2.957483e-01   1.448096e-02   6.577939e-03   2.593973e-03   3.901722e-03   -1.557002e-03   5.564686e+00 
2.987674e-01   1.472062e-02   6.600060e-03   2.601606e-03   3.914375e-03   -1.563034e-03   5.625682e+00 
3.018066e-01   1.496141e-02   6.620691e-03   2.608679e-03   3.926925e-03   -1.568833e-03   5.686911e+00 
3.048656e-01   1.520368e-02   6.640217e-03   2.615159e-03   3.939753e-03   -1.574527e-03   5.748373e+00 
3.079326e-01   1.544698e-02   6.657833e-03   2.620785e-03   3.952573e-03   -1.580001e-03   5.810065e+00 
3.110076e-01   1.569130e-02   6.673962e-03   2.625402e-03   3.964688e-03   -1.585061e-03   5.871988e+00 
3.140944e-01   1.593652e-02   6.691229e-03   2.628861e-03   3.975115e-03   -1.589729e-03   5.934140e+00 
3.171878e-01   1.618340e-02   6.709946e-03   2.631157e-03   3.984730e-03   -1.593663e-03   5.996521e+00 
3.202910e-01   1.643307e-02   6.729481e-03   2.633067e-03   3.993980e-03   -1.596686e-03   6.059128e+00 
3.234154e-01   1.668632e-02   6.748708e-03   2.635310e-03   4.001946e-03   -1.599373e-03   6.121962e+00 
3.265596e-01   1.694169e-02   6.766924e-03   2.637734e-03   4.008428e-03   -1.602195e-03   6.185021e+00 
3.297206e-01   1.719867e-02   6.784102e-03   2.640171e-03   4.014524e-03   -1.604994e-03   6.248304e+00 
3.328984e-01   1.745829e-02   6.799928e-03   2.642348e-03   4.020170e-03   -1.607230e-03   6.311810e+00 
3.360855e-01   1.772024e-02   6.814122e-03   2.644112e-03   4.025270e-03   -1.609018e-03   6.375539e+00 
3.392777e-01   1.798244e-02   6.826392e-03   2.645572e-03   4.029785e-03   -1.610910e-03   6.439489e+00 
3.424784e-01   1.824543e-02   6.836825e-03   2.646508e-03   4.033507e-03   -1.612580e-03   6.503658e+00 
3.456912e-01   1.851137e-02   6.844087e-03   2.646768e-03   4.035955e-03   -1.613905e-03   6.568048e+00 
3.489176e-01   1.878035e-02   6.848051e-03   2.646544e-03   4.038500e-03   -1.614870e-03   6.632656e+00 
3.521630e-01   1.905213e-02   6.849627e-03   2.646142e-03   4.042756e-03   -1.615518e-03   6.697481e+00 
3.554344e-01   1.932729e-02   6.848709e-03   2.645782e-03   4.047506e-03   -1.615931e-03   6.762523e+00 
3.587311e-01   1.960474e-02   6.845744e-03   2.645239e-03   4.051533e-03   -1.616407e-03   6.827781e+00 
3.620486e-01   1.988346e-02   6.843032e-03   2.644519e-03   4.054324e-03   -1.617100e-03   6.893253e+00 
3.653825e-01   2.016484e-02   6.839964e-03   2.643797e-03   4.056673e-03   -1.617098e-03   6.958940e+00 
3.687249e-01   2.044911e-02   6.834176e-03   2.642604e-03   4.059050e-03   -1.616108e-03   7.024839e+00 
3.720780e-01   2.073562e-02   6.826314e-03   2.640405e-03   4.061329e-03   -1.614223e-03   7.090950e+00 
3.754504e-01   2.102381e-02   6.817640e-03   2.637270e-03   4.062083e-03   -1.612185e-03   7.157273e+00 
3.788344e-01   2.131321e-02   6.807682e-03   2.633162e-03   4.059913e-03   -1.610314e-03   7.223806e+00 
3.822242e-01   2.160328e-02   6.796795e-03   2.628356e-03   4.055297e-03   -1.608175e-03   7.290548e+00 
3.856311e-01   2.189574e-02   6.785054e-03   2.623084e-03   4.049521e-03   -1.605500e-03   7.357499e+00 
3.890637e-01   2.219205e-02   6.771252e-03   2.617702e-03   4.041716e-03   -1.602412e-03   7.424658e+00 
3.925224e-01   2.249157e-02   6.754482e-03   2.611929e-03   4.032505e-03   -1.599278e-03   7.492024e+00 
3.960061e-01   2.279411e-02   6.735378e-03   2.605249e-03   4.024510e-03   -1.595793e-03   7.559596e+00 
3.995169e-01   2.309936e-02   6.713390e-03   2.597725e-03   4.016768e-03   -1.591868e-03   7.627374e+00 
4.030572e-01   2.340793e-02   6.688601e-03   2.589764e-03   4.008273e-03   -1.587688e-03   7.695355e+00 
4.066191e-01   2.371977e-02   6.661994e-03   2.581894e-03   3.998189e-03   -1.582894e-03   7.763540e+00 
4.101920e-01   2.403437e-02   6.634505e-03   2.574166e-03   3.985409e-03   -1.577471e-03   7.831929e+00 
4.137718e-01   2.435095e-02   6.606827e-03   2.566363e-03   3.969949e-03   -1.571760e-03   7.900519e+00 
4.173563e-01   2.466931e-02   6.578220e-03   2.557689e-03   3.952121e-03   -1.565578e-03   7.969311e+00 
4.209397e-01   2.498857e-02   6.548362e-03   2.548035e-03   3.933235e-03   -1.559162e-03   8.038303e+00 
4.245270e-01   2.530925e-02   6.517652e-03   2.537512e-03   3.914273e-03   -1.552600e-03   8.107494e+00 
4.281257e-01   2.563245e-02   6.488608e-03   2.526141e-03   3.895373e-03   -1.545458e-03   8.176885e+00 
4.317341e-01   2.595748e-02   6.459745e-03   2.513840e-03   3.877193e-03   -1.537831e-03   8.246474e+00 
4.353517e-01   2.628344e-02   6.428306e-03   2.501052e-03   3.858795e-03   -1.530066e-03   8.316260e+00 
4.389754e-01   2.661032e-02   6.393225e-03   2.488013e-03   3.837657e-03   -1.522368e-03   8.386243e+00 
4.426116e-01   2.693867e-02   6.354665e-03   2.474480e-03   3.814430e-03   -1.514672e-03   8.456421e+00 
4.462590e-01   2.726829e-02   6.315148e-03   2.460145e-03   3.790073e-03   -1.506828e-03   8.526795e+00 
4.499223e-01   2.760056e-02   6.273887e-03   2.445139e-03   3.764970e-03   -1.498080e-03   8.597363e+00 
4.536117e-01   2.793600e-02   6.229499e-03   2.429575e-03   3.739850e-03   -1.489099e-03   8.668125e+00 
4.573123e-01   2.827288e-02   6.183108e-03   2.413442e-03   3.713769e-03   -1.480003e-03   8.739080e+00 
4.610170e-01   2.861052e-02   6.137746e-03   2.396464e-03   3.686014e-03   -1.470192e-03   8.810226e+00 
4.647249e-01   2.894919e-02   6.093915e-03   2.378589e-03   3.657159e-03   -1.459804e-03   8.881564e+00 
4.684261e-01   2.928953e-02   6.048864e-03   2.360513e-03   3.627497e-03   -1.448814e-03   8.953094e+00 
4.721109e-01   2.962991e-02   6.002115e-03   2.342371e-03   3.596655e-03   -1.437432e-03   9.024812e+00 
4.757836e-01   2.997054e-02   5.952696e-03   2.323528e-03   3.563012e-03   -1.426008e-03   9.096720e+00 
4.794491e-01   3.031126e-02   5.900887e-03   2.303709e-03   3.527984e-03   -1.414493e-03   9.168818e+00 
4.831074e-01   3.065143e-02   5.847543e-03   2.282704e-03   3.494874e-03   -1.402794e-03   9.241103e+00 
4.867639e-01   3.099209e-02   5.793987e-03   2.260743e-03   3.462377e-03   -1.390491e-03   9.313575e+00 
4.904237e-01   3.133508e-02   5.738223e-03   2.237991e-03   3.428888e-03   -1.377267e-03   9.386233e+00 
4.940866e-01   3.167961e-02   5.680395e-03   2.214199e-03   3.393619e-03   -1.363390e-03   9.459078e+00 
4.977462e-01   3.202393e-02   5.622857e-03   2.189430e-03   3.356629e-03   -1.349351e-03   9.532108e+00 
5.013929e-01   3.236732e-02   5.565495e-03   2.163978e-03   3.317083e-03   -1.335468e-03   9.605323e+00 
5.050241e-01   3.271055e-02   5.508482e-03   2.137825e-03   3.275710e-03   -1.321314e-03   9.678721e+00 
5.086473e-01   3.305494e-02   5.451120e-03   2.111109e-03   3.233376e-03   -1.306754e-03   9.752303e+00 
5.122663e-01   3.340031e-02   5.393122e-03   2.084383e-03   3.190588e-03   -1.291899e-03   9.826067e+00 
5.158797e-01   3.374615e-02   5.332701e-03   2.057440e-03   3.147714e-03   -1.276784e-03   9.900013e+00 
5.194928e-01   3.409371e-02   5.269110e-03   2.029926e-03   3.104028e-03   -1.261107e-03   9.974140e+00 
5.231093e-01   3.444379e-02   5.203342e-03   2.001850e-03   3.059989e-03   -1.244519e-03   1.004845e+01 
5.267345e-01   3.479745e-02   5.133707e-03   1.973685e-03   3.015043e-03   -1.226730e-03   1.012294e+01 
5.303705e-01   3.515437e-02   5.059084e-03   1.945427e-03   2.968217e-03   -1.208244e-03   1.019760e+01 
5.340045e-01   3.551148e-02   4.982695e-03   1.916849e-03   2.918792e-03   -1.189874e-03   1.027245e+01 
5.376328e-01   3.586902e-02   4.905334e-03   1.888161e-03   2.867371e-03   -1.171364e-03   1.034747e+01 
5.412552e-01   3.622790e-02   4.825630e-03   1.859409e-03   2.815595e-03   -1.152533e-03   1.042268e+01 
5.448684e-01   3.658778e-02   4.743543e-03   1.830815e-03   2.761944e-03   -1.133419e-03   1.049806e+01 
5.484667e-01   3.694752e-02   4.659685e-03   1.802365e-03   2.706080e-03   -1.114077e-03   1.057361e+01 
5.520451e-01   3.730651e-02   4.574291e-03   1.773522e-03   2.648899e-03   -1.094406e-03   1.064934e+01 
5.556136e-01   3.766585e-02   4.489122e-03   1.743847e-03   2.591265e-03   -1.074208e-03   1.072525e+01 
5.591660e-01   3.802437e-02   4.404757e-03   1.713271e-03   2.532637e-03   -1.053865e-03   1.080133e+01 
5.626856e-01   3.837970e-02   4.319873e-03   1.682281e-03   2.473224e-03   -1.033937e-03   1.087758e+01 
5.661915e-01   3.873547e-02   4.232896e-03   1.651195e-03   2.413395e-03   -1.013566e-03   1.095401e+01 
5.696917e-01   3.909360e-02   4.144516e-03   1.619824e-03   2.354116e-03   -9.923485e-04   1.103061e+01 
5.731772e-01   3.945221e-02   4.056200e-03   1.588349e-03   2.295131e-03   -9.703460e-04   1.110738e+01 
5.766560e-01   3.981207e-02   3.966481e-03   1.556958e-03   2.235179e-03   -9.474960e-04   1.118433e+01 
5.801239e-01   4.017298e-02   3.875835e-03   1.525717e-03   2.175133e-03   -9.238854e-04   1.126144e+01 
5.835714e-01   4.053364e-02   3.784784e-03   1.494651e-03   2.115520e-03   -8.997161e-04   1.133873e+01 
5.869974e-01   4.089303e-02   3.692091e-03   1.463242e-03   2.055856e-03   -8.756258e-04   1.141618e+01 
5.904001e-01   4.125094e-02   3.596940e-03   1.431261e-03   1.995938e-03   -8.516654e-04   1.149381e+01 
5.937721e-01   4.160764e-02   3.498882e-03   1.398874e-03   1.936252e-03   -8.275954e-04   1.157160e+01 
5.971124e-01   4.196249e-02   3.398607e-03   1.366108e-03   1.876099e-03   -8.034314e-04   1.164956e+01 
6.004195e-01   4.231467e-02   3.298146e-03   1.332761e-03   1.815061e-03   -7.793510e-04   1.172769e+01 
6.036878e-01   4.266419e-02   3.198349e-03   1.298937e-03   1.753664e-03   -7.551534e-04   1.180599e+01 
6.069212e-01   4.301145e-02   3.099154e-03   1.264803e-03   1.692588e-03   -7.309257e-04   1.188445e+01 
6.101228e-01   4.335684e-02   3.000207e-03   1.230429e-03   1.632277e-03   -7.066291e-04   1.196308e+01 
6.132896e-01   4.370063e-02   2.900756e-03   1.196077e-03   1.571064e-03   -6.820946e-04   1.204188e+01 
6.164200e-01   4.404247e-02   2.800732e-03   1.161804e-03   1.509334e-03   -6.573747e-04   1.212084e+01 
6.195091e-01   4.438164e-02   2.700325e-03   1.127492e-03   1.448252e-03   -6.326255e-04   1.219996e+01 
6.225498e-01   4.471742e-02   2.598830e-03   1.093180e-03   1.387338e-03   -6.079828e-04   1.227925e+01 
6.255427e-01   4.505002e-02   2.496040e-03   1.058838e-03   1.327186e-03   -5.834084e-04   1.235870e+01 
6.284805e-01   4.537808e-02   2.393633e-03   1.024480e-03   1.267752e-03   -5.591699e-04   1.243832e+01 
6.313616e-01   4.570138e-02   2.291754e-03   9.903510e-04   1.209011e-03   -5.353268e-04   1.251809e+01 
6.341831e-01   4.601965e-02   2.190806e-03   9.566691e-04   1.150688e-03   -5.120153e-04   1.259803e+01 
6.369370e-01   4.633233e-02   2.091480e-03   9.235044e-04   1.092809e-03   -4.890409e-04   1.267813e+01 
6.396268e-01   4.664037e-02   1.992579e-03   8.909680e-04   1.035944e-03   -4.662356e-04   1.275839e+01 
6.422505e-01   4.694329e-02   1.894039e-03   8.590968e-04   9.799573e-04   -4.438139e-04   1.283881e+01 
6.448080e-01   4.724124e-02   1.796123e-03   8.278056e-04   9.253458e-04   -4.216331e-04   1.291940e+01 
6.473023e-01   4.753460e-02   1.698645e-03   7.969138e-04   8.724293e-04   -3.996369e-04   1.300014e+01 
6.497288e-01   4.782286e-02   1.601685e-03   7.664139e-04   8.209279e-04   -3.779132e-04   1.308103e+01 
6.520825e-01   4.810544e-02   1.505818e-03   7.364330e-04   7.707188e-04   -3.565063e-04   1.316209e+01 
6.543577e-01   4.838095e-02   1.412143e-03   7.068113e-04   7.222869e-04   -3.357111e-04   1.324331e+01 
6.565499e-01   4.864906e-02   1.320797e-03   6.775987e-04   6.755782e-04   -3.155613e-04   1.332468e+01 
6.586569e-01   4.890987e-02   1.231897e-03   6.488602e-04   6.305671e-04   -2.959565e-04   1.340621e+01 
6.606754e-01   4.916297e-02   1.145791e-03   6.205431e-04   5.874832e-04   -2.769531e-04   1.348790e+01 
6.626013e-01   4.940806e-02   1.062449e-03   5.926906e-04   5.467066e-04   -2.586294e-04   1.356974e+01 
6.644286e-01   4.964443e-02   9.822759e-04   5.653033e-04   5.083485e-04   -2.410267e-04   1.365174e+01 
6.661586e-01   4.987235e-02   9.056002e-04   5.383633e-04   4.717497e-04   -2.239863e-04   1.373390e+01 
6.677939e-01   5.009214e-02   8.323726e-04   5.119891e-04   4.366363e-04   -2.075446e-04   1.381620e+01 
6.693318e-01   5.030332e-02   7.627102e-04   4.862091e-04   4.030967e-04   -1.918407e-04   1.389866e+01 
6.707725e-01   5.050605e-02   6.963121e-04   4.610771e-04   3.711652e-04   -1.768005e-04   1.398128e+01 
6.721150e-01   5.070017e-02   6.334062e-04   4.366029e-04   3.407521e-04   -1.624429e-04   1.406405e+01 
6.733598e-01   5.088572e-02   5.743905e-04   4.128782e-04   3.118038e-04   -1.487611e-04   1.414697e+01 
6.745082e-01   5.106302e-02   5.195041e-04   3.900700e-04   2.845829e-04   -1.356585e-04   1.423005e+01 
6.755582e-01   5.123154e-02   4.691314e-04   3.681492e-04   2.592507e-04   -1.232958e-04   1.431327e+01 
6.765151e-01   5.139138e-02   4.231368e-04   3.469489e-04   2.361155e-04   -1.117299e-04   1.439665e+01 
6.773878e-01   5.154365e-02   3.810093e-04   3.265174e-04   2.149570e-04   -1.007922e-04   1.448018e+01 
6.781797e-01   5.168857e-02   3.426800e-04   3.069679e-04   1.950896e-04   -9.053266e-05   1.456386e+01 
6.788920e-01   5.182592e-02   3.079892e-04   2.882958e-04   1.765933e-04   -8.111162e-05   1.464769e+01 
6.795287e-01   5.195597e-02   2.766126e-04   2.704585e-04   1.595766e-04   -7.254466e-05   1.473166e+01 
6.800941e-01   5.207914e-02   2.485506e-04   2.534256e-04   1.440731e-04   -6.477040e-05   1.481579e+01 
6.805924e-01   5.219606e-02   2.236879e-04   2.372410e-04   1.300002e-04   -5.762876e-05   1.490007e+01 
6.810283e-01   5.230728e-02   2.014291e-04   2.219429e-04   1.172017e-04   -5.107873e-05   1.498450e+01 
6.814052e-01   5.241295e-02   1.815302e-04   2.074936e-04   1.055384e-04   -4.517723e-05   1.506907e+01 
6.817270e-01   5.251342e-02   1.640324e-04   1.938623e-04   9.486696e-05   -3.986103e-05   1.515379e+01 
6.819990e-01   5.260915e-02   1.486756e-04   1.810291e-04   8.513169e-05   -3.511915e-05   1.523866e+01 
6.822262e-01   5.270075e-02   1.349860e-04   1.690153e-04   7.641329e-05   -3.086891e-05   1.532367e+01 
6.824120e-01   5.278856e-02   1.229265e-04   1.577524e-04   6.867893e-05   -2.704720e-05   1.540883e+01 
6.825619e-01   5.287315e-02   1.123243e-04   1.472193e-04   6.179816e-05   -2.356583e-05   1.549414e+01 
6.826812e-01   5.295509e-02   1.030263e-04   1.374174e-04   5.568915e-05   -2.036942e-05   1.557959e+01 
6.827719e-01   5.303441e-02   9.488817e-05   1.282834e-04   5.027100e-05   -1.753238e-05   1.566519e+01 
6.828371e-01   5.311141e-02   8.759084e-05   1.198138e-04   4.542609e-05   -1.504038e-05   1.575094e+01 
6.828803e-01   5.318644e-02   8.106618e-05   1.119841e-04   4.109486e-05   -1.286330e-05   1.583682e+01 
6.829035e-01   5.325952e-02   7.530407e-05   1.047198e-04   3.720220e-05   -1.104463e-05   1.592285e+01 
6.829085e-01   5.333090e-02   7.015269e-05   9.799719e-05   3.372416e-05   -9.528737e-06   1.600903e+01 
6.828984e-01   5.340100e-02   6.550097e-05   9.178994e-05   3.065351e-05   -8.219720e-06   1.609534e+01 
6.828759e-01   5.347004e-02   6.134060e-05   8.604272e-05   2.792938e-05   -7.088896e-06   1.618180e+01 
6.828429e-01   5.353817e-02   5.765296e-05   8.072185e-05   2.551476e-05   -6.126413e-06   1.626841e+01 
6.828014e-01   5.360563e-02   5.433337e-05   7.582764e-05   2.338180e-05   -5.288034e-06   1.635515e+01 
6.827529e-01   5.367256e-02   5.129343e-05   7.132241e-05   2.150717e-05   -4.566748e-06   1.644204e+01 
6.826978e-01   5.373897e-02   4.850177e-05   6.716816e-05   1.985666e-05   -3.964137e-06   1.652906e+01 
6.826370e-01   5.380497e-02   4.589494e-05   6.334858e-05   1.836431e-05   -3.457739e-06   1.661623e+01 
6.825715e-01   5.387066e-02   4.347553e-05   5.983683e-05   1.700739e-05   -3.017564e-06   1.670354e+01 
6.825022e-01   5.393612e-02   4.126843e-05   5.660953e-05   1.576279e-05   -2.634349e-06   1.679099e+01 
6.824293e-01   5.400137e-02   3.927621e-05   5.363472e-05   1.463776e-05   -2.309794e-06   1.687858e+01 
6.823534e-01   5.406646e-02   3.747467e-05   5.088285e-05   1.361984e-05   -2.033895e-06   1.696630e+01 
6.822750e-01   5.413147e-02   3.581562e-05   4.833966e-05   1.271416e-05   -1.797361e-06   1.705417e+01 
6.821940e-01   5.419636e-02   3.425910e-05   4.598084e-05   1.191207e-05   -1.614123e-06   1.714217e+01 
6.821107e-01   5.426119e-02   3.279219e-05   4.379189e-05   1.119585e-05   -1.464173e-06   1.723032e+01 
6.820259e-01   5.432605e-02   3.140175e-05   4.176101e-05   1.055161e-05   -1.326725e-06   1.731860e+01 
6.819397e-01   5.439094e-02   3.008504e-05   3.986708e-05   9.955203e-06   -1.208333e-06   1.740702e+01 
6.818523e-01   5.445589e-02   2.883909e-05   3.810223e-05   9.408595e-06   -1.102523e-06   1.749557e+01 
6.817640e-01   5.452089e-02   2.767721e-05   3.645316e-05   8.912934e-06   -1.007616e-06   1.758426e+01 
6.816747e-01   5.458596e-02   2.658202e-05   3.491146e-05   8.473255e-06   -9.261614e-07   1.767309e+01 
6.815844e-01   5.465108e-02   2.554792e-05   3.346731e-05   8.064118e-06   -8.539074e-07   1.776206e+01 
6.814934e-01   5.471628e-02   2.457790e-05   3.210929e-05   7.682134e-06   -7.831880e-07   1.785116e+01 
6.814017e-01   5.478159e-02   2.365458e-05   3.082793e-05   7.342488e-06   -7.099341e-07   1.794039e+01 
6.813093e-01   5.484698e-02   2.278373e-05   2.961886e-05   7.013457e-06   -6.430351e-07   1.802977e+01 
6.812161e-01   5.491242e-02   2.197357e-05   2.847680e-05   6.684103e-06   -5.887453e-07   1.811927e+01 
6.811221e-01   5.497794e-02   2.120965e-05   2.740051e-05   6.372923e-06   -5.389071e-07   1.820891e+01 
6.810276e-01   5.504356e-02   2.047563e-05   2.638754e-05   6.082630e-06   -4.890380e-07   1.829868e+01 
6.809323e-01   5.510927e-02   1.977495e-05   2.542869e-05   5.809319e-06   -4.443880e-07   1.838859e+01 
6.808364e-01   5.517505e-02   1.911266e-05   2.451857e-05   5.557303e-06   -4.046527e-07   1.847863e+01 
6.807397e-01   5.524092e-02   1.848530e-05   2.365364e-05   5.326787e-06   -3.708618e-07   1.856880e+01 
6.806425e-01   5.530687e-02   1.788454e-05   2.283129e-05   5.111640e-06   -3.455467e-07   1.865911e+01 
6.805446e-01   5.537292e-02   1.730899e-05   2.205102e-05   4.908876e-06   -3.241151e-07   1.874955e+01 
6.804461e-01   5.543906e-02   1.675960e-05   2.131003e-05   4.717548e-06   -3.032746e-07   1.884012e+01 
6.803470e-01   5.550530e-02   1.623543e-05   2.060416e-05   4.536561e-06   -2.828961e-07   1.893082e+01 
6.802473e-01   5.557164e-02   1.573492e-05   1.993031e-05   4.365056e-06   -2.631171e-07   1.902166e+01 
6.801470e-01   5.563806e-02   1.525574e-05   1.928628e-05   4.202361e-06   -2.449535e-07   1.911262e+01 
6.800460e-01   5.570458e-02   1.479577e-05   1.867034e-05   4.047730e-06   -2.284671e-07   1.920371e+01 
6.799443e-01   5.577118e-02   1.435563e-05   1.808092e-05   3.900582e-06   -2.125606e-07   1.929494e+01 
6.798419e-01   5.583786e-02   1.393419e-05   1.751635e-05   3.760443e-06   -1.970349e-07   1.938630e+01 
6.797388e-01   5.590463e-02   1.352991e-05   1.697511e-05   3.626846e-06   -1.821226e-07   1.947778e+01 
6.796349e-01   5.597148e-02   1.314171e-05   1.645595e-05   3.499331e-06   -1.677681e-07   1.956939e+01 
6.795302e-01   5.603840e-02   1.276886e-05   1.595770e-05   3.377463e-06   -1.537977e-07   1.966114e+01 
6.794247e-01   5.610540e-02   1.241056e-05   1.547932e-05   3.260875e-06   -1.401258e-07   1.975301e+01 
6.793184e-01   5.617247e-02   1.206592e-05   1.501979e-05   3.149284e-06   -1.267963e-07   1.984501e+01 
6.792112e-01   5.623961e-02   1.173419e-05   1.457819e-05   3.042466e-06   -1.139558e-07   1.993714e+01 
6.791031e-01   5.630682e-02   1.141472e-05   1.415356e-05   2.940195e-06   -1.017172e-07   2.002940e+01 
6.789942e-01   5.637409e-02   1.110689e-05   1.374504e-05   2.842244e-06   -9.004140e-08   2.012178e+01 
6.788844e-01   5.644144e-02   1.081012e-05   1.335182e-05   2.748373e-06   -7.884994e-08   2.021429e+01 
6.787737e-01   5.650886e-02   1.052388e-05   1.297316e-05   2.658356e-06   -6.812113e-08   2.030693e+01 
6.786622e-01   5.657634e-02   1.024767e-05   1.260836e-05   2.571991e-06   -5.783079e-08   2.039969e+01 
6.785499e-01   5.664389e-02   9.981039e-06   1.225676e-05   2.489085e-06   -4.797153e-08   2.049258e+01 
6.784367e-01   5.671152e-02   9.723551e-06   1.191777e-05   2.409465e-06   -3.851257e-08   2.058560e+01 
6.783227e-01   5.677921e-02   9.474824e-06   1.159081e-05   2.332966e-06   -2.943356e-08   2.067874e+01 
6.782079e-01   5.684697e-02   9.234480e-06   1.127534e-05   2.259435e-06   -2.071493e-08   2.077201e+01 
6.780923e-01   5.691480e-02   9.002174e-06   1.097086e-05   2.188730e-06   -1.233532e-08   2.086540e+01 
6.779758e-01   5.698270e-02   8.777546e-06   1.067689e-05   2.120713e-06   -4.277873e-09   2.095892e+01 
6.778586e-01   5.705067e-02   8.560290e-06   1.039297e-05   2.055259e-06   3.462129e-09   2.105257e+01 
6.777405e-01   5.711871e-02   8.350088e-06   1.011868e-05   1.992250e-06   1.090632e-08   2.114633e+01 
6.776216e-01   5.718682e-02   8.146643e-06   9.853608e-06   1.931571e-06   1.805854e-08   2.124022e+01 
6.775020e-01   5.725500e-02   7.949676e-06   9.597376e-06   1.873116e-06   2.493381e-08   2.133424e+01 
6.773816e-01   5.732325e-02   7.758926e-06   9.349619e-06   1.816788e-06   3.153804e-08   2.142837e+01 
6.772604e-01   5.739157e-02   7.574145e-06   9.109989e-06   1.762489e-06   3.788594e-08   2.152264e+01 
6.771384e-01   5.745997e-02   7.395088e-06   8.878162e-06   1.710132e-06   4.398440e-08   2.161702e+01 
6.770157e-01   5.752843e-02   7.221553e-06   8.653825e-06   1.659632e-06   4.984764e-08   2.171152e+01 
6.768922e-01   5.759697e-02   7.053320e-06   8.436678e-06   1.610907e-06   5.549114e-08   2.180615e+01 
6.767680e-01   5.766558e-02   6.890203e-06   8.226445e-06   1.563885e-06   6.092380e-08   2.190090e+01 
6.766431e-01   5.773426e-02   6.732012e-06   8.022854e-06   1.518491e-06   6.615945e-08   2.199577e+01 
6.765174e-01   5.780301e-02   6.578576e-06   7.825656e-06   1.474660e-06   7.120827e-08   2.209077e+01 
6.763910e-01   5.787183e-02   6.429717e-06   7.634598e-06   1.432326e-06   7.608341e-08   2.218588e+01 
6.762639e-01   5.794073e-02   6.285287e-06   7.449454e-06   1.391427e-06   8.079345e-08   2.228112e+01 
6.761361e-01   5.800970e-02   6.145118e-06   7.270000e-06   1.351906e-06   8.534866e-08   2.237647e+01 
6.760075e-01   5.807874e-02   6.009061e-06   7.096022e-06   1.313706e-06   8.975310e-08   2.247195e+01 
6.758782e-01   5.814785e-02   5.876965e-06   6.927318e-06   1.276775e-06   9.401398e-08   2.256755e+01 
6.757482e-01   5.821702e-02   5.748693e-06   6.763698e-06   1.241063e-06   9.813503e-08   2.266326e+01 
6.756174e-01   5.828627e-02   5.624101e-06   6.604974e-06   1.206522e-06   1.021211e-07   2.275910e+01 
6.754859e-01   5.835559e-02   5.503051e-06   6.450963e-06   1.173105e-06   1.059744e-07   2.285505e+01 
6.753536e-01   5.842498e-02   5.385422e-06   6.301504e-06   1.140771e-06   1.096917e-07   2.295112e+01 
6.752206e-01   5.849443e-02   5.271078e-06   6.156429e-06   1.109475e-06   1.132821e-07   2.304732e+01 
6.750869e-01   5.856395e-02   5.159909e-06   6.015585e-06   1.079180e-06   1.167441e-07   2.314363e+01 
6.749525e-01   5.863354e-02   5.051804e-06   5.878824e-06   1.049848e-06   1.200795e-07   2.324006e+01 
6.748174e-01   5.870320e-02   4.946650e-06   5.746002e-06   1.021441e-06   1.232954e-07   2.333660e+01 
6.746815e-01   5.877293e-02   4.844352e-06   5.616983e-06   9.939262e-07   1.263948e-07   2.343327e+01 
6.745450e-01   5.884273e-02   4.744829e-06   5.491639e-06   9.672702e-07   1.293864e-07   2.353005e+01 
6.744077e-01   5.891260e-02   4.647998e-06   5.369842e-06   9.414407e-07   1.322812e-07   2.362695e+01 
6.742697e-01   5.898253e-02   4.553785e-06   5.251476e-06   9.164084e-07   1.350884e-07   2.372396e+01 
6.741310e-01   5.905253e-02   4.462120e-06   5.136426e-06   8.921443e-07   1.378196e-07   2.382110e+01 
6.739916e-01   5.912260e-02   4.372946e-06   5.024581e-06   8.686205e-07   1.404900e-07   2.391835e+01 
6.738515e-01   5.919273e-02   4.286197e-06   4.915833e-06   8.458107e-07   1.431092e-07   2.401571e+01 
6.737105e-01   5.926292e-02   4.201809e-06   4.810085e-06   8.236903e-07   1.456891e-07   2.411319e+01 
6.735688e-01   5.933317e-02   4.119730e-06   4.707236e-06   8.022345e-07   1.482372e-07   2.421079e+01 
6.734262e-01   5.940348e-02   4.039879e-06   4.607187e-06   7.814200e-07   1.507599e-07   2.430850e+01 
6.732827e-01   5.947383e-02   3.962193e-06   4.509852e-06   7.612252e-07   1.532570e-07   2.440633e+01 
6.731383e-01   5.954423e-02   3.886595e-06   4.415140e-06   7.416285e-07   1.557236e-07   2.450427e+01 
6.729930e-01   5.961468e-02   3.813002e-06   4.322962e-06   7.226095e-07   1.581581e-07   2.460233e+01 
6.728467e-01   5.968516e-02   3.741338e-06   4.233237e-06   7.041485e-07   1.605486e-07   2.470050e+01 
6.726994e-01   5.975569e-02   3.671509e-06   4.145886e-06   6.862270e-07   1.628833e-07   2.479878e+01 
6.725511e-01   5.982625e-02   3.603440e-06   4.060829e-06   6.688260e-07   1.651493e-07   2.489718e+01 
6.724018e-01   5.989685e-02   3.537036e-06   3.977993e-06   6.519287e-07   1.673332e-07   2.499570e+01 
6.722515e-01   5.996749e-02   3.472219e-06   3.897304e-06   6.355179e-07   1.694201e-07   2.509432e+01 
6.721002e-01   6.003817e-02   3.408899e-06   3.818695e-06   6.195772e-07   1.713889e-07   2.519306e+01 
6.719480e-01   6.010889e-02   3.347003e-06   3.742099e-06   6.040909e-07   1.732286e-07   2.529191e+01 
6.717950e-01   6.017966e-02   3.286457e-06   3.667452e-06   5.890439e-07   1.749263e-07   2.539088e+01 
6.716411e-01   6.025048e-02   3.227193e-06   3.594698e-06   5.744219e-07   1.764717e-07   2.548996e+01 
6.714866e-01   6.032136e-02   3.169164e-06   3.523773e-06   5.602102e-07   1.778588e-07   2.558915e+01 
6.713313e-01   6.039231e-02   3.112329e-06   3.454629e-06   5.463956e-07   1.790917e-07   2.568845e+01 
6.711756e-01   6.046333e-02   3.056662e-06   3.387213e-06   5.329651e-07   1.801775e-07   2.578787e+01 
6.710193e-01   6.053443e-02   3.002155e-06   3.321475e-06   5.199059e-07   1.811357e-07   2.588739e+01 
6.708626e-01   6.060561e-02   2.948817e-06   3.257373e-06   5.072064e-07   1.819854e-07   2.598703e+01 
6.707055e-01   6.067689e-02   2.896662e-06   3.194860e-06   4.948546e-07   1.827591e-07   2.608678e+01 
6.705481e-01   6.074825e-02   2.845711e-06   3.133898e-06   4.828399e-07   1.834872e-07   2.618663e+01 
6.703903e-01   6.081971e-02   2.795990e-06   3.074446e-06   4.711518e-07   1.842038e-07   2.628660e+01 
6.702321e-01   6.089125e-02   2.747521e-06   3.016462e-06   4.597801e-07   1.849408e-07   2.638668e+01 
6.700735e-01   6.096288e-02   2.700312e-06   2.959910e-06   4.487154e-07   1.857220e-07   2.648688e+01 
6.699144e-01   6.103458e-02   2.654363e-06   2.904746e-06   4.379482e-07   1.865652e-07   2.658718e+01 
6.697546e-01   6.110634e-02   2.609655e-06   2.850937e-06   4.274699e-07   1.874814e-07   2.668759e+01 
6.695941e-01   6.117817e-02   2.566159e-06   2.798436e-06   4.172718e-07   1.884701e-07   2.678811e+01 
6.694328e-01   6.125004e-02   2.523822e-06   2.747207e-06   4.073455e-07   1.895227e-07   2.688874e+01 
6.692705e-01   6.132195e-02   2.482592e-06   2.697210e-06   3.976833e-07   1.906229e-07   2.698947e+01 
6.691073e-01   6.139388e-02   2.442404e-06   2.648404e-06   3.882772e-07   1.917538e-07   2.709032e+01 
6.689431e-01   6.146585e-02   2.403192e-06   2.600753e-06   3.791197e-07   1.928940e-07   2.719128e+01 
6.687777e-01   6.153783e-02   2.364901e-06   2.554220e-06   3.702031e-07   1.940244e-07   2.729234e+01 
6.686112e-01   6.160983e-02   2.327471e-06   2.508770e-06   3.615207e-07   1.951273e-07   2.739351e+01 
6.684436e-01   6.168184e-02   2.290859e-06   2.464372e-06   3.530653e-07   1.961928e-07   2.749479e+01 
6.682749e-01   6.175388e-02   2.255030e-06   2.420995e-06   3.448303e-07   1.972093e-07   2.759618e+01 
6.681051e-01   6.182592e-02   2.219948e-06   2.378609e-06   3.368091e-07   1.981743e-07   2.769768e+01 
6.679342e-01   6.189799e-02   2.185594e-06   2.337187e-06   3.289955e-07   1.990854e-07   2.779928e+01 
6.677622e-01   6.197007e-02   2.151949e-06   2.296706e-06   3.213833e-07   1.999445e-07   2.790099e+01 
6.675891e-01   6.204218e-02   2.119001e-06   2.257135e-06   3.139667e-07   2.007552e-07   2.800281e+01 
6.674150e-01   6.211430e-02   2.086731e-06   2.218455e-06   3.067399e-07   2.015195e-07   2.810474e+01 
6.672399e-01   6.218645e-02   2.055131e-06   2.180640e-06   2.996976e-07   2.022429e-07   2.820677e+01 
6.670637e-01   6.225862e-02   2.024182e-06   2.143670e-06   2.928344e-07   2.029263e-07   2.830890e+01 
6.668865e-01   6.233081e-02   1.993870e-06   2.107519e-06   2.861451e-07   2.035722e-07   2.841115e+01 
6.667083e-01   6.240302e-02   1.964186e-06   2.072170e-06   2.796249e-07   2.041832e-07   2.851350e+01 
6.665291e-01   6.247525e-02   1.935115e-06   2.037599e-06   2.732689e-07   2.047630e-07   2.861595e+01 
6.663489e-01   6.254751e-02   1.906639e-06   2.003787e-06   2.670724e-07   2.053094e-07   2.871852e+01 
6.661676e-01   6.261979e-02   1.878750e-06   1.970713e-06   2.610310e-07   2.058282e-07   2.882118e+01 
6.659854e-01   6.269209e-02   1.851432e-06   1.938360e-06   2.551403e-07   2.063175e-07   2.892395e+01 
6.658022e-01   6.276441e-02   1.824673e-06   1.906708e-06   2.493962e-07   2.067783e-07   2.902683e+01 
6.656179e-01   6.283675e-02   1.798457e-06   1.875739e-06   2.437945e-07   2.072142e-07   2.912981e+01 
6.654327e-01   6.290911e-02   1.772774e-06   1.845436e-06   2.383313e-07   2.076230e-07   2.923290e+01 
6.652464e-01   6.298149e-02   1.747613e-06   1.815780e-06   2.330028e-07   2.080069e-07   2.933609e+01 
6.650592e-01   6.305389e-02   1.722956e-06   1.786757e-06   2.278052e-07   2.083658e-07   2.943938e+01 
6.648709e-01   6.312631e-02   1.698801e-06   1.758351e-06   2.227351e-07   2.087018e-07   2.954278e+01 
6.646817e-01   6.319875e-02   1.675126e-06   1.730544e-06   2.177887e-07   2.090140e-07   2.964628e+01 
6.644914e-01   6.327121e-02   1.651928e-06   1.703324e-06   2.129631e-07   2.093042e-07   2.974989e+01 
6.643001e-01   6.334368e-02   1.629194e-06   1.676673e-06   2.082546e-07   2.095729e-07   2.985360e+01 
6.641078e-01   6.341617e-02   1.606910e-06   1.650579e-06   2.036603e-07   2.098193e-07   2.995741e+01 
6.639145e-01   6.348868e-02   1.585067e-06   1.625027e-06   1.991770e-07   2.100447e-07   3.006132e+01 
6.637202e-01   6.356120e-02   1.563656e-06   1.600003e-06   1.948018e-07   2.102498e-07   3.016534e+01 
6.635249e-01   6.363374e-02   1.542665e-06   1.575496e-06   1.905317e-07   2.104352e-07   3.026946e+01 
6.633286e-01   6.370629e-02   1.522088e-06   1.551491e-06   1.863641e-07   2.106002e-07   3.037369e+01 
6.631312e-01   6.377886e-02   1.501914e-06   1.527976e-06   1.822960e-07   2.107464e-07   3.047801e+01 
6.629329e-01   6.385144e-02   1.482135e-06   1.504941e-06   1.783250e-07   2.108740e-07   3.058244e+01 
6.627335e-01   6.392403e-02   1.462742e-06   1.482372e-06   1.744485e-07   2.109828e-07   3.068697e+01 
6.625331e-01   6.399663e-02   1.443729e-06   1.460259e-06   1.706640e-07   2.110742e-07   3.079160e+01 
6.623316e-01   6.406925e-02   1.425083e-06   1.438589e-06   1.669690e-07   2.111468e-07   3.089633e+01 
6.621292e-01   6.414188e-02   1.406802e-06   1.417353e-06   1.633613e-07   2.112024e-07   3.100117e+01 
6.619257e-01   6.421452e-02   1.388871e-06   1.396540e-06   1.598385e-07   2.112413e-07   3.110610e+01 
6.617212e-01   6.428716e-02   1.371290e-06   1.376140e-06   1.563986e-07   2.112625e-07   3.121113e+01 
6.615156e-01   6.435982e-02   1.354045e-06   1.356143e-06   1.530392e-07   2.112689e-07   3.131627e+01 
6.613090e-01   6.443248e-02   1.337136e-06   1.336541e-06   1.497584e-07   2.112577e-07   3.142151e+01 
6.611014e-01   6.450516e-02   1.320550e-06   1.317321e-06   1.465541e-07   2.112310e-07   3.152685e+01 
6.608927e-01   6.457783e-02   1.304283e-06   1.298478e-06   1.434244e-07   2.111894e-07   3.163228e+01 
6.606830e-01   6.465052e-02   1.288328e-06   1.280000e-06   1.403673e-07   2.111310e-07   3.173782e+01 
6.604723e-01   6.472321e-02   1.272679e-06   1.261881e-06   1.373811e-07   2.110587e-07   3.184346e+01 
6.602605e-01   6.479591e-02   1.257332e-06   1.244110e-06   1.344638e-07   2.109712e-07   3.194920e+01 
6.600477e-01   6.486861e-02   1.242279e-06   1.226682e-06   1.316139e-07   2.108691e-07   3.205503e+01 
6.598338e-01   6.494131e-02   1.227513e-06   1.209586e-06   1.288295e-07   2.107535e-07   3.216097e+01 
6.596188e-01   6.501402e-02   1.213029e-06   1.192816e-06   1.261091e-07   2.106225e-07   3.226700e+01 
6.594028e-01   6.508673e-02   1.198824e-06   1.176364e-06   1.234509e-07   2.104775e-07   3.237314e+01 
6.591857e-01   6.515944e-02   1.184888e-06   1.160224e-06   1.208536e-07   2.103193e-07   3.247937e+01 
6.589676e-01   6.523215e-02   1.171223e-06   1.144387e-06   1.183155e-07   2.101468e-07   3.258570e+01 
6.587484e-01   6.530487e-02   1.157818e-06   1.128847e-06   1.158351e-07   2.099611e-07   3.269213e+01 
6.585282e-01   6.537758e-02   1.144669e-06   1.113597e-06   1.134111e-07   2.097620e-07   3.279866e+01 
6.583069e-01   6.545029e-02   1.131775e-06   1.098631e-06   1.110421e-07   2.095485e-07   3.290529e+01 
6.580845e-01   6.552300e-02   1.119128e-06   1.083941e-06   1.087266e-07   2.093235e-07   3.301201e+01 
6.578610e-01   6.559571e-02   1.106725e-06   1.069523e-06   1.064635e-07   2.090848e-07   3.311883e+01 
6.576365e-01   6.566842e-02   1.094562e-06   1.055370e-06   1.042513e-07   2.088329e-07   3.322575e+01 
6.574108e-01   6.574112e-02   1.082633e-06   1.041475e-06   1.020888e-07   2.085684e-07   3.333277e+01 
6.571841e-01   6.581382e-02   1.070934e-06   1.027833e-06   9.997490e-08   2.082913e-07   3.343988e+01 
6.569563e-01   6.588651e-02   1.059464e-06   1.014439e-06   9.790832e-08   2.080011e-07   3.354709e+01 
6.567275e-01   6.595919e-02   1.048217e-06   1.001286e-06   9.588799e-08   2.076987e-07   3.365440e+01 
6.564975e-01   6.603187e-02   1.037189e-06   9.883703e-07   9.391272e-08   2.073842e-07   3.376181e+01 
6.562665e-01   6.610455e-02   1.026379e-06   9.756849e-07   9.198144e-08   2.070572e-07   3.386931e+01 
6.560343e-01   6.617721e-02   1.015781e-06   9.632254e-07   9.009309e-08   2.067180e-07   3.397691e+01 
6.558011e-01   6.624987e-02   1.005390e-06   9.509875e-07   8.824664e-08   2.063664e-07   3.408460e+01 
6.555667e-01   6.632251e-02   9.952069e-07   9.389657e-07   8.644113e-08   2.060034e-07   3.419239e+01 
6.553313e-01   6.639515e-02   9.852282e-07   9.271551e-07   8.467550e-08   2.056289e-07   3.430028e+01 
6.550947e-01   6.646777e-02   9.754474e-07   9.155513e-07   8.294889e-08   2.052425e-07   3.440826e+01 
6.548570e-01   6.654039e-02   9.658667e-07   9.041528e-07   8.126030e-08   2.048471e-07   3.451634e+01 
6.546183e-01   6.661299e-02   9.564905e-07   8.929731e-07   7.960884e-08   2.044557e-07   3.462451e+01 
6.543784e-01   6.668558e-02   9.473443e-07   8.821028e-07   7.799371e-08   2.041223e-07   3.473278e+01 
6.541374e-01   6.675815e-02   9.387488e-07   8.720797e-07   7.641396e-08   2.042676e-07   3.484114e+01 
6.538953e-01   6.683071e-02   9.314349e-07   8.659553e-07   7.486876e-08   2.064476e-07   3.494960e+01 
6.536520e-01   6.690325e-02   9.362073e-07   8.670651e-07   7.335741e-08   2.189003e-07   3.505815e+01 
6.534076e-01   6.697577e-02   9.293628e-07   8.538298e-07   7.187895e-08   1.867303e-07   3.516680e+01 
6.531621e-01   6.704828e-02   9.080114e-07   8.323879e-07   7.043276e-08   1.984421e-07   3.527554e+01 
6.529155e-01   6.712077e-02   9.021037e-07   8.197011e-07   6.901802e-08   2.016517e-07   3.538438e+01 
6.526677e-01   6.719324e-02   8.922484e-07   8.122130e-07   6.763395e-08   1.976496e-07   3.549331e+01 
6.524188e-01   6.726569e-02   8.807997e-07   8.009281e-07   6.627998e-08   1.996808e-07   3.560233e+01 
6.521688e-01   6.733811e-02   8.727706e-07   7.909424e-07   6.495527e-08   1.996512e-07   3.571145e+01 
6.519176e-01   6.741052e-02   8.652296e-07   7.815509e-07   6.365922e-08   1.992327e-07   3.582066e+01 
6.516653e-01   6.748291e-02   8.579532e-07   7.723849e-07   6.239122e-08   1.987205e-07   3.592997e+01 
6.514118e-01   6.755527e-02   8.508441e-07   7.633817e-07   6.115045e-08   1.981880e-07   3.603937e+01 
6.511572e-01   6.762760e-02   8.439003e-07   7.545244e-07   5.993648e-08   1.976446e-07   3.614886e+01 
6.509014e-01   6.769991e-02   8.371153e-07   7.458102e-07   5.874864e-08   1.970932e-07   3.625844e+01 
6.506445e-01   6.777220e-02   8.304867e-07   7.372350e-07   5.758619e-08   1.965336e-07   3.636812e+01 
6.503864e-01   6.784446e-02   8.240130e-07   7.287960e-07   5.644883e-08   1.959673e-07   3.647789e+01 
6.501272e-01   6.791669e-02   8.176923e-07   7.204895e-07   5.533575e-08   1.953924e-07   3.658776e+01 
6.498667e-01   6.798890e-02   8.115234e-07   7.123134e-07   5.424643e-08   1.948110e-07   3.669771e+01 
6.496051e-01   6.806107e-02   8.055036e-07   7.042642e-07   5.318055e-08   1.942216e-07   3.680776e+01 
6.493424e-01   6.813322e-02   7.996311e-07   6.963400e-07   5.213724e-08   1.936260e-07   3.691790e+01 
6.490784e-01   6.820533e-02   7.939051e-07   6.885371e-07   5.111624e-08   1.930225e-07   3.702813e+01 
6.488133e-01   6.827742e-02   7.883257e-07   6.808540e-07   5.011711e-08   1.924121e-07   3.713846e+01 
6.485470e-01   6.834947e-02   7.828851e-07   6.732868e-07   4.913898e-08   1.917941e-07   3.724887e+01 
6.482795e-01   6.842149e-02   7.775912e-07   6.658346e-07   4.818181e-08   1.911686e-07   3.735938e+01 
6.480109e-01   6.849347e-02   7.724376e-07   6.584936e-07   4.724499e-08   1.905361e-07   3.746998e+01 
6.477410e-01   6.856542e-02   7.674204e-07   6.512623e-07   4.632779e-08   1.898955e-07   3.758067e+01 
6.474700e-01   6.863734e-02   7.625485e-07   6.441385e-07   4.543028e-08   1.892489e-07   3.769145e+01 
6.471977e-01   6.870922e-02   7.578124e-07   6.371204e-07   4.455169e-08   1.885951e-07   3.780233e+01 
6.469243e-01   6.878106e-02   7.532174e-07   6.302059e-07   4.369144e-08   1.879358e-07   3.791329e+01 
6.466496e-01   6.885287e-02   7.487693e-07   6.233928e-07   4.284969e-08   1.872701e-07   3.802434e+01 
6.463738e-01   6.892464e-02   7.444535e-07   6.166798e-07   4.202558e-08   1.865974e-07   3.813549e+01 
6.460967e-01   6.899637e-02   7.402709e-07   6.100651e-07   4.121858e-08   1.859174e-07   3.824672e+01 
6.458185e-01   6.906805e-02   7.362233e-07   6.035465e-07   4.042900e-08   1.852277e-07   3.835805e+01 
6.455390e-01   6.913970e-02   7.322976e-07   5.971223e-07   3.965583e-08   1.845282e-07   3.846946e+01 
6.452583e-01   6.921131e-02   7.285058e-07   5.907906e-07   3.889864e-08   1.838198e-07   3.858097e+01 
6.449764e-01   6.928287e-02   7.248447e-07   5.845506e-07   3.815786e-08   1.831027e-07   3.869256e+01 
6.446932e-01   6.935439e-02   7.213068e-07   5.784010e-07   3.743243e-08   1.823777e-07   3.880425e+01 
6.444088e-01   6.942587e-02   7.179088e-07   5.723385e-07   3.672182e-08   1.816467e-07   3.891602e+01 
6.441232e-01   6.949730e-02   7.146432e-07   5.663624e-07   3.602671e-08   1.809085e-07   3.902789e+01 
6.438364e-01   6.956868e-02   7.115018e-07   5.604706e-07   3.534602e-08   1.801641e-07   3.913984e+01 
6.435483e-01   6.964002e-02   7.085011e-07   5.546614e-07   3.467902e-08   1.794147e-07   3.925188e+01 
6.432590e-01   6.971130e-02   7.056276e-07   5.489335e-07   3.402663e-08   1.786590e-07   3.936401e+01 
6.429684e-01   6.978254e-02   7.028706e-07   5.432837e-07   3.338793e-08   1.778946e-07   3.947624e+01 
6.426766e-01   6.985373e-02   7.002540e-07   5.377109e-07   3.276176e-08   1.771248e-07   3.958854e+01 
6.423836e-01   6.992487e-02   6.977543e-07   5.322136e-07   3.214927e-08   1.763486e-07   3.970094e+01 
6.420893e-01   6.999596e-02   6.953714e-07   5.267899e-07   3.155001e-08   1.755633e-07   3.981343e+01 
6.417937e-01   7.006699e-02   6.931253e-07   5.214390e-07   3.096221e-08   1.747739e-07   3.992600e+01 
6.414969e-01   7.013797e-02   6.910035e-07   5.161585e-07   3.038691e-08   1.739787e-07   4.003866e+01 
6.411988e-01   7.020890e-02   6.889904e-07   5.109487e-07   2.982460e-08   1.731776e-07   4.015142e+01 
6.408994e-01   7.027977e-02   6.871216e-07   5.058071e-07   2.927302e-08   1.723703e-07   4.026425e+01 
6.405988e-01   7.035058e-02   6.853751e-07   5.007326e-07   2.873240e-08   1.715584e-07   4.037718e+01 
6.402969e-01   7.042134e-02   6.837304e-07   4.957247e-07   2.820444e-08   1.707390e-07   4.049019e+01 
6.399940e-01   7.049199e-02   6.822284e-07   4.907857e-07   2.768766e-08   1.699148e-07   4.060321e+01 
6.396900e-01   7.056252e-02   6.808591e-07   4.859147e-07   2.718046e-08   1.690859e-07   4.071622e+01 
6.393850e-01   7.063295e-02   6.795909e-07   4.811110e-07   2.668512e-08   1.682495e-07   4.082924e+01 
6.390789e-01   7.070326e-02   6.784498e-07   4.763717e-07   2.620175e-08   1.674082e-07   4.094225e+01 
6.387718e-01   7.077345e-02   6.774528e-07   4.716978e-07   2.572706e-08   1.665622e-07   4.105527e+01 
6.384636e-01   7.084353e-02   6.765611e-07   4.670859e-07   2.526162e-08   1.657076e-07   4.116828e+01 
6.381544e-01   7.091350e-02   6.757841e-07   4.625372e-07   2.480829e-08   1.648449e-07   4.128130e+01 
6.378441e-01   7.098335e-02   6.751539e-07   4.580486e-07   2.436522e-08   1.639778e-07   4.139431e+01 
6.375328e-01   7.105309e-02   6.746346e-07   4.536191e-07   2.392884e-08   1.631042e-07   4.150733e+01 
6.372204e-01   7.112271e-02   6.742173e-07   4.492476e-07   2.350174e-08   1.622201e-07   4.162034e+01 
6.369070e-01   7.119221e-02   6.739476e-07   4.449345e-07   2.308681e-08   1.613306e-07   4.173336e+01 
6.365925e-01   7.126159e-02   6.738185e-07   4.406787e-07   2.268075e-08   1.604358e-07   4.184637e+01 
6.362770e-01   7.133086e-02   6.737778e-07   4.364778e-07   2.227948e-08   1.595311e-07   4.195939e+01 
6.359603e-01   7.140001e-02   6.738579e-07   4.323303e-07   2.188703e-08   1.586181e-07   4.207240e+01 
6.356427e-01   7.146903e-02   6.741014e-07   4.282368e-07   2.150722e-08   1.577027e-07   4.218541e+01 
6.353240e-01   7.153794e-02   6.744510e-07   4.241941e-07   2.113667e-08   1.567802e-07   4.229843e+01 
6.350042e-01   7.160673e-02   6.748896e-07   4.202039e-07   2.076828e-08   1.558460e-07   4.241145e+01 
6.346833e-01   7.167539e-02   6.754820e-07   4.162637e-07   2.040638e-08   1.549063e-07   4.252446e+01 
6.343614e-01   7.174393e-02   6.762413e-07   4.123701e-07   2.005788e-08   1.539645e-07   4.263747e+01 
6.340384e-01   7.181234e-02   6.770522e-07   4.085166e-07   1.972446e-08   1.530151e-07   4.275049e+01 
6.337143e-01   7.188063e-02   6.779178e-07   4.046997e-07   1.939268e-08   1.520568e-07   4.286350e+01 
6.333891e-01   7.194879e-02   6.789169e-07   4.009245e-07   1.905275e-08   1.510976e-07   4.297652e+01 
6.330629e-01   7.201682e-02   6.799920e-07   3.971982e-07   1.872252e-08   1.501388e-07   4.308953e+01 
6.327355e-01   7.208472e-02   6.810664e-07   3.935220e-07   1.840552e-08   1.491738e-07   4.320255e+01 
6.324070e-01   7.215249e-02   6.822551e-07   3.898927e-07   1.809381e-08   1.482001e-07   4.331556e+01 
6.320776e-01   7.222015e-02   6.838412e-07   3.863048e-07   1.779738e-08   1.472312e-07   4.342858e+01 
6.317473e-01   7.228770e-02   6.859875e-07   3.827468e-07   1.751732e-08   1.462824e-07   4.354159e+01 
6.314160e-01   7.235514e-02   6.885539e-07   3.792092e-07   1.723739e-08   1.453563e-07   4.365461e+01 
6.310836e-01   7.242244e-02   6.910337e-07   3.756858e-07   1.695088e-08   1.444097e-07   4.376762e+01 
6.307498e-01   7.248958e-02   6.930375e-07   3.721812e-07   1.666483e-08   1.433983e-07   4.388064e+01 
6.304149e-01   7.255657e-02   6.947594e-07   3.687098e-07   1.638604e-08   1.423414e-07   4.399365e+01 
6.300788e-01   7.262343e-02   6.966213e-07   3.652828e-07   1.611599e-08   1.412855e-07   4.410667e+01 
6.297417e-01   7.269017e-02   6.988096e-07   3.619009e-07   1.585373e-08   1.402546e-07   4.421968e+01 
6.294037e-01   7.275678e-02   7.012886e-07   3.585590e-07   1.559815e-08   1.392466e-07   4.433270e+01 
6.290645e-01   7.282326e-02   7.039486e-07   3.552536e-07   1.534845e-08   1.382470e-07   4.444571e+01 
6.287242e-01   7.288960e-02   7.067179e-07   3.519800e-07   1.510414e-08   1.372476e-07   4.455873e+01 
6.283829e-01   7.295581e-02   7.095937e-07   3.487378e-07   1.486503e-08   1.362451e-07   4.467174e+01 
6.280404e-01   7.302187e-02   7.125910e-07   3.455283e-07   1.463103e-08   1.352437e-07   4.478475e+01 
6.276969e-01   7.308781e-02   7.157160e-07   3.423506e-07   1.440208e-08   1.342435e-07   4.489777e+01 
6.273523e-01   7.315361e-02   7.189701e-07   3.392026e-07   1.417803e-08   1.332432e-07   4.501078e+01 
6.270065e-01   7.321927e-02   7.223444e-07   3.360799e-07   1.395872e-08   1.322431e-07   4.512380e+01 
6.266597e-01   7.328479e-02   7.258281e-07   3.329796e-07   1.374419e-08   1.312426e-07   4.523681e+01 
6.263117e-01   7.335017e-02   7.294293e-07   3.298964e-07   1.353414e-08   1.302428e-07   4.534983e+01 
6.259627e-01   7.341541e-02   7.331534e-07   3.268298e-07   1.332861e-08   1.292444e-07   4.546284e+01 
6.256125e-01   7.348051e-02   7.370027e-07   3.237794e-07   1.312754e-08   1.282448e-07   4.557586e+01 
6.252612e-01   7.354548e-02   7.409815e-07   3.207506e-07   1.293071e-08   1.272399e-07   4.568887e+01 
6.249088e-01   7.361030e-02   7.450874e-07   3.177492e-07   1.273821e-08   1.262232e-07   4.580189e+01 
6.245553e-01   7.367497e-02   7.493197e-07   3.147804e-07   1.255008e-08   1.251918e-07   4.591490e+01 
6.242006e-01   7.373951e-02   7.536697e-07   3.118495e-07   1.236570e-08   1.241428e-07   4.602792e+01 
6.238449e-01   7.380390e-02   7.581334e-07   3.089572e-07   1.218540e-08   1.230808e-07   4.614093e+01 
6.234880e-01   7.386816e-02   7.627152e-07   3.061004e-07   1.200950e-08   1.220100e-07   4.625395e+01 
6.231299e-01   7.393227e-02   7.674150e-07   3.032735e-07   1.183653e-08   1.209419e-07   4.636696e+01 
6.227708e-01   7.399623e-02   7.722425e-07   3.004703e-07   1.166841e-08   1.198871e-07   4.647998e+01 
6.224106e-01   7.406006e-02   7.772226e-07   2.976845e-07   1.150333e-08   1.188556e-07   4.659299e+01 
6.220493e-01   7.412375e-02   7.823717e-07   2.949137e-07   1.134182e-08   1.178535e-07   4.670600e+01 
6.216869e-01   7.418729e-02   7.877836e-07   2.921835e-07   1.118467e-08   1.168271e-07   4.681902e+01 
6.213234e-01   7.425069e-02   7.932289e-07   2.894059e-07   1.102918e-08   1.159117e-07   4.693203e+01 
6.209588e-01   7.431394e-02   7.989836e-07   2.866837e-07   1.088002e-08   1.148979e-07   4.704505e+01 
6.205930e-01   7.437703e-02   8.046635e-07   2.839386e-07   1.073177e-08   1.139323e-07   4.715806e+01 
6.202260e-01   7.443997e-02   8.104859e-07   2.812256e-07   1.058648e-08   1.128914e-07   4.727108e+01 
6.198578e-01   7.450275e-02   8.164135e-07   2.785277e-07   1.045061e-08   1.118198e-07   4.738409e+01 
6.194884e-01   7.456538e-02   8.224126e-07   2.758505e-07   1.030927e-08   1.107250e-07   4.749711e+01 
6.191179e-01   7.462785e-02   8.285516e-07   2.731995e-07   1.017059e-08   1.096401e-07   4.761012e+01 
6.187462e-01   7.469016e-02   8.348487e-07   2.705646e-07   1.003626e-08   1.085722e-07   4.772314e+01 
6.183734e-01   7.475232e-02   8.413278e-07   2.679474e-07   9.909470e-09   1.075226e-07   4.783615e+01 
6.179994e-01   7.481433e-02   8.479665e-07   2.653480e-07   9.781179e-09   1.064864e-07   4.794917e+01 
6.176243e-01   7.487618e-02   8.547513e-07   2.627641e-07   9.655369e-09   1.054583e-07   4.806218e+01 
6.172479e-01   7.493786e-02   8.616775e-07   2.601883e-07   9.534188e-09   1.044285e-07   4.817520e+01 
6.168703e-01   7.499938e-02   8.687405e-07   2.576201e-07   9.414870e-09   1.033918e-07   4.828821e+01 
6.164916e-01   7.506074e-02   8.759307e-07   2.550658e-07   9.299156e-09   1.023524e-07   4.840123e+01 
6.161116e-01   7.512193e-02   8.832767e-07   2.525237e-07   9.187154e-09   1.013110e-07   4.851424e+01 
6.157304e-01   7.518297e-02   8.907534e-07   2.499962e-07   9.073796e-09   1.002707e-07   4.862726e+01 
6.153480e-01   7.524384e-02   8.984031e-07   2.474810e-07   8.969005e-09   9.923184e-08   4.874027e+01 
6.149644e-01   7.530454e-02   9.061768e-07   2.449789e-07   8.861470e-09   9.818295e-08   4.885328e+01 
6.145796e-01   7.536509e-02   9.140842e-07   2.424941e-07   8.756074e-09   9.713097e-08   4.896630e+01 
6.141936e-01   7.542547e-02   9.221377e-07   2.400194e-07   8.654432e-09   9.607004e-08   4.907932e+01 
6.138065e-01   7.548569e-02   9.303360e-07   2.375554e-07   8.554509e-09   9.499961e-08   4.919233e+01 
6.134182e-01   7.554576e-02   9.386799e-07   2.351064e-07   8.457441e-09   9.392323e-08   4.930534e+01 
6.130287e-01   7.560567e-02   9.471684e-07   2.326720e-07   8.362518e-09   9.284087e-08   4.941836e+01 
6.126381e-01   7.566542e-02   9.558073e-07   2.302519e-07   8.269562e-09   9.175408e-08   4.953137e+01 
6.122464e-01   7.572501e-02   9.645935e-07   2.278464e-07   8.178708e-09   9.066473e-08   4.964439e+01 
6.118535e-01   7.578446e-02   9.735316e-07   2.254548e-07   8.089854e-09   8.957406e-08   4.975740e+01 
6.114596e-01   7.584374e-02   9.826232e-07   2.230772e-07   8.002962e-09   8.848448e-08   4.987042e+01 
6.110645e-01   7.590287e-02   9.918726e-07   2.207126e-07   7.917990e-09   8.739705e-08   4.998343e+01 
6.106682e-01   7.596184e-02   1.001276e-06   2.183603e-07   7.834868e-09   8.631134e-08   5.009645e+01 
6.102709e-01   7.602064e-02   1.010831e-06   2.160187e-07   7.753595e-09   8.522982e-08   5.020946e+01 
6.098723e-01   7.607928e-02   1.020535e-06   2.136882e-07   7.674145e-09   8.415023e-08   5.032248e+01 
6.094726e-01   7.613776e-02   1.030389e-06   2.113671e-07   7.596445e-09   8.307443e-08   5.043549e+01 
6.090717e-01   7.619606e-02   1.040394e-06   2.090553e-07   7.520457e-09   8.200179e-08   5.054851e+01 
6.086696e-01   7.625420e-02   1.050559e-06   2.067508e-07   7.446159e-09   8.093173e-08   5.066152e+01 
6.082664e-01   7.631217e-02   1.060882e-06   2.044541e-07   7.373518e-09   7.986426e-08   5.077454e+01 
6.078620e-01   7.636997e-02   1.071366e-06   2.021637e-07   7.302507e-09   7.879972e-08   5.088755e+01 
6.074564e-01   7.642760e-02   1.082015e-06   1.998793e-07   7.233143e-09   7.773812e-08   5.100057e+01 
6.070497e-01   7.648506e-02   1.092822e-06   1.975990e-07   7.165501e-09   7.667919e-08   5.111358e+01 
6.066418e-01   7.654235e-02   1.103794e-06   1.953234e-07   7.099549e-09   7.562430e-08   5.122660e+01 
6.062327e-01   7.659946e-02   1.114929e-06   1.930511e-07   7.034951e-09   7.457207e-08   5.133961e+01 
6.058224e-01   7.665640e-02   1.126225e-06   1.907820e-07   6.971379e-09   7.352349e-08   5.145262e+01 
6.054110e-01   7.671316e-02   1.137692e-06   1.885147e-07   6.909562e-09   7.247830e-08   5.156564e+01 
6.049983e-01   7.676975e-02   1.149330e-06   1.862500e-07   6.850312e-09   7.143570e-08   5.167865e+01 
6.045845e-01   7.682616e-02   1.161135e-06   1.839888e-07   6.792686e-09   7.039622e-08   5.179167e+01 
6.041694e-01   7.688240e-02   1.173104e-06   1.817305e-07   6.734265e-09   6.935917e-08   5.190468e+01 
6.037532e-01   7.693846e-02   1.185256e-06   1.794754e-07   6.678167e-09   6.832533e-08   5.201770e+01 
6.033358e-01   7.699434e-02   1.197565e-06   1.772271e-07   6.622438e-09   6.729536e-08   5.213071e+01 
6.029172e-01   7.705005e-02   1.210058e-06   1.749826e-07   6.569763e-09   6.626686e-08   5.224373e+01 
6.024973e-01   7.710557e-02   1.222725e-06   1.727472e-07   6.517141e-09   6.524598e-08   5.235674e+01 
6.020763e-01   7.716092e-02   1.235565e-06   1.705155e-07   6.467643e-09   6.422776e-08   5.246976e+01 
6.016541e-01   7.721609e-02   1.248563e-06   1.682940e-07   6.416702e-09   6.321181e-08   5.258277e+01 
6.012307e-01   7.727108e-02   1.261746e-06   1.660789e-07   6.367867e-09   6.219968e-08   5.269579e+01 
6.008060e-01   7.732589e-02   1.275111e-06   1.638712e-07   6.320560e-09   6.119223e-08   5.280880e+01 
6.003801e-01   7.738052e-02   1.288653e-06   1.616727e-07   6.274719e-09   6.018957e-08   5.292182e+01 
5.999530e-01   7.743496e-02   1.302376e-06   1.594818e-07   6.230036e-09   5.918963e-08   5.303483e+01 
5.995248e-01   7.748922e-02   1.316280e-06   1.572975e-07   6.186512e-09   5.819437e-08   5.314785e+01 
5.990952e-01   7.754330e-02   1.330369e-06   1.551193e-07   6.144114e-09   5.720414e-08   5.326086e+01 
5.986645e-01   7.759719e-02   1.344641e-06   1.529469e-07   6.102816e-09   5.621852e-08   5.337387e+01 
5.982326e-01   7.765090e-02   1.359099e-06   1.507793e-07   6.062585e-09   5.523826e-08   5.348689e+01 
5.977994e-01   7.770442e-02   1.373745e-06   1.486169e-07   6.023402e-09   5.426292e-08   5.359990e+01 
5.973650e-01   7.775775e-02   1.388577e-06   1.464595e-07   5.985236e-09   5.329397e-08   5.371292e+01 
5.969294e-01   7.781090e-02   1.403602e-06   1.443066e-07   5.948066e-09   5.233141e-08   5.382593e+01 
5.964925e-01   7.786386e-02   1.418816e-06   1.421589e-07   5.911862e-09   5.137464e-08   5.393895e+01 
5.960544e-01   7.791662e-02   1.434221e-06   1.400157e-07   5.876607e-09   5.042314e-08   5.405196e+01 
5.956150e-01   7.796920e-02   1.449824e-06   1.378780e-07   5.842270e-09   4.947755e-08   5.416498e+01 
5.951746e-01   7.802159e-02   1.465625e-06   1.357456e-07   5.808837e-09   4.853596e-08   5.427799e+01 
5.947327e-01   7.807378e-02   1.481625e-06   1.336193e-07   5.776278e-09   4.759900e-08   5.439101e+01 
5.942897e-01   7.812578e-02   1.497828e-06   1.314992e-07   5.744580e-09   4.666453e-08   5.450402e+01 
5.938453e-01   7.817760e-02   1.514235e-06   1.293848e-07   5.713716e-09   4.573384e-08   5.461704e+01 
5.933999e-01   7.822921e-02   1.530848e-06   1.272760e-07   5.683676e-09   4.480531e-08   5.473005e+01 
5.929530e-01   7.828064e-02   1.547667e-06   1.251711e-07   5.654431e-09   4.388168e-08   5.484307e+01 
5.925051e-01   7.833186e-02   1.564695e-06   1.230694e-07   5.625973e-09   4.296385e-08   5.495608e+01 
5.920557e-01   7.838289e-02   1.581933e-06   1.209692e-07   5.598271e-09   4.205273e-08   5.506910e+01 
5.916053e-01   7.843372e-02   1.599377e-06   1.188708e-07   5.571321e-09   4.114854e-08   5.518211e+01 
5.911533e-01   7.848435e-02   1.617033e-06   1.167746e-07   5.545089e-09   4.025302e-08   5.529513e+01 
5.907004e-01   7.853478e-02   1.634903e-06   1.146813e-07   5.519571e-09   3.936427e-08   5.540814e+01 
5.902460e-01   7.858502e-02   1.652985e-06   1.125923e-07   5.494734e-09   3.848394e-08   5.552116e+01 
5.897906e-01   7.863505e-02   1.671284e-06   1.105089e-07   5.470577e-09   3.760804e-08   5.563417e+01 
5.893335e-01   7.868489e-02   1.689803e-06   1.084312e-07   5.447067e-09   3.674065e-08   5.574719e+01 
5.888756e-01   7.873452e-02   1.708544e-06   1.063594e-07   5.424208e-09   3.587659e-08   5.586020e+01 
5.884161e-01   7.878395e-02   1.727508e-06   1.042919e-07   5.401968e-09   3.501983e-08   5.597321e+01 
5.879556e-01   7.883318e-02   1.746702e-06   1.022288e-07   5.380357e-09   3.416684e-08   5.608623e+01 
5.874935e-01   7.888221e-02   1.766124e-06   1.001688e-07   5.359343e-09   3.332293e-08   5.619924e+01 
5.870306e-01   7.893102e-02   1.785775e-06   9.811235e-08   5.338945e-09   3.248237e-08   5.631226e+01 
5.865658e-01   7.897965e-02   1.805662e-06   9.606044e-08   5.319127e-09   3.165126e-08   5.642527e+01 
5.861004e-01   7.902806e-02   1.825779e-06   9.401479e-08   5.299914e-09   3.082356e-08   5.653829e+01 
5.856330e-01   7.907628e-02   1.846136e-06   9.197711e-08   5.281268e-09   3.000579e-08   5.665130e+01 
5.851650e-01   7.912428e-02   1.866720e-06   8.994956e-08   5.263220e-09   2.919418e-08   5.676432e+01 
5.846950e-01   7.917208e-02   1.887545e-06   8.793266e-08   5.245724e-09   2.839430e-08   5.687733e+01 
5.842245e-01   7.921967e-02   1.908601e-06   8.592653e-08   5.228819e-09   2.760251e-08   5.699035e+01 
5.837519e-01   7.926706e-02   1.929896e-06   8.393028e-08   5.212452e-09   2.682668e-08   5.710336e+01 
5.832789e-01   7.931422e-02   1.951420e-06   8.194241e-08   5.196666e-09   2.606173e-08   5.721638e+01 
5.828036e-01   7.936119e-02   1.973191e-06   7.996068e-08   5.181400e-09   2.531512e-08   5.732939e+01 
5.823281e-01   7.940792e-02   1.995195e-06   7.798368e-08   5.166709e-09   2.458129e-08   5.744241e+01 
5.818501e-01   7.945445e-02   2.017444e-06   7.600804e-08   5.152508e-09   2.386622e-08   5.755542e+01 
5.813721e-01   7.950075e-02   2.039924e-06   7.403246e-08   5.138866e-09   2.316124e-08   5.766844e+01 
5.808914e-01   7.954685e-02   2.062680e-06   7.205646e-08   5.125701e-09   2.247531e-08   5.778145e+01 
5.804109e-01   7.959271e-02   2.085692e-06   7.008059e-08   5.113076e-09   2.179988e-08   5.789446e+01 
5.799275e-01   7.963837e-02   2.108990e-06   6.810618e-08   5.100896e-09   2.113958e-08   5.800748e+01 
5.794445e-01   7.968379e-02   2.132542e-06   6.613614e-08   5.089255e-09   2.048295e-08   5.812049e+01 
5.789584e-01   7.972902e-02   2.156373e-06   6.417327e-08   5.078040e-09   1.983622e-08   5.823351e+01 
5.784728e-01   7.977400e-02   2.180457e-06   6.222157e-08   5.067364e-09   1.918516e-08   5.834652e+01 
5.779840e-01   7.981879e-02   2.204835e-06   6.028269e-08   5.057096e-09   1.854186e-08   5.845954e+01 
5.774959e-01   7.986333e-02   2.229492e-06   5.835873e-08   5.047374e-09   1.789442e-08   5.857255e+01 
5.770042e-01   7.990769e-02   2.254454e-06   5.644967e-08   5.038045e-09   1.725486e-08   5.868557e+01 
5.765137e-01   7.995179e-02   2.279681e-06   5.455523e-08   5.029286e-09   1.661260e-08   5.879858e+01 
5.760192e-01   7.999571e-02   2.305234e-06   5.267366e-08   5.020919e-09   1.598578e-08   5.891160e+01 
5.755262e-01   8.003937e-02   2.331033e-06   5.080374e-08   5.013162e-09   1.535849e-08   5.902461e+01 
5.750288e-01   8.008284e-02   2.357168e-06   4.894379e-08   5.005776e-09   1.475407e-08   5.913763e+01 
5.745334e-01   8.012606e-02   2.383541e-06   4.709462e-08   4.999030e-09   1.415264e-08   5.925064e+01 
5.740330e-01   8.016909e-02   2.410260e-06   4.525627e-08   4.992630e-09   1.357858e-08   5.936366e+01 
5.735353e-01   8.021186e-02   2.437213e-06   4.343231e-08   4.986940e-09   1.300645e-08   5.947667e+01 
5.730319e-01   8.025446e-02   2.464531e-06   4.162390e-08   4.981553e-09   1.246501e-08   5.958969e+01 
5.725317e-01   8.029679e-02   2.492076e-06   3.983562e-08   4.976911e-09   1.191877e-08   5.970270e+01 
5.720253e-01   8.033895e-02   2.520012e-06   3.806811e-08   4.972510e-09   1.140393e-08   5.981571e+01 
5.715228e-01   8.038083e-02   2.548174e-06   3.632488e-08   4.968948e-09   1.087726e-08   5.992873e+01 
5.710133e-01   8.042255e-02   2.576752e-06   3.460483e-08   4.965510e-09   1.038395e-08   6.004174e+01 
5.705085e-01   8.046399e-02   2.605549e-06   3.290986e-08   4.962991e-09   9.872254e-09   6.015476e+01 
5.699958e-01   8.050526e-02   2.634797e-06   3.123719e-08   4.960492e-09   9.397503e-09   6.026777e+01 
5.694888e-01   8.054625e-02   2.664253e-06   2.958741e-08   4.959008e-09   8.900563e-09   6.038079e+01 
5.689727e-01   8.058706e-02   2.694191e-06   2.795727e-08   4.957356e-09   8.444919e-09   6.049380e+01 
5.684636e-01   8.062759e-02   2.724316e-06   2.634904e-08   4.956936e-09   7.968804e-09   6.060682e+01 
5.679442e-01   8.066795e-02   2.754981e-06   2.476017e-08   4.956045e-09   7.531074e-09   6.071983e+01 
5.674330e-01   8.070800e-02   2.785762e-06   2.319524e-08   4.956662e-09   7.081478e-09   6.083285e+01 
5.669100e-01   8.074790e-02   2.817197e-06   2.165248e-08   4.956537e-09   6.661035e-09   6.094586e+01 
5.663969e-01   8.078750e-02   2.848658e-06   2.013783e-08   4.958110e-09   6.234927e-09   6.105888e+01 
5.658702e-01   8.082693e-02   2.880865e-06   1.864810e-08   4.958789e-09   5.837424e-09   6.117189e+01 
5.653553e-01   8.086607e-02   2.913059e-06   1.718964e-08   4.961274e-09   5.427338e-09   6.128491e+01 
5.648248e-01   8.090504e-02   2.946062e-06   1.575708e-08   4.962785e-09   5.060576e-09   6.139792e+01 
5.643081e-01   8.094369e-02   2.978996e-06   1.435894e-08   4.966154e-09   4.672585e-09   6.151094e+01 
5.637737e-01   8.098220e-02   3.012846e-06   1.298908e-08   4.969554e-09   4.327290e-09   6.162395e+01 
5.632553e-01   8.102035e-02   3.046533e-06   1.165934e-08   4.976329e-09   3.969696e-09   6.173697e+01 
5.627167e-01   8.105838e-02   3.081300e-06   1.036296e-08   4.978432e-09   3.644641e-09   6.184998e+01 
5.621970e-01   8.109601e-02   3.115788e-06   9.114828e-09   4.984462e-09   3.304338e-09   6.196300e+01 
5.616539e-01   8.113346e-02   3.151483e-06   7.902734e-09   4.987021e-09   3.004674e-09   6.207601e+01 
5.611332e-01   8.117049e-02   3.186864e-06   6.748362e-09   4.991214e-09   2.674008e-09   6.218903e+01 
5.605855e-01   8.120724e-02   3.223589e-06   5.620034e-09   4.994142e-09   2.402022e-09   6.230204e+01 
5.600641e-01   8.124349e-02   3.259856e-06   4.569223e-09   5.000502e-09   2.078751e-09   6.241505e+01 
5.595132e-01   8.127937e-02   3.297780e-06   3.522036e-09   5.005754e-09   1.840250e-09   6.252807e+01 
5.589905e-01   8.131482e-02   3.335114e-06   2.584331e-09   5.012304e-09   1.519869e-09   6.264108e+01 
5.584465e-01   8.135059e-02   3.374287e-06   1.669784e-09   5.019586e-09   1.249068e-09   6.275410e+01 
5.579063e-01   8.138889e-02   3.413567e-06   8.828657e-10   5.025149e-09   9.545969e-10   6.286711e+01 
5.574587e-01   8.144200e-02   3.452377e-06   2.873832e-10   5.035251e-09   4.478225e-10   6.298013e+01 
5.567958e-01   8.154859e-02   3.495686e-06   2.949030e-17   5.040467e-09   2.775558e-16   6.309314e+01 
