% The data presented here were obtained from a direct numerical simulation of a turbulent 
% boundary layer developing under a pressure gradient. All the data shown here are 
% not normalized. Please refer to the references below for rmore detailed information.
 
 
% We compute the boundary layer thickness using the method of Griffin et al. (2021). 
% The pressure-gradient parameters of beta_{ZS} and beta_i are computed as follows. 
% beta_{ZS}=(delta)/(rho U_{ZS}^2)(dp_e/dx) and beta_i = (nu/rho u_tau^3)(d p_w/dx) 
% where $delta$ is the boundary layer thickness, $U_{ZS}$ is the Zagorola-Smits velocity, 
% $p_e$ and $p_w$ are the pressure at the edge of boundary layer and wall, respectively. 
 
 
% Please check this report for rmore detailed information about the data: 
% Gungor, T. R., Gungor, A. G.., Maciel, Y. (2024). Datasets of  
% three non-equilibrium pressure gradient turbulent boundary layers.  
 
 
% Please cite this paper when referencing the data: 
% Gungor, T. R., Maciel, Y., & Gungor, A. G. (2022). 
% Energy transfer mechanisms in adverse pressure gradient turbulent boundary layers: 
% production and inter-component redistribution. Journal of Fluid Mechanics, 948, A5  
 
  
% ========================================================================================= 
% 	 	 	************ Position 3 of DNS22 ************ 
% ========================================================================================= 

% 	 Re_tau = 6.267971e+02 
% 	 Re_theta=3.686391e+03 
% 	 utau=2.117738e-02 
% 	 U_e=7.699496e-01 
% 	 theta=1.367953e+00 
% 	 delta_star=2.531019e+00 
% 	 delta=8.456421e+00 
%  	 x_pos=1.086812e+02 
% 	 H=1.850224e+00 
% 	 C_f=1.485097e-03 
% 	 nu=2.857143e-04 
% 	 beta_RC=6.623482e+00 
% 	 beta_i=4.604019e-02 
% 	 beta_ZS=2.427268e-01 
 
% ========================================================================================================== 
% 	 U   	   V   	   u2   	   v2   	   w2   	   uv   	   y        
% ========================================================================================================= 
3.599025e-03   8.186541e-08   5.973028e-06   4.992332e-10   5.093586e-06   -9.125620e-09   2.287286e-03 
8.292376e-03   4.319139e-07   3.090670e-05   1.283102e-08   2.543526e-05   -1.133995e-07   5.249328e-03 
1.410345e-02   1.238532e-06   8.640332e-05   9.566011e-08   6.746450e-05   -5.694425e-07   8.878786e-03 
2.105525e-02   2.731904e-06   1.851577e-04   4.110526e-07   1.350741e-04   -1.914865e-06   1.316846e-02 
2.915519e-02   5.181743e-06   3.404761e-04   1.279647e-06   2.293893e-04   -5.055057e-06   1.811128e-02 
3.838677e-02   8.892325e-06   5.644222e-04   3.208456e-06   3.482691e-04   -1.126501e-05   2.370030e-02 
4.869010e-02   1.419299e-05   8.646694e-04   6.873476e-06   4.870794e-04   -2.202218e-05   2.992870e-02 
5.995076e-02   2.142374e-05   1.240718e-03   1.305782e-05   6.395749e-04   -3.869001e-05   3.678981e-02 
7.199410e-02   3.091705e-05   1.681518e-03   2.256351e-05   7.991806e-04   -6.214470e-05   4.427706e-02 
8.459219e-02   4.297790e-05   2.166009e-03   3.612225e-05   9.600165e-04   -9.250927e-05   5.238400e-02 
9.748345e-02   5.786443e-05   2.666842e-03   5.432597e-05   1.117555e-03   -1.290966e-04   6.110430e-02 
1.104000e-01   7.577296e-05   3.155789e-03   7.758637e-05   1.268779e-03   -1.705704e-04   7.043171e-02 
1.230943e-01   9.683147e-05   3.608736e-03   1.061220e-04   1.411977e-03   -2.152377e-04   8.036013e-02 
1.353602e-01   1.211032e-04   4.008744e-03   1.399650e-04   1.546378e-03   -2.613619e-04   9.088354e-02 
1.470437e-01   1.485981e-04   4.346838e-03   1.789784e-04   1.671788e-03   -3.074078e-04   1.019960e-01 
1.580452e-01   1.792866e-04   4.621077e-03   2.228784e-04   1.788317e-03   -3.521836e-04   1.136918e-01 
1.683143e-01   2.131118e-04   4.834730e-03   2.712580e-04   1.896199e-03   -3.948840e-04   1.259652e-01 
1.778405e-01   2.499984e-04   4.994302e-03   3.236124e-04   1.995699e-03   -4.350628e-04   1.388106e-01 
1.866426e-01   2.898558e-04   5.107828e-03   3.793653e-04   2.087076e-03   -4.725636e-04   1.522225e-01 
1.947586e-01   3.325845e-04   5.183596e-03   4.378979e-04   2.170589e-03   -5.074324e-04   1.661954e-01 
2.022377e-01   3.780884e-04   5.229371e-03   4.985758e-04   2.246515e-03   -5.398336e-04   1.807240e-01 
2.091340e-01   4.262757e-04   5.252030e-03   5.607746e-04   2.315180e-03   -5.699925e-04   1.958032e-01 
2.155026e-01   4.770535e-04   5.257413e-03   6.238985e-04   2.376994e-03   -5.981652e-04   2.114276e-01 
2.213967e-01   5.303349e-04   5.250282e-03   6.873988e-04   2.432436e-03   -6.246192e-04   2.275923e-01 
2.268663e-01   5.860608e-04   5.234382e-03   7.507887e-04   2.482049e-03   -6.496066e-04   2.442923e-01 
2.319579e-01   6.442051e-04   5.212632e-03   8.136509e-04   2.526410e-03   -6.733585e-04   2.615227e-01 
2.367137e-01   7.047295e-04   5.187346e-03   8.756389e-04   2.566084e-03   -6.960927e-04   2.792786e-01 
2.411712e-01   7.675620e-04   5.160347e-03   9.364730e-04   2.601628e-03   -7.180019e-04   2.975553e-01 
2.453633e-01   8.326120e-04   5.133059e-03   9.959280e-04   2.633541e-03   -7.392320e-04   3.163481e-01 
2.493192e-01   8.997696e-04   5.106563e-03   1.053827e-03   2.662221e-03   -7.598809e-04   3.356524e-01 
2.530660e-01   9.689056e-04   5.081602e-03   1.110029e-03   2.687981e-03   -7.800279e-04   3.554638e-01 
2.566282e-01   1.039921e-03   5.058714e-03   1.164423e-03   2.711123e-03   -7.997484e-04   3.757776e-01 
2.600282e-01   1.112802e-03   5.038424e-03   1.216924e-03   2.732001e-03   -8.191138e-04   3.965896e-01 
2.632854e-01   1.187633e-03   5.021108e-03   1.267485e-03   2.750970e-03   -8.381772e-04   4.178954e-01 
2.664169e-01   1.264561e-03   5.006843e-03   1.316098e-03   2.768352e-03   -8.569531e-04   4.396908e-01 
2.694381e-01   1.343704e-03   4.995640e-03   1.362777e-03   2.784487e-03   -8.754224e-04   4.619715e-01 
2.723630e-01   1.425137e-03   4.987536e-03   1.407560e-03   2.799732e-03   -8.935701e-04   4.847335e-01 
2.752035e-01   1.508917e-03   4.982431e-03   1.450507e-03   2.814454e-03   -9.114166e-04   5.079727e-01 
2.779699e-01   1.594997e-03   4.980257e-03   1.491660e-03   2.828994e-03   -9.289917e-04   5.316850e-01 
2.806717e-01   1.683324e-03   4.981078e-03   1.531048e-03   2.843538e-03   -9.463087e-04   5.558666e-01 
2.833174e-01   1.773966e-03   4.984933e-03   1.568722e-03   2.858098e-03   -9.633842e-04   5.805136e-01 
2.859150e-01   1.867060e-03   4.991510e-03   1.604763e-03   2.872555e-03   -9.802058e-04   6.056221e-01 
2.884723e-01   1.962791e-03   5.000182e-03   1.639276e-03   2.886645e-03   -9.967584e-04   6.311883e-01 
2.909969e-01   2.061232e-03   5.010586e-03   1.672362e-03   2.900211e-03   -1.013078e-03   6.572085e-01 
2.934954e-01   2.162396e-03   5.022652e-03   1.704135e-03   2.913338e-03   -1.029214e-03   6.836791e-01 
2.959740e-01   2.266346e-03   5.036350e-03   1.734716e-03   2.926160e-03   -1.045156e-03   7.105965e-01 
2.984382e-01   2.373197e-03   5.051683e-03   1.764222e-03   2.938767e-03   -1.060843e-03   7.379571e-01 
3.008913e-01   2.482838e-03   5.068575e-03   1.792748e-03   2.951084e-03   -1.076274e-03   7.657573e-01 
3.033355e-01   2.594965e-03   5.086836e-03   1.820365e-03   2.963188e-03   -1.091528e-03   7.939938e-01 
3.057730e-01   2.709497e-03   5.106307e-03   1.847142e-03   2.975416e-03   -1.106673e-03   8.226631e-01 
3.082055e-01   2.826432e-03   5.126666e-03   1.873135e-03   2.987770e-03   -1.121721e-03   8.517619e-01 
3.106362e-01   2.945905e-03   5.147577e-03   1.898438e-03   3.000121e-03   -1.136628e-03   8.812869e-01 
3.130700e-01   3.068109e-03   5.169071e-03   1.923138e-03   3.012592e-03   -1.151341e-03   9.112347e-01 
3.155105e-01   3.193142e-03   5.191049e-03   1.947284e-03   3.025253e-03   -1.165849e-03   9.416021e-01 
3.179586e-01   3.320927e-03   5.213512e-03   1.970831e-03   3.038071e-03   -1.180157e-03   9.723861e-01 
3.204138e-01   3.451331e-03   5.236662e-03   1.993679e-03   3.050999e-03   -1.194245e-03   1.003583e+00 
3.228777e-01   3.584298e-03   5.260689e-03   2.015778e-03   3.064145e-03   -1.208119e-03   1.035191e+00 
3.253518e-01   3.719675e-03   5.286001e-03   2.037118e-03   3.077605e-03   -1.221809e-03   1.067206e+00 
3.278368e-01   3.857391e-03   5.312545e-03   2.057699e-03   3.091217e-03   -1.235286e-03   1.099625e+00 
3.303366e-01   3.997391e-03   5.339951e-03   2.077567e-03   3.104911e-03   -1.248566e-03   1.132445e+00 
3.328551e-01   4.139686e-03   5.367852e-03   2.096752e-03   3.119031e-03   -1.261730e-03   1.165663e+00 
3.353941e-01   4.284502e-03   5.395466e-03   2.115266e-03   3.133829e-03   -1.274759e-03   1.199277e+00 
3.379555e-01   4.431855e-03   5.422770e-03   2.133117e-03   3.149249e-03   -1.287648e-03   1.233283e+00 
3.405393e-01   4.581571e-03   5.449993e-03   2.150314e-03   3.165025e-03   -1.300452e-03   1.267679e+00 
3.431448e-01   4.733660e-03   5.477091e-03   2.166915e-03   3.181095e-03   -1.313169e-03   1.302462e+00 
3.457722e-01   4.888405e-03   5.504258e-03   2.183008e-03   3.197685e-03   -1.325692e-03   1.337629e+00 
3.484230e-01   5.046047e-03   5.531808e-03   2.198652e-03   3.214621e-03   -1.337885e-03   1.373178e+00 
3.511003e-01   5.206642e-03   5.559862e-03   2.213845e-03   3.231484e-03   -1.349727e-03   1.409105e+00 
3.538055e-01   5.370562e-03   5.588035e-03   2.228594e-03   3.248291e-03   -1.361188e-03   1.445409e+00 
3.565373e-01   5.537760e-03   5.616066e-03   2.242881e-03   3.265305e-03   -1.372286e-03   1.482086e+00 
3.592952e-01   5.707708e-03   5.644003e-03   2.256749e-03   3.282791e-03   -1.383111e-03   1.519134e+00 
3.620783e-01   5.880114e-03   5.671641e-03   2.270268e-03   3.300599e-03   -1.393707e-03   1.556551e+00 
3.648842e-01   6.054918e-03   5.698988e-03   2.283486e-03   3.318451e-03   -1.404078e-03   1.594334e+00 
3.677120e-01   6.232120e-03   5.726635e-03   2.296447e-03   3.336149e-03   -1.414195e-03   1.632480e+00 
3.705624e-01   6.411825e-03   5.754723e-03   2.309196e-03   3.353681e-03   -1.424028e-03   1.670987e+00 
3.734358e-01   6.594517e-03   5.782858e-03   2.321717e-03   3.371065e-03   -1.433466e-03   1.709852e+00 
3.763325e-01   6.780646e-03   5.810682e-03   2.333909e-03   3.388245e-03   -1.442372e-03   1.749074e+00 
3.792540e-01   6.969988e-03   5.837909e-03   2.345586e-03   3.405094e-03   -1.450849e-03   1.788650e+00 
3.822003e-01   7.161905e-03   5.864417e-03   2.356558e-03   3.421437e-03   -1.459100e-03   1.828577e+00 
3.851701e-01   7.355779e-03   5.890543e-03   2.366712e-03   3.437274e-03   -1.467293e-03   1.868854e+00 
3.881639e-01   7.551307e-03   5.916350e-03   2.376035e-03   3.452934e-03   -1.475519e-03   1.909477e+00 
3.911847e-01   7.748616e-03   5.942022e-03   2.384692e-03   3.468159e-03   -1.483746e-03   1.950446e+00 
3.942359e-01   7.947989e-03   5.967234e-03   2.392926e-03   3.482989e-03   -1.491955e-03   1.991756e+00 
3.973183e-01   8.149879e-03   5.991415e-03   2.400770e-03   3.497773e-03   -1.499944e-03   2.033407e+00 
4.004322e-01   8.354759e-03   6.014422e-03   2.408217e-03   3.512099e-03   -1.507657e-03   2.075396e+00 
4.035794e-01   8.563002e-03   6.035908e-03   2.415282e-03   3.525687e-03   -1.515089e-03   2.117722e+00 
4.067620e-01   8.774794e-03   6.055663e-03   2.422020e-03   3.538711e-03   -1.522170e-03   2.160380e+00 
4.099808e-01   8.990167e-03   6.073556e-03   2.428449e-03   3.551021e-03   -1.528805e-03   2.203371e+00 
4.132313e-01   9.208698e-03   6.089617e-03   2.434551e-03   3.562240e-03   -1.535006e-03   2.246692e+00 
4.165071e-01   9.430023e-03   6.103916e-03   2.440253e-03   3.572105e-03   -1.540730e-03   2.290340e+00 
4.198044e-01   9.654269e-03   6.116796e-03   2.445472e-03   3.580742e-03   -1.545832e-03   2.334314e+00 
4.231197e-01   9.881329e-03   6.127874e-03   2.450178e-03   3.588438e-03   -1.550390e-03   2.378611e+00 
4.264505e-01   1.011093e-02   6.137164e-03   2.454385e-03   3.595843e-03   -1.554449e-03   2.423230e+00 
4.297987e-01   1.034279e-02   6.145403e-03   2.458006e-03   3.603823e-03   -1.558016e-03   2.468169e+00 
4.331700e-01   1.057745e-02   6.152199e-03   2.460959e-03   3.612519e-03   -1.561011e-03   2.513426e+00 
4.365685e-01   1.081512e-02   6.157785e-03   2.463289e-03   3.621009e-03   -1.563486e-03   2.558998e+00 
4.399943e-01   1.105500e-02   6.162902e-03   2.465047e-03   3.629209e-03   -1.565675e-03   2.604885e+00 
4.434477e-01   1.129686e-02   6.167484e-03   2.466553e-03   3.636795e-03   -1.567726e-03   2.651084e+00 
4.469266e-01   1.154060e-02   6.171689e-03   2.467983e-03   3.643536e-03   -1.569700e-03   2.697593e+00 
4.504250e-01   1.178623e-02   6.175310e-03   2.469192e-03   3.649249e-03   -1.571578e-03   2.744410e+00 
4.539413e-01   1.203422e-02   6.177528e-03   2.470067e-03   3.653718e-03   -1.573071e-03   2.791535e+00 
4.574775e-01   1.228467e-02   6.177462e-03   2.470544e-03   3.656831e-03   -1.574105e-03   2.838964e+00 
4.610348e-01   1.253795e-02   6.174280e-03   2.470684e-03   3.658471e-03   -1.574642e-03   2.886696e+00 
4.646146e-01   1.279419e-02   6.168063e-03   2.470480e-03   3.658983e-03   -1.574735e-03   2.934729e+00 
4.682192e-01   1.305326e-02   6.159570e-03   2.469619e-03   3.658446e-03   -1.574383e-03   2.983063e+00 
4.718454e-01   1.331510e-02   6.150321e-03   2.467785e-03   3.656746e-03   -1.573459e-03   3.031694e+00 
4.754818e-01   1.357919e-02   6.141315e-03   2.464886e-03   3.654193e-03   -1.571953e-03   3.080621e+00 
4.791242e-01   1.384526e-02   6.131104e-03   2.461035e-03   3.651340e-03   -1.569925e-03   3.129843e+00 
4.827792e-01   1.411406e-02   6.118924e-03   2.456222e-03   3.648113e-03   -1.567151e-03   3.179358e+00 
4.864514e-01   1.438559e-02   6.104721e-03   2.450438e-03   3.643848e-03   -1.563756e-03   3.229164e+00 
4.901431e-01   1.465917e-02   6.088014e-03   2.443783e-03   3.638134e-03   -1.560058e-03   3.279260e+00 
4.938604e-01   1.493546e-02   6.069086e-03   2.436333e-03   3.631005e-03   -1.555933e-03   3.329644e+00 
4.976070e-01   1.521494e-02   6.047723e-03   2.428048e-03   3.622908e-03   -1.551309e-03   3.380315e+00 
5.013765e-01   1.549721e-02   6.023958e-03   2.418832e-03   3.613864e-03   -1.546157e-03   3.431270e+00 
5.051651e-01   1.578238e-02   5.997711e-03   2.408926e-03   3.603181e-03   -1.540394e-03   3.482509e+00 
5.089707e-01   1.607018e-02   5.969398e-03   2.398470e-03   3.590929e-03   -1.534183e-03   3.534029e+00 
5.127864e-01   1.636033e-02   5.938930e-03   2.387601e-03   3.577089e-03   -1.527544e-03   3.585830e+00 
5.166116e-01   1.665318e-02   5.905314e-03   2.376295e-03   3.561688e-03   -1.520202e-03   3.637910e+00 
5.204467e-01   1.694827e-02   5.869740e-03   2.364463e-03   3.545210e-03   -1.512371e-03   3.690267e+00 
5.242880e-01   1.724527e-02   5.833657e-03   2.352010e-03   3.527418e-03   -1.504084e-03   3.742900e+00 
5.281365e-01   1.754465e-02   5.796383e-03   2.338802e-03   3.508164e-03   -1.495148e-03   3.795807e+00 
5.319984e-01   1.784613e-02   5.758313e-03   2.324750e-03   3.487346e-03   -1.485780e-03   3.848987e+00 
5.358742e-01   1.814940e-02   5.719542e-03   2.309987e-03   3.464559e-03   -1.476155e-03   3.902439e+00 
5.397602e-01   1.845473e-02   5.678698e-03   2.294567e-03   3.440187e-03   -1.466267e-03   3.956161e+00 
5.436536e-01   1.876203e-02   5.636326e-03   2.278296e-03   3.414708e-03   -1.456141e-03   4.010151e+00 
5.475494e-01   1.907114e-02   5.592776e-03   2.261039e-03   3.388030e-03   -1.445614e-03   4.064409e+00 
5.514439e-01   1.938152e-02   5.547827e-03   2.243146e-03   3.359666e-03   -1.434725e-03   4.118932e+00 
5.553411e-01   1.969361e-02   5.501606e-03   2.224797e-03   3.330017e-03   -1.423279e-03   4.173720e+00 
5.592434e-01   2.000775e-02   5.454375e-03   2.205850e-03   3.300253e-03   -1.411177e-03   4.228772e+00 
5.631476e-01   2.032367e-02   5.407063e-03   2.186181e-03   3.270312e-03   -1.398508e-03   4.284085e+00 
5.670516e-01   2.064157e-02   5.358835e-03   2.165781e-03   3.240455e-03   -1.385333e-03   4.339659e+00 
5.709542e-01   2.096131e-02   5.309650e-03   2.144563e-03   3.210627e-03   -1.371644e-03   4.395492e+00 
5.748521e-01   2.128288e-02   5.259163e-03   2.122622e-03   3.180002e-03   -1.357335e-03   4.451583e+00 
5.787451e-01   2.160602e-02   5.206894e-03   2.100134e-03   3.147758e-03   -1.342466e-03   4.507931e+00 
5.826343e-01   2.193037e-02   5.152464e-03   2.077165e-03   3.113635e-03   -1.327294e-03   4.564534e+00 
5.865161e-01   2.225598e-02   5.096440e-03   2.053616e-03   3.078211e-03   -1.311761e-03   4.621391e+00 
5.903912e-01   2.258300e-02   5.038163e-03   2.029334e-03   3.041625e-03   -1.295806e-03   4.678501e+00 
5.942625e-01   2.291121e-02   4.978259e-03   2.004126e-03   3.003095e-03   -1.279462e-03   4.735863e+00 
5.981301e-01   2.324057e-02   4.916455e-03   1.977985e-03   2.962681e-03   -1.262722e-03   4.793475e+00 
6.019947e-01   2.357106e-02   4.851954e-03   1.951015e-03   2.921079e-03   -1.245627e-03   4.851337e+00 
6.058560e-01   2.390278e-02   4.785034e-03   1.923433e-03   2.877871e-03   -1.228149e-03   4.909446e+00 
6.097101e-01   2.423614e-02   4.715567e-03   1.895556e-03   2.833119e-03   -1.210095e-03   4.967802e+00 
6.135542e-01   2.457073e-02   4.644454e-03   1.867287e-03   2.787415e-03   -1.191507e-03   5.026404e+00 
6.173881e-01   2.490627e-02   4.571626e-03   1.838489e-03   2.741196e-03   -1.172547e-03   5.085251e+00 
6.212122e-01   2.524271e-02   4.497136e-03   1.809248e-03   2.694579e-03   -1.153300e-03   5.144340e+00 
6.250281e-01   2.558007e-02   4.421419e-03   1.779446e-03   2.647823e-03   -1.133741e-03   5.203672e+00 
6.288304e-01   2.591819e-02   4.344769e-03   1.749193e-03   2.600871e-03   -1.113872e-03   5.263245e+00 
6.326145e-01   2.625669e-02   4.267630e-03   1.718737e-03   2.552583e-03   -1.093615e-03   5.323058e+00 
6.363870e-01   2.659603e-02   4.189996e-03   1.688157e-03   2.503689e-03   -1.072798e-03   5.383109e+00 
6.401479e-01   2.693581e-02   4.112220e-03   1.657372e-03   2.454232e-03   -1.051688e-03   5.443399e+00 
6.438983e-01   2.727656e-02   4.033066e-03   1.626422e-03   2.403492e-03   -1.030075e-03   5.503925e+00 
6.476423e-01   2.761847e-02   3.952732e-03   1.595140e-03   2.350909e-03   -1.007964e-03   5.564686e+00 
6.513742e-01   2.796101e-02   3.871674e-03   1.563414e-03   2.297225e-03   -9.855489e-04   5.625682e+00 
6.550862e-01   2.830384e-02   3.789306e-03   1.531369e-03   2.243313e-03   -9.628509e-04   5.686911e+00 
6.587748e-01   2.864639e-02   3.705585e-03   1.499107e-03   2.188924e-03   -9.399889e-04   5.748373e+00 
6.624444e-01   2.898893e-02   3.621409e-03   1.466590e-03   2.133424e-03   -9.168830e-04   5.810065e+00 
6.660897e-01   2.933156e-02   3.537383e-03   1.433740e-03   2.076898e-03   -8.933548e-04   5.871988e+00 
6.697052e-01   2.967402e-02   3.452156e-03   1.400698e-03   2.019134e-03   -8.694258e-04   5.934140e+00 
6.732952e-01   3.001635e-02   3.365502e-03   1.367389e-03   1.960687e-03   -8.452927e-04   5.996521e+00 
6.768605e-01   3.035842e-02   3.278100e-03   1.333708e-03   1.902689e-03   -8.210679e-04   6.059128e+00 
6.803980e-01   3.069998e-02   3.190421e-03   1.299581e-03   1.845420e-03   -7.966601e-04   6.121962e+00 
6.839071e-01   3.104095e-02   3.102604e-03   1.265147e-03   1.788245e-03   -7.720221e-04   6.185021e+00 
6.873882e-01   3.138132e-02   3.014634e-03   1.230647e-03   1.730127e-03   -7.472238e-04   6.248304e+00 
6.908386e-01   3.172075e-02   2.926738e-03   1.196119e-03   1.671289e-03   -7.224020e-04   6.311810e+00 
6.942597e-01   3.205930e-02   2.838246e-03   1.161717e-03   1.612233e-03   -6.975783e-04   6.375539e+00 
6.976516e-01   3.239708e-02   2.748986e-03   1.127599e-03   1.553390e-03   -6.728198e-04   6.439489e+00 
7.010081e-01   3.273385e-02   2.659423e-03   1.093788e-03   1.494487e-03   -6.481895e-04   6.503658e+00 
7.043197e-01   3.306867e-02   2.570243e-03   1.060208e-03   1.435255e-03   -6.238638e-04   6.568048e+00 
7.075842e-01   3.340120e-02   2.481394e-03   1.026784e-03   1.376325e-03   -5.999159e-04   6.632656e+00 
7.108112e-01   3.373254e-02   2.391867e-03   9.935246e-04   1.318434e-03   -5.759921e-04   6.697481e+00 
7.140006e-01   3.406278e-02   2.301629e-03   9.605062e-04   1.261213e-03   -5.520617e-04   6.762523e+00 
7.171411e-01   3.439094e-02   2.211712e-03   9.277762e-04   1.204653e-03   -5.282716e-04   6.827781e+00 
7.202253e-01   3.471664e-02   2.122120e-03   8.953518e-04   1.149152e-03   -5.046634e-04   6.893253e+00 
7.232535e-01   3.503982e-02   2.032878e-03   8.632332e-04   1.094240e-03   -4.812369e-04   6.958940e+00 
7.262286e-01   3.536079e-02   1.943855e-03   8.315687e-04   1.039690e-03   -4.579150e-04   7.024839e+00 
7.291455e-01   3.567906e-02   1.855382e-03   8.003168e-04   9.857282e-04   -4.348475e-04   7.090950e+00 
7.319991e-01   3.599416e-02   1.766846e-03   7.694238e-04   9.324489e-04   -4.122017e-04   7.157273e+00 
7.347882e-01   3.630636e-02   1.678164e-03   7.388813e-04   8.803921e-04   -3.898197e-04   7.223806e+00 
7.375105e-01   3.661561e-02   1.590110e-03   7.088196e-04   8.295732e-04   -3.675657e-04   7.290548e+00 
7.401633e-01   3.692157e-02   1.502593e-03   6.793430e-04   7.797547e-04   -3.455769e-04   7.357499e+00 
7.427381e-01   3.722332e-02   1.415541e-03   6.503738e-04   7.311901e-04   -3.242124e-04   7.424658e+00 
7.452301e-01   3.752041e-02   1.329162e-03   6.218614e-04   6.838987e-04   -3.035571e-04   7.492024e+00 
7.476371e-01   3.781279e-02   1.243891e-03   5.938325e-04   6.379847e-04   -2.835810e-04   7.559596e+00 
7.499535e-01   3.810002e-02   1.160410e-03   5.662695e-04   5.936258e-04   -2.643083e-04   7.627374e+00 
7.521778e-01   3.838207e-02   1.078717e-03   5.391781e-04   5.510762e-04   -2.456952e-04   7.695355e+00 
7.543085e-01   3.865889e-02   9.989522e-04   5.125689e-04   5.104043e-04   -2.277393e-04   7.763540e+00 
7.563417e-01   3.893025e-02   9.212726e-04   4.864643e-04   4.716416e-04   -2.104779e-04   7.831929e+00 
7.582731e-01   3.919588e-02   8.459800e-04   4.609348e-04   4.349028e-04   -1.938815e-04   7.900519e+00 
7.601008e-01   3.945562e-02   7.735157e-04   4.360995e-04   3.999107e-04   -1.779507e-04   7.969311e+00 
7.618243e-01   3.970924e-02   7.041793e-04   4.119942e-04   3.665952e-04   -1.627855e-04   8.038303e+00 
7.634442e-01   3.995668e-02   6.383122e-04   3.885953e-04   3.352917e-04   -1.483917e-04   8.107494e+00 
7.649593e-01   4.019780e-02   5.763343e-04   3.658973e-04   3.060401e-04   -1.347511e-04   8.176885e+00 
7.663672e-01   4.043229e-02   5.186816e-04   3.438313e-04   2.786076e-04   -1.219213e-04   8.246474e+00 
7.676676e-01   4.066016e-02   4.655187e-04   3.224345e-04   2.527932e-04   -1.098981e-04   8.316260e+00 
7.688612e-01   4.088137e-02   4.167698e-04   3.017260e-04   2.286810e-04   -9.870744e-05   8.386243e+00 
7.699496e-01   4.109591e-02   3.722784e-04   2.816919e-04   2.064150e-04   -8.833877e-05   8.456421e+00 
7.709371e-01   4.130417e-02   3.317502e-04   2.624376e-04   1.859444e-04   -7.869640e-05   8.526795e+00 
7.718272e-01   4.150638e-02   2.948654e-04   2.440613e-04   1.670840e-04   -6.977867e-05   8.597363e+00 
7.726244e-01   4.170273e-02   2.614545e-04   2.265740e-04   1.496606e-04   -6.159238e-05   8.668125e+00 
7.733354e-01   4.189367e-02   2.313784e-04   2.099442e-04   1.335903e-04   -5.410176e-05   8.739080e+00 
7.739651e-01   4.207949e-02   2.044609e-04   1.941748e-04   1.188929e-04   -4.730616e-05   8.810226e+00 
7.745180e-01   4.226043e-02   1.805152e-04   1.792634e-04   1.056222e-04   -4.120571e-05   8.881564e+00 
7.749997e-01   4.243686e-02   1.593279e-04   1.652254e-04   9.362435e-05   -3.575981e-05   8.953094e+00 
7.754160e-01   4.260911e-02   1.407384e-04   1.520531e-04   8.284814e-05   -3.091707e-05   9.024812e+00 
7.757733e-01   4.277769e-02   1.243953e-04   1.397252e-04   7.327394e-05   -2.660052e-05   9.096720e+00 
7.760768e-01   4.294295e-02   1.100562e-04   1.282100e-04   6.476931e-05   -2.277810e-05   9.168818e+00 
7.763301e-01   4.310506e-02   9.755451e-05   1.174713e-04   5.724261e-05   -1.945696e-05   9.241103e+00 
7.765387e-01   4.326442e-02   8.664713e-05   1.075026e-04   5.062154e-05   -1.657204e-05   9.313575e+00 
7.767079e-01   4.342138e-02   7.716729e-05   9.829271e-05   4.476410e-05   -1.409191e-05   9.386233e+00 
7.768423e-01   4.357625e-02   6.894487e-05   8.982838e-05   3.956384e-05   -1.197226e-05   9.459078e+00 
7.769470e-01   4.372940e-02   6.180130e-05   8.208191e-05   3.498706e-05   -1.014220e-05   9.532108e+00 
7.770261e-01   4.388114e-02   5.558749e-05   7.500835e-05   3.094976e-05   -8.567716e-06   9.605323e+00 
7.770836e-01   4.403171e-02   5.012943e-05   6.857297e-05   2.738986e-05   -7.213276e-06   9.678721e+00 
7.771229e-01   4.418135e-02   4.531775e-05   6.273247e-05   2.428175e-05   -6.061477e-06   9.752303e+00 
7.771467e-01   4.433019e-02   4.110482e-05   5.743457e-05   2.157306e-05   -5.104226e-06   9.826067e+00 
7.771580e-01   4.447845e-02   3.740072e-05   5.263290e-05   1.919544e-05   -4.297578e-06   9.900013e+00 
7.771590e-01   4.462633e-02   3.414739e-05   4.827712e-05   1.709385e-05   -3.611929e-06   9.974140e+00 
7.771511e-01   4.477391e-02   3.129673e-05   4.432543e-05   1.524877e-05   -3.042875e-06   1.004845e+01 
7.771355e-01   4.492128e-02   2.877005e-05   4.074476e-05   1.365367e-05   -2.569185e-06   1.012294e+01 
7.771134e-01   4.506853e-02   2.650310e-05   3.750564e-05   1.227327e-05   -2.173963e-06   1.019760e+01 
7.770857e-01   4.521574e-02   2.447915e-05   3.458132e-05   1.106197e-05   -1.840207e-06   1.027245e+01 
7.770536e-01   4.536299e-02   2.268313e-05   3.194280e-05   1.000680e-05   -1.550152e-06   1.034747e+01 
7.770176e-01   4.551032e-02   2.107887e-05   2.956024e-05   9.101665e-06   -1.307387e-06   1.042268e+01 
7.769779e-01   4.565771e-02   1.961980e-05   2.740945e-05   8.313741e-06   -1.118333e-06   1.049806e+01 
7.769351e-01   4.580523e-02   1.829325e-05   2.546736e-05   7.618489e-06   -9.730211e-07   1.057361e+01 
7.768896e-01   4.595291e-02   1.709700e-05   2.370788e-05   7.001166e-06   -8.606357e-07   1.064934e+01 
7.768421e-01   4.610079e-02   1.601618e-05   2.210882e-05   6.452528e-06   -7.709052e-07   1.072525e+01 
7.767929e-01   4.624892e-02   1.503858e-05   2.065243e-05   5.962889e-06   -6.932571e-07   1.080133e+01 
7.767423e-01   4.639731e-02   1.415123e-05   1.932334e-05   5.525925e-06   -6.244885e-07   1.087758e+01 
7.766903e-01   4.654595e-02   1.333538e-05   1.810891e-05   5.135175e-06   -5.692923e-07   1.095401e+01 
7.766368e-01   4.669484e-02   1.257455e-05   1.700057e-05   4.782846e-06   -5.285388e-07   1.103061e+01 
7.765822e-01   4.684400e-02   1.186552e-05   1.598992e-05   4.466185e-06   -4.959517e-07   1.110738e+01 
7.765266e-01   4.699345e-02   1.121086e-05   1.506561e-05   4.184407e-06   -4.677557e-07   1.118433e+01 
7.764700e-01   4.714319e-02   1.060780e-05   1.421606e-05   3.930835e-06   -4.432931e-07   1.126144e+01 
7.764127e-01   4.729322e-02   1.005134e-05   1.343271e-05   3.698343e-06   -4.204734e-07   1.133873e+01 
7.763546e-01   4.744354e-02   9.536900e-06   1.270907e-05   3.481174e-06   -3.989572e-07   1.141618e+01 
7.762956e-01   4.759415e-02   9.060536e-06   1.203894e-05   3.277759e-06   -3.793101e-07   1.149381e+01 
7.762358e-01   4.774506e-02   8.617021e-06   1.141691e-05   3.090336e-06   -3.605592e-07   1.157160e+01 
7.761752e-01   4.789626e-02   8.203548e-06   1.083818e-05   2.918823e-06   -3.429637e-07   1.164956e+01 
7.761139e-01   4.804775e-02   7.817659e-06   1.029838e-05   2.760563e-06   -3.271525e-07   1.172769e+01 
7.760518e-01   4.819953e-02   7.455963e-06   9.793817e-06   2.613139e-06   -3.126841e-07   1.180599e+01 
7.759890e-01   4.835160e-02   7.117046e-06   9.321379e-06   2.475756e-06   -2.993664e-07   1.188445e+01 
7.759254e-01   4.850397e-02   6.799911e-06   8.878455e-06   2.348463e-06   -2.864029e-07   1.196308e+01 
7.758612e-01   4.865662e-02   6.503496e-06   8.462735e-06   2.230484e-06   -2.731376e-07   1.204188e+01 
7.757963e-01   4.880957e-02   6.225270e-06   8.072110e-06   2.120868e-06   -2.601222e-07   1.212084e+01 
7.757306e-01   4.896281e-02   5.962041e-06   7.704822e-06   2.018771e-06   -2.486597e-07   1.219996e+01 
7.756642e-01   4.911633e-02   5.712481e-06   7.358921e-06   1.923300e-06   -2.395107e-07   1.227925e+01 
7.755971e-01   4.927013e-02   5.476056e-06   7.032968e-06   1.833939e-06   -2.317654e-07   1.235870e+01 
7.755292e-01   4.942422e-02   5.252585e-06   6.725906e-06   1.749956e-06   -2.241684e-07   1.243832e+01 
7.754607e-01   4.957860e-02   5.041540e-06   6.436493e-06   1.670806e-06   -2.166098e-07   1.251809e+01 
7.753915e-01   4.973326e-02   4.841670e-06   6.163366e-06   1.596255e-06   -2.094535e-07   1.259803e+01 
7.753216e-01   4.988821e-02   4.651976e-06   5.905282e-06   1.525774e-06   -2.027832e-07   1.267813e+01 
7.752511e-01   5.004344e-02   4.471845e-06   5.661068e-06   1.459008e-06   -1.966440e-07   1.275839e+01 
7.751799e-01   5.019895e-02   4.300805e-06   5.429641e-06   1.395779e-06   -1.910906e-07   1.283881e+01 
7.751080e-01   5.035475e-02   4.138681e-06   5.209998e-06   1.336186e-06   -1.856968e-07   1.291940e+01 
7.750355e-01   5.051084e-02   3.984711e-06   5.001440e-06   1.280064e-06   -1.803143e-07   1.300014e+01 
7.749625e-01   5.066720e-02   3.838304e-06   4.803512e-06   1.226656e-06   -1.751530e-07   1.308103e+01 
7.748888e-01   5.082386e-02   3.698932e-06   4.615603e-06   1.175726e-06   -1.703501e-07   1.316209e+01 
7.748145e-01   5.098079e-02   3.566051e-06   4.437006e-06   1.127485e-06   -1.658630e-07   1.324331e+01 
7.747397e-01   5.113801e-02   3.439480e-06   4.267103e-06   1.081797e-06   -1.615692e-07   1.332468e+01 
7.746643e-01   5.129551e-02   3.318915e-06   4.105363e-06   1.038413e-06   -1.574194e-07   1.340621e+01 
7.745883e-01   5.145329e-02   3.203954e-06   3.951301e-06   9.971638e-07   -1.534236e-07   1.348790e+01 
7.745118e-01   5.161136e-02   3.094265e-06   3.804454e-06   9.579120e-07   -1.495861e-07   1.356974e+01 
7.744347e-01   5.176970e-02   2.989578e-06   3.664412e-06   9.205378e-07   -1.458934e-07   1.365174e+01 
7.743569e-01   5.192833e-02   2.889626e-06   3.530790e-06   8.849300e-07   -1.423361e-07   1.373390e+01 
7.742786e-01   5.208722e-02   2.794181e-06   3.403233e-06   8.509882e-07   -1.388930e-07   1.381620e+01 
7.741996e-01   5.224639e-02   2.703007e-06   3.281412e-06   8.186186e-07   -1.355530e-07   1.389866e+01 
7.741199e-01   5.240582e-02   2.615867e-06   3.165010e-06   7.877328e-07   -1.323138e-07   1.398128e+01 
7.740394e-01   5.256552e-02   2.532568e-06   3.053742e-06   7.582502e-07   -1.291671e-07   1.406405e+01 
7.739581e-01   5.272548e-02   2.452878e-06   2.947331e-06   7.300941e-07   -1.261187e-07   1.414697e+01 
7.738760e-01   5.288569e-02   2.376624e-06   2.845527e-06   7.031942e-07   -1.231587e-07   1.423005e+01 
7.737930e-01   5.304615e-02   2.303587e-06   2.748092e-06   6.774836e-07   -1.203054e-07   1.431327e+01 
7.737091e-01   5.320687e-02   2.233608e-06   2.654796e-06   6.528990e-07   -1.175518e-07   1.439665e+01 
7.736244e-01   5.336783e-02   2.166498e-06   2.565434e-06   6.293827e-07   -1.149054e-07   1.448018e+01 
7.735387e-01   5.352904e-02   2.102112e-06   2.479806e-06   6.068788e-07   -1.123673e-07   1.456386e+01 
7.734521e-01   5.369050e-02   2.040296e-06   2.397727e-06   5.853352e-07   -1.099353e-07   1.464769e+01 
7.733647e-01   5.385220e-02   1.980937e-06   2.319028e-06   5.647040e-07   -1.076071e-07   1.473166e+01 
7.732763e-01   5.401415e-02   1.923908e-06   2.243542e-06   5.449385e-07   -1.053758e-07   1.481579e+01 
7.731872e-01   5.417635e-02   1.869094e-06   2.171115e-06   5.259955e-07   -1.032368e-07   1.490007e+01 
7.730972e-01   5.433879e-02   1.816410e-06   2.101604e-06   5.078351e-07   -1.011811e-07   1.498450e+01 
7.730063e-01   5.450148e-02   1.765752e-06   2.034871e-06   4.904189e-07   -9.920797e-08   1.506907e+01 
7.729146e-01   5.466441e-02   1.717038e-06   1.970787e-06   4.737112e-07   -9.730697e-08   1.515379e+01 
7.728220e-01   5.482759e-02   1.670171e-06   1.909229e-06   4.576783e-07   -9.547583e-08   1.523866e+01 
7.727287e-01   5.499101e-02   1.625075e-06   1.850081e-06   4.422879e-07   -9.371544e-08   1.532367e+01 
7.726344e-01   5.515467e-02   1.581665e-06   1.793233e-06   4.275097e-07   -9.201980e-08   1.540883e+01 
7.725394e-01   5.531858e-02   1.539854e-06   1.738582e-06   4.133145e-07   -9.038786e-08   1.549414e+01 
7.724435e-01   5.548272e-02   1.499576e-06   1.686028e-06   3.996754e-07   -8.882354e-08   1.557959e+01 
7.723467e-01   5.564711e-02   1.460764e-06   1.635479e-06   3.865662e-07   -8.732040e-08   1.566519e+01 
7.722492e-01   5.581174e-02   1.423335e-06   1.586845e-06   3.739631e-07   -8.588044e-08   1.575094e+01 
7.721509e-01   5.597660e-02   1.387250e-06   1.540044e-06   3.618435e-07   -8.449866e-08   1.583682e+01 
7.720517e-01   5.614171e-02   1.352423e-06   1.494995e-06   3.501855e-07   -8.317576e-08   1.592285e+01 
7.719518e-01   5.630706e-02   1.318833e-06   1.451623e-06   3.389692e-07   -8.190697e-08   1.600903e+01 
7.718511e-01   5.647265e-02   1.286405e-06   1.409858e-06   3.281748e-07   -8.069070e-08   1.609534e+01 
7.717496e-01   5.663848e-02   1.255095e-06   1.369630e-06   3.177837e-07   -7.952130e-08   1.618180e+01 
7.716474e-01   5.680455e-02   1.224876e-06   1.330875e-06   3.077784e-07   -7.839610e-08   1.626841e+01 
7.715444e-01   5.697085e-02   1.195677e-06   1.293531e-06   2.981418e-07   -7.731615e-08   1.635515e+01 
7.714407e-01   5.713740e-02   1.167478e-06   1.257541e-06   2.888584e-07   -7.627470e-08   1.644204e+01 
7.713362e-01   5.730418e-02   1.140226e-06   1.222847e-06   2.799127e-07   -7.526925e-08   1.652906e+01 
7.712309e-01   5.747120e-02   1.113895e-06   1.189397e-06   2.712909e-07   -7.430013e-08   1.661623e+01 
7.711249e-01   5.763846e-02   1.088440e-06   1.157140e-06   2.629789e-07   -7.336544e-08   1.670354e+01 
7.710181e-01   5.780594e-02   1.063829e-06   1.126028e-06   2.549642e-07   -7.246309e-08   1.679099e+01 
7.709106e-01   5.797367e-02   1.040033e-06   1.096014e-06   2.472342e-07   -7.159234e-08   1.687858e+01 
7.708022e-01   5.814162e-02   1.017003e-06   1.067055e-06   2.397772e-07   -7.075375e-08   1.696630e+01 
7.706931e-01   5.830980e-02   9.947239e-07   1.039109e-06   2.325820e-07   -6.994278e-08   1.705417e+01 
7.705831e-01   5.847822e-02   9.731527e-07   1.012135e-06   2.256379e-07   -6.916566e-08   1.714217e+01 
7.704724e-01   5.864686e-02   9.522682e-07   9.860962e-07   2.189346e-07   -6.841734e-08   1.723032e+01 
7.703610e-01   5.881573e-02   9.320286e-07   9.609548e-07   2.124627e-07   -6.770064e-08   1.731860e+01 
7.702487e-01   5.898483e-02   9.124239e-07   9.366764e-07   2.062126e-07   -6.701379e-08   1.740702e+01 
7.701357e-01   5.915416e-02   8.934145e-07   9.132280e-07   2.001758e-07   -6.635716e-08   1.749557e+01 
7.700220e-01   5.932372e-02   8.749941e-07   8.905765e-07   1.943438e-07   -6.573098e-08   1.758426e+01 
7.699075e-01   5.949350e-02   8.571276e-07   8.686944e-07   1.887086e-07   -6.512926e-08   1.767309e+01 
7.697923e-01   5.966352e-02   8.397967e-07   8.475505e-07   1.832625e-07   -6.455350e-08   1.776206e+01 
7.696763e-01   5.983376e-02   8.229943e-07   8.271193e-07   1.779982e-07   -6.399686e-08   1.785116e+01 
7.695597e-01   6.000424e-02   8.066893e-07   8.073737e-07   1.729087e-07   -6.345739e-08   1.794039e+01 
7.694422e-01   6.017493e-02   7.908825e-07   7.882883e-07   1.679874e-07   -6.292838e-08   1.802977e+01 
7.693240e-01   6.034585e-02   7.755520e-07   7.698399e-07   1.632280e-07   -6.241104e-08   1.811927e+01 
7.692050e-01   6.051698e-02   7.606851e-07   7.520029e-07   1.586244e-07   -6.190286e-08   1.820891e+01 
7.690851e-01   6.068833e-02   7.462674e-07   7.347573e-07   1.541711e-07   -6.140383e-08   1.829868e+01 
7.689642e-01   6.085989e-02   7.322813e-07   7.180800e-07   1.498622e-07   -6.091058e-08   1.838859e+01 
7.688424e-01   6.103165e-02   7.187057e-07   7.019507e-07   1.456921e-07   -6.042303e-08   1.847863e+01 
7.687196e-01   6.120361e-02   7.055345e-07   6.863487e-07   1.416564e-07   -5.994283e-08   1.856880e+01 
7.685958e-01   6.137577e-02   6.927224e-07   6.712565e-07   1.377498e-07   -5.947239e-08   1.865911e+01 
7.684709e-01   6.154812e-02   6.802900e-07   6.566535e-07   1.339676e-07   -5.901197e-08   1.874955e+01 
7.683448e-01   6.172067e-02   6.681966e-07   6.425236e-07   1.303052e-07   -5.856492e-08   1.884012e+01 
7.682177e-01   6.189340e-02   6.564284e-07   6.288492e-07   1.267585e-07   -5.813425e-08   1.893082e+01 
7.680895e-01   6.206632e-02   6.449750e-07   6.156131e-07   1.233231e-07   -5.772300e-08   1.902166e+01 
7.679602e-01   6.223943e-02   6.338198e-07   6.028004e-07   1.199951e-07   -5.733710e-08   1.911262e+01 
7.678299e-01   6.241273e-02   6.229361e-07   5.903950e-07   1.167706e-07   -5.697828e-08   1.920371e+01 
7.676986e-01   6.258623e-02   6.123246e-07   5.783829e-07   1.136458e-07   -5.665276e-08   1.929494e+01 
7.675664e-01   6.275993e-02   6.019620e-07   5.667505e-07   1.106171e-07   -5.636258e-08   1.938630e+01 
7.674334e-01   6.293385e-02   5.918474e-07   5.554831e-07   1.076811e-07   -5.611050e-08   1.947778e+01 
7.672998e-01   6.310798e-02   5.819593e-07   5.445706e-07   1.048346e-07   -5.589759e-08   1.956939e+01 
7.671656e-01   6.328234e-02   5.722930e-07   5.339994e-07   1.020742e-07   -5.572103e-08   1.966114e+01 
7.670309e-01   6.345693e-02   5.628576e-07   5.237605e-07   9.939723e-08   -5.557563e-08   1.975301e+01 
7.668960e-01   6.363177e-02   5.536467e-07   5.138431e-07   9.680058e-08   -5.545380e-08   1.984501e+01 
7.667607e-01   6.380686e-02   5.446580e-07   5.042386e-07   9.428164e-08   -5.534604e-08   1.993714e+01 
7.666250e-01   6.398219e-02   5.358984e-07   4.949380e-07   9.183768e-08   -5.524355e-08   2.002940e+01 
7.664891e-01   6.415777e-02   5.273772e-07   4.859329e-07   8.946632e-08   -5.513448e-08   2.012178e+01 
7.663527e-01   6.433358e-02   5.190787e-07   4.772148e-07   8.716505e-08   -5.501106e-08   2.021429e+01 
7.662158e-01   6.450962e-02   5.110069e-07   4.687755e-07   8.493155e-08   -5.486716e-08   2.030693e+01 
7.660783e-01   6.468587e-02   5.031539e-07   4.606061e-07   8.276368e-08   -5.470265e-08   2.039969e+01 
7.659399e-01   6.486233e-02   4.955145e-07   4.526979e-07   8.065924e-08   -5.451530e-08   2.049258e+01 
7.658006e-01   6.503898e-02   4.880683e-07   4.450419e-07   7.861619e-08   -5.431013e-08   2.058560e+01 
7.656602e-01   6.521580e-02   4.808121e-07   4.376290e-07   7.663253e-08   -5.409284e-08   2.067874e+01 
7.655187e-01   6.539280e-02   4.737313e-07   4.304499e-07   7.470636e-08   -5.386991e-08   2.077201e+01 
7.653760e-01   6.556996e-02   4.668035e-07   4.234968e-07   7.283580e-08   -5.364773e-08   2.086540e+01 
7.652321e-01   6.574729e-02   4.600418e-07   4.167618e-07   7.101900e-08   -5.342853e-08   2.095892e+01 
7.650870e-01   6.592478e-02   4.534269e-07   4.102365e-07   6.925424e-08   -5.322078e-08   2.105257e+01 
7.649406e-01   6.610243e-02   4.469554e-07   4.039149e-07   6.753983e-08   -5.302435e-08   2.114633e+01 
7.647931e-01   6.628025e-02   4.406253e-07   3.977906e-07   6.587413e-08   -5.284001e-08   2.124022e+01 
7.646444e-01   6.645823e-02   4.344142e-07   3.918574e-07   6.425556e-08   -5.266457e-08   2.133424e+01 
7.644946e-01   6.663637e-02   4.283242e-07   3.861092e-07   6.268266e-08   -5.249964e-08   2.142837e+01 
7.643436e-01   6.681468e-02   4.223674e-07   3.805407e-07   6.115391e-08   -5.234350e-08   2.152264e+01 
7.641915e-01   6.699316e-02   4.165294e-07   3.751456e-07   5.966792e-08   -5.219726e-08   2.161702e+01 
7.640383e-01   6.717180e-02   4.108103e-07   3.699197e-07   5.822338e-08   -5.205981e-08   2.171152e+01 
7.638840e-01   6.735061e-02   4.052153e-07   3.648582e-07   5.681892e-08   -5.192930e-08   2.180615e+01 
7.637286e-01   6.752959e-02   3.997224e-07   3.599558e-07   5.545333e-08   -5.180620e-08   2.190090e+01 
7.635722e-01   6.770874e-02   3.943412e-07   3.552082e-07   5.412537e-08   -5.168812e-08   2.199577e+01 
7.634146e-01   6.788805e-02   3.890583e-07   3.506115e-07   5.283391e-08   -5.157589e-08   2.209077e+01 
7.632560e-01   6.806752e-02   3.838857e-07   3.461609e-07   5.157776e-08   -5.146803e-08   2.218588e+01 
7.630963e-01   6.824716e-02   3.788056e-07   3.418515e-07   5.035587e-08   -5.136575e-08   2.228112e+01 
7.629355e-01   6.842697e-02   3.738234e-07   3.376804e-07   4.916722e-08   -5.126825e-08   2.237647e+01 
7.627736e-01   6.860694e-02   3.689347e-07   3.336424e-07   4.801069e-08   -5.117466e-08   2.247195e+01 
7.626106e-01   6.878707e-02   3.641350e-07   3.297337e-07   4.688539e-08   -5.108612e-08   2.256755e+01 
7.624465e-01   6.896737e-02   3.594265e-07   3.259518e-07   4.579051e-08   -5.100111e-08   2.266326e+01 
7.622814e-01   6.914782e-02   3.547975e-07   3.222917e-07   4.472489e-08   -5.092022e-08   2.275910e+01 
7.621152e-01   6.932844e-02   3.502555e-07   3.187512e-07   4.368751e-08   -5.084062e-08   2.285505e+01 
7.619479e-01   6.950921e-02   3.457819e-07   3.153256e-07   4.267773e-08   -5.076354e-08   2.295112e+01 
7.617795e-01   6.969015e-02   3.413918e-07   3.120122e-07   4.169481e-08   -5.069034e-08   2.304732e+01 
7.616100e-01   6.987124e-02   3.370838e-07   3.088078e-07   4.073791e-08   -5.062076e-08   2.314363e+01 
7.614394e-01   7.005249e-02   3.328364e-07   3.057086e-07   3.980620e-08   -5.055671e-08   2.324006e+01 
7.612677e-01   7.023389e-02   3.286753e-07   3.027132e-07   3.889896e-08   -5.049373e-08   2.333660e+01 
7.610949e-01   7.041545e-02   3.245704e-07   2.998180e-07   3.801546e-08   -5.043435e-08   2.343327e+01 
7.609210e-01   7.059717e-02   3.205366e-07   2.970198e-07   3.715503e-08   -5.037623e-08   2.353005e+01 
7.607461e-01   7.077904e-02   3.165715e-07   2.943166e-07   3.631695e-08   -5.032082e-08   2.362695e+01 
7.605700e-01   7.096106e-02   3.126603e-07   2.917053e-07   3.550060e-08   -5.026696e-08   2.372396e+01 
7.603927e-01   7.114323e-02   3.088201e-07   2.891839e-07   3.470535e-08   -5.021556e-08   2.382110e+01 
7.602144e-01   7.132555e-02   3.050334e-07   2.867490e-07   3.393058e-08   -5.016567e-08   2.391835e+01 
7.600350e-01   7.150803e-02   3.013055e-07   2.843990e-07   3.317570e-08   -5.011809e-08   2.401571e+01 
7.598544e-01   7.169065e-02   2.976326e-07   2.821314e-07   3.244014e-08   -5.007294e-08   2.411319e+01 
7.596728e-01   7.187342e-02   2.940187e-07   2.799430e-07   3.172336e-08   -5.002808e-08   2.421079e+01 
7.594900e-01   7.205634e-02   2.904536e-07   2.778331e-07   3.102479e-08   -4.998522e-08   2.430850e+01 
7.593060e-01   7.223940e-02   2.869410e-07   2.757989e-07   3.034394e-08   -4.994432e-08   2.440633e+01 
7.591210e-01   7.242260e-02   2.834797e-07   2.738383e-07   2.968030e-08   -4.990374e-08   2.450427e+01 
7.589348e-01   7.260596e-02   2.800626e-07   2.719488e-07   2.903339e-08   -4.986527e-08   2.460233e+01 
7.587475e-01   7.278945e-02   2.766956e-07   2.701290e-07   2.840273e-08   -4.982753e-08   2.470050e+01 
7.585590e-01   7.297309e-02   2.733747e-07   2.683771e-07   2.778788e-08   -4.979065e-08   2.479878e+01 
7.583694e-01   7.315686e-02   2.701042e-07   2.666908e-07   2.718838e-08   -4.975461e-08   2.489718e+01 
7.581786e-01   7.334078e-02   2.668677e-07   2.650684e-07   2.660381e-08   -4.971952e-08   2.499570e+01 
7.579867e-01   7.352484e-02   2.636772e-07   2.635083e-07   2.603377e-08   -4.968535e-08   2.509432e+01 
7.577937e-01   7.370903e-02   2.605321e-07   2.620086e-07   2.547783e-08   -4.965090e-08   2.519306e+01 
7.575994e-01   7.389336e-02   2.574207e-07   2.605685e-07   2.493562e-08   -4.961775e-08   2.529191e+01 
7.574041e-01   7.407783e-02   2.543495e-07   2.591845e-07   2.440676e-08   -4.958490e-08   2.539088e+01 
7.572075e-01   7.426243e-02   2.513237e-07   2.578566e-07   2.389090e-08   -4.955241e-08   2.548996e+01 
7.570098e-01   7.444717e-02   2.483245e-07   2.565829e-07   2.338765e-08   -4.951979e-08   2.558915e+01 
7.568109e-01   7.463204e-02   2.453662e-07   2.553612e-07   2.289670e-08   -4.948775e-08   2.568845e+01 
7.566109e-01   7.481704e-02   2.424465e-07   2.541916e-07   2.241770e-08   -4.945536e-08   2.578787e+01 
7.564096e-01   7.500218e-02   2.395559e-07   2.530707e-07   2.195032e-08   -4.942340e-08   2.588739e+01 
7.562072e-01   7.518744e-02   2.367057e-07   2.519991e-07   2.149428e-08   -4.939137e-08   2.598703e+01 
7.560036e-01   7.537283e-02   2.338804e-07   2.509740e-07   2.104923e-08   -4.935962e-08   2.608678e+01 
7.557988e-01   7.555835e-02   2.310893e-07   2.499950e-07   2.061491e-08   -4.932770e-08   2.618663e+01 
7.555928e-01   7.574400e-02   2.283315e-07   2.490603e-07   2.019103e-08   -4.929522e-08   2.628660e+01 
7.553856e-01   7.592977e-02   2.256017e-07   2.481693e-07   1.977730e-08   -4.926333e-08   2.638668e+01 
7.551772e-01   7.611567e-02   2.229018e-07   2.473203e-07   1.937346e-08   -4.923100e-08   2.648688e+01 
7.549676e-01   7.630169e-02   2.202312e-07   2.465129e-07   1.897924e-08   -4.919798e-08   2.658718e+01 
7.547568e-01   7.648784e-02   2.175893e-07   2.457456e-07   1.859440e-08   -4.916529e-08   2.668759e+01 
7.545448e-01   7.667411e-02   2.149722e-07   2.450172e-07   1.821869e-08   -4.913142e-08   2.678811e+01 
7.543316e-01   7.686050e-02   2.123869e-07   2.443270e-07   1.785186e-08   -4.909700e-08   2.688874e+01 
7.541172e-01   7.704700e-02   2.098222e-07   2.436739e-07   1.749369e-08   -4.906266e-08   2.698947e+01 
7.539015e-01   7.723363e-02   2.072875e-07   2.430577e-07   1.714395e-08   -4.902753e-08   2.709032e+01 
7.536846e-01   7.742038e-02   2.047779e-07   2.424762e-07   1.680243e-08   -4.899198e-08   2.719128e+01 
7.534665e-01   7.760724e-02   2.022884e-07   2.419298e-07   1.646890e-08   -4.895592e-08   2.729234e+01 
7.532471e-01   7.779422e-02   1.998290e-07   2.414170e-07   1.614318e-08   -4.891857e-08   2.739351e+01 
7.530265e-01   7.798131e-02   1.973900e-07   2.409377e-07   1.582504e-08   -4.888186e-08   2.749479e+01 
7.528047e-01   7.816852e-02   1.949732e-07   2.404902e-07   1.551431e-08   -4.884368e-08   2.759618e+01 
7.525816e-01   7.835584e-02   1.925785e-07   2.400742e-07   1.521079e-08   -4.880451e-08   2.769768e+01 
7.523573e-01   7.854327e-02   1.902099e-07   2.396899e-07   1.491430e-08   -4.876489e-08   2.779928e+01 
7.521317e-01   7.873081e-02   1.878617e-07   2.393349e-07   1.462466e-08   -4.872391e-08   2.790099e+01 
7.519048e-01   7.891846e-02   1.855300e-07   2.390100e-07   1.434169e-08   -4.868345e-08   2.800281e+01 
7.516767e-01   7.910622e-02   1.832284e-07   2.387132e-07   1.406524e-08   -4.864143e-08   2.810474e+01 
7.514473e-01   7.929409e-02   1.809425e-07   2.384453e-07   1.379513e-08   -4.859908e-08   2.820677e+01 
7.512167e-01   7.948206e-02   1.786721e-07   2.382042e-07   1.353122e-08   -4.855576e-08   2.830890e+01 
7.509848e-01   7.967014e-02   1.764310e-07   2.379905e-07   1.327333e-08   -4.851131e-08   2.841115e+01 
7.507516e-01   7.985832e-02   1.742040e-07   2.378024e-07   1.302132e-08   -4.846708e-08   2.851350e+01 
7.505171e-01   8.004661e-02   1.719953e-07   2.376416e-07   1.277506e-08   -4.842064e-08   2.861595e+01 
7.502813e-01   8.023500e-02   1.698067e-07   2.375049e-07   1.253438e-08   -4.837447e-08   2.871852e+01 
7.500443e-01   8.042348e-02   1.676440e-07   2.373912e-07   1.229917e-08   -4.832621e-08   2.882118e+01 
7.498059e-01   8.061207e-02   1.654928e-07   2.373019e-07   1.206928e-08   -4.827686e-08   2.892395e+01 
7.495663e-01   8.080076e-02   1.633587e-07   2.372361e-07   1.184458e-08   -4.822760e-08   2.902683e+01 
7.493253e-01   8.098955e-02   1.612451e-07   2.371949e-07   1.162495e-08   -4.817751e-08   2.912981e+01 
7.490830e-01   8.117843e-02   1.591508e-07   2.371767e-07   1.141026e-08   -4.812559e-08   2.923290e+01 
7.488395e-01   8.136741e-02   1.570681e-07   2.371777e-07   1.120039e-08   -4.807301e-08   2.933609e+01 
7.485946e-01   8.155648e-02   1.550001e-07   2.371974e-07   1.099524e-08   -4.801788e-08   2.943938e+01 
7.483484e-01   8.174565e-02   1.529579e-07   2.372343e-07   1.079467e-08   -4.796143e-08   2.954278e+01 
7.481008e-01   8.193491e-02   1.509433e-07   2.372908e-07   1.059859e-08   -4.790361e-08   2.964628e+01 
7.478520e-01   8.212425e-02   1.489298e-07   2.373685e-07   1.040690e-08   -4.784680e-08   2.974989e+01 
7.476018e-01   8.231369e-02   1.469072e-07   2.374686e-07   1.021946e-08   -4.779098e-08   2.985360e+01 
7.473502e-01   8.250321e-02   1.449005e-07   2.375892e-07   1.003618e-08   -4.773374e-08   2.995741e+01 
7.470974e-01   8.269282e-02   1.429405e-07   2.377248e-07   9.856978e-09   -4.767115e-08   3.006132e+01 
7.468432e-01   8.288253e-02   1.410230e-07   2.378732e-07   9.681753e-09   -4.760320e-08   3.016534e+01 
7.465876e-01   8.307232e-02   1.391122e-07   2.380367e-07   9.510408e-09   -4.753662e-08   3.026946e+01 
7.463307e-01   8.326219e-02   1.371916e-07   2.382161e-07   9.342855e-09   -4.747230e-08   3.037369e+01 
7.460724e-01   8.345215e-02   1.352898e-07   2.384112e-07   9.179001e-09   -4.740673e-08   3.047801e+01 
7.458128e-01   8.364218e-02   1.334139e-07   2.386225e-07   9.018764e-09   -4.733776e-08   3.058244e+01 
7.455518e-01   8.383230e-02   1.315426e-07   2.388495e-07   8.862057e-09   -4.726809e-08   3.068697e+01 
7.452894e-01   8.402249e-02   1.296684e-07   2.390907e-07   8.708798e-09   -4.719848e-08   3.079160e+01 
7.450256e-01   8.421277e-02   1.278049e-07   2.393456e-07   8.558908e-09   -4.712850e-08   3.089633e+01 
7.447605e-01   8.440312e-02   1.259742e-07   2.396131e-07   8.412308e-09   -4.705589e-08   3.100117e+01 
7.444940e-01   8.459355e-02   1.241746e-07   2.398934e-07   8.268925e-09   -4.697901e-08   3.110610e+01 
7.442261e-01   8.478405e-02   1.223948e-07   2.401865e-07   8.128685e-09   -4.690040e-08   3.121113e+01 
7.439568e-01   8.497463e-02   1.206224e-07   2.404927e-07   7.991514e-09   -4.682128e-08   3.131627e+01 
7.436861e-01   8.516528e-02   1.188605e-07   2.408111e-07   7.857346e-09   -4.673997e-08   3.142151e+01 
7.434140e-01   8.535600e-02   1.171102e-07   2.411411e-07   7.726107e-09   -4.665894e-08   3.152685e+01 
7.431405e-01   8.554679e-02   1.153746e-07   2.414827e-07   7.597738e-09   -4.657607e-08   3.163228e+01 
7.428656e-01   8.573765e-02   1.136581e-07   2.418343e-07   7.472171e-09   -4.649132e-08   3.173782e+01 
7.425893e-01   8.592858e-02   1.119556e-07   2.421985e-07   7.349344e-09   -4.640490e-08   3.184346e+01 
7.423115e-01   8.611957e-02   1.102697e-07   2.425724e-07   7.229193e-09   -4.631595e-08   3.194920e+01 
7.420323e-01   8.631063e-02   1.085992e-07   2.429563e-07   7.111664e-09   -4.622655e-08   3.205503e+01 
7.417517e-01   8.650176e-02   1.069407e-07   2.433503e-07   6.996692e-09   -4.613483e-08   3.216097e+01 
7.414697e-01   8.669295e-02   1.053012e-07   2.437539e-07   6.884228e-09   -4.604174e-08   3.226700e+01 
7.411862e-01   8.688419e-02   1.036746e-07   2.441661e-07   6.774211e-09   -4.594767e-08   3.237314e+01 
7.409013e-01   8.707550e-02   1.020648e-07   2.445879e-07   6.666595e-09   -4.585164e-08   3.247937e+01 
7.406149e-01   8.726687e-02   1.004706e-07   2.450178e-07   6.561338e-09   -4.575426e-08   3.258570e+01 
7.403271e-01   8.745830e-02   9.889094e-08   2.454556e-07   6.458366e-09   -4.565559e-08   3.269213e+01 
7.400378e-01   8.764978e-02   9.732740e-08   2.459016e-07   6.357613e-09   -4.555511e-08   3.279866e+01 
7.397471e-01   8.784131e-02   9.578120e-08   2.463542e-07   6.259049e-09   -4.545286e-08   3.290529e+01 
7.394548e-01   8.803290e-02   9.424970e-08   2.468145e-07   6.162641e-09   -4.534875e-08   3.301201e+01 
7.391612e-01   8.822455e-02   9.273475e-08   2.472810e-07   6.068343e-09   -4.524315e-08   3.311883e+01 
7.388660e-01   8.841624e-02   9.123558e-08   2.477538e-07   5.976102e-09   -4.513501e-08   3.322575e+01 
7.385694e-01   8.860799e-02   8.975239e-08   2.482326e-07   5.885876e-09   -4.502594e-08   3.333277e+01 
7.382712e-01   8.879978e-02   8.828665e-08   2.487162e-07   5.797623e-09   -4.491481e-08   3.343988e+01 
7.379716e-01   8.899163e-02   8.683448e-08   2.492056e-07   5.711296e-09   -4.480151e-08   3.354709e+01 
7.376705e-01   8.918351e-02   8.540344e-08   2.496998e-07   5.626867e-09   -4.468715e-08   3.365440e+01 
7.373679e-01   8.937545e-02   8.398749e-08   2.501980e-07   5.544317e-09   -4.457027e-08   3.376181e+01 
7.370638e-01   8.956742e-02   8.258694e-08   2.507008e-07   5.463491e-09   -4.445167e-08   3.386931e+01 
7.367581e-01   8.975944e-02   8.120613e-08   2.512074e-07   5.384497e-09   -4.433139e-08   3.397691e+01 
7.364510e-01   8.995150e-02   7.984230e-08   2.517169e-07   5.307230e-09   -4.420880e-08   3.408460e+01 
7.361423e-01   9.014360e-02   7.849532e-08   2.522285e-07   5.231635e-09   -4.408463e-08   3.419239e+01 
7.358321e-01   9.033574e-02   7.716766e-08   2.527433e-07   5.157721e-09   -4.395905e-08   3.430028e+01 
7.355204e-01   9.052791e-02   7.585603e-08   2.532623e-07   5.085440e-09   -4.383057e-08   3.440826e+01 
7.352071e-01   9.072012e-02   7.456532e-08   2.537872e-07   5.014761e-09   -4.370331e-08   3.451634e+01 
7.348923e-01   9.091236e-02   7.330161e-08   2.543360e-07   4.945655e-09   -4.358733e-08   3.462451e+01 
7.345760e-01   9.110464e-02   7.208269e-08   2.550162e-07   4.878087e-09   -4.352878e-08   3.473278e+01 
7.342581e-01   9.129694e-02   7.114942e-08   2.564159e-07   4.812023e-09   -4.390737e-08   3.484114e+01 
7.339386e-01   9.148928e-02   7.097683e-08   2.618695e-07   4.747435e-09   -4.604966e-08   3.494960e+01 
7.336176e-01   9.168165e-02   7.953409e-08   2.750508e-07   4.684293e-09   -5.743814e-08   3.505815e+01 
7.332950e-01   9.187404e-02   7.725760e-08   2.720277e-07   4.622568e-09   -3.057154e-08   3.516680e+01 
7.329709e-01   9.206646e-02   6.651036e-08   2.602340e-07   4.562233e-09   -4.161653e-08   3.527554e+01 
7.326452e-01   9.225890e-02   6.584277e-08   2.580852e-07   4.503260e-09   -4.231573e-08   3.538438e+01 
7.323178e-01   9.245137e-02   6.561626e-08   2.614741e-07   4.445622e-09   -4.475063e-08   3.549331e+01 
7.319889e-01   9.264386e-02   6.291589e-08   2.599052e-07   4.389295e-09   -4.270805e-08   3.560233e+01 
7.316585e-01   9.283637e-02   6.169833e-08   2.597710e-07   4.334252e-09   -4.224894e-08   3.571145e+01 
7.313264e-01   9.302889e-02   6.060056e-08   2.601933e-07   4.280469e-09   -4.202760e-08   3.582066e+01 
7.309927e-01   9.322143e-02   5.956265e-08   2.607018e-07   4.227922e-09   -4.185765e-08   3.592997e+01 
7.306574e-01   9.341400e-02   5.856091e-08   2.612197e-07   4.176589e-09   -4.168578e-08   3.603937e+01 
7.303205e-01   9.360658e-02   5.759861e-08   2.617502e-07   4.126444e-09   -4.151886e-08   3.614886e+01 
7.299820e-01   9.379917e-02   5.667231e-08   2.623183e-07   4.077464e-09   -4.136672e-08   3.625844e+01 
7.296418e-01   9.399178e-02   5.577408e-08   2.629367e-07   4.029626e-09   -4.124302e-08   3.636812e+01 
7.293000e-01   9.418439e-02   5.488074e-08   2.635940e-07   3.982915e-09   -4.114608e-08   3.647789e+01 
7.289566e-01   9.437700e-02   5.396794e-08   2.642463e-07   3.937310e-09   -4.104748e-08   3.658776e+01 
7.286116e-01   9.456962e-02   5.306047e-08   2.648309e-07   3.892785e-09   -4.090968e-08   3.669771e+01 
7.282649e-01   9.476225e-02   5.221779e-08   2.653041e-07   3.849317e-09   -4.070288e-08   3.680776e+01 
7.279165e-01   9.495488e-02   5.149272e-08   2.656757e-07   3.806884e-09   -4.042784e-08   3.691790e+01 
7.275665e-01   9.514751e-02   5.088398e-08   2.660163e-07   3.765470e-09   -4.013626e-08   3.702813e+01 
7.272147e-01   9.534014e-02   5.031251e-08   2.664202e-07   3.725067e-09   -3.988429e-08   3.713846e+01 
7.268613e-01   9.553278e-02   4.968503e-08   2.669563e-07   3.685659e-09   -3.967936e-08   3.724887e+01 
7.265061e-01   9.572539e-02   4.897725e-08   2.676159e-07   3.647231e-09   -3.949833e-08   3.735938e+01 
7.261492e-01   9.591801e-02   4.820219e-08   2.683241e-07   3.609763e-09   -3.931293e-08   3.746998e+01 
7.257908e-01   9.611063e-02   4.732174e-08   2.689853e-07   3.573234e-09   -3.911448e-08   3.758067e+01 
7.254309e-01   9.630327e-02   4.644856e-08   2.695348e-07   3.537622e-09   -3.890911e-08   3.769145e+01 
7.250693e-01   9.649591e-02   4.584565e-08   2.699639e-07   3.502907e-09   -3.869912e-08   3.780233e+01 
7.247059e-01   9.668853e-02   4.545525e-08   2.703108e-07   3.469068e-09   -3.850945e-08   3.791329e+01 
7.243407e-01   9.688111e-02   4.498190e-08   2.706358e-07   3.436088e-09   -3.837017e-08   3.802434e+01 
7.239737e-01   9.707367e-02   4.437724e-08   2.709906e-07   3.403956e-09   -3.826327e-08   3.813549e+01 
7.236049e-01   9.726622e-02   4.377039e-08   2.714014e-07   3.372661e-09   -3.813865e-08   3.824672e+01 
7.232345e-01   9.745876e-02   4.321893e-08   2.718637e-07   3.342192e-09   -3.797262e-08   3.835805e+01 
7.228623e-01   9.765129e-02   4.273607e-08   2.723458e-07   3.312535e-09   -3.778446e-08   3.846946e+01 
7.224884e-01   9.784380e-02   4.232609e-08   2.728211e-07   3.283678e-09   -3.759602e-08   3.858097e+01 
7.221128e-01   9.803628e-02   4.196894e-08   2.732810e-07   3.255618e-09   -3.740621e-08   3.869256e+01 
7.217353e-01   9.822873e-02   4.164390e-08   2.737290e-07   3.228359e-09   -3.721466e-08   3.880425e+01 
7.213560e-01   9.842115e-02   4.134840e-08   2.741699e-07   3.201907e-09   -3.702778e-08   3.891602e+01 
7.209749e-01   9.861353e-02   4.108789e-08   2.746102e-07   3.176259e-09   -3.683919e-08   3.902789e+01 
7.205920e-01   9.880587e-02   4.085938e-08   2.750524e-07   3.151397e-09   -3.663618e-08   3.913984e+01 
7.202072e-01   9.899818e-02   4.067243e-08   2.754891e-07   3.127285e-09   -3.642586e-08   3.925188e+01 
7.198206e-01   9.919044e-02   4.052470e-08   2.759134e-07   3.103872e-09   -3.622253e-08   3.936401e+01 
7.194321e-01   9.938267e-02   4.042218e-08   2.763258e-07   3.081104e-09   -3.601834e-08   3.947624e+01 
7.190417e-01   9.957484e-02   4.035759e-08   2.767308e-07   3.058935e-09   -3.580411e-08   3.958854e+01 
7.186494e-01   9.976697e-02   4.033752e-08   2.771238e-07   3.037328e-09   -3.559344e-08   3.970094e+01 
7.182554e-01   9.995906e-02   4.034698e-08   2.774979e-07   3.016261e-09   -3.540307e-08   3.981343e+01 
7.178596e-01   1.001511e-01   4.040260e-08   2.778626e-07   2.995725e-09   -3.521712e-08   3.992600e+01 
7.174619e-01   1.003431e-01   4.051007e-08   2.782274e-07   2.975720e-09   -3.501258e-08   4.003866e+01 
7.170624e-01   1.005351e-01   4.068188e-08   2.785928e-07   2.956245e-09   -3.479228e-08   4.015142e+01 
7.166612e-01   1.007270e-01   4.088513e-08   2.789446e-07   2.937302e-09   -3.458493e-08   4.026425e+01 
7.162583e-01   1.009189e-01   4.108909e-08   2.792701e-07   2.918885e-09   -3.440271e-08   4.037718e+01 
7.158537e-01   1.011108e-01   4.135409e-08   2.795703e-07   2.900988e-09   -3.422025e-08   4.049019e+01 
7.154475e-01   1.013025e-01   4.166694e-08   2.798538e-07   2.883612e-09   -3.402029e-08   4.060321e+01 
7.150398e-01   1.014939e-01   4.200345e-08   2.801289e-07   2.866745e-09   -3.380508e-08   4.071622e+01 
7.146305e-01   1.016852e-01   4.237818e-08   2.804008e-07   2.850373e-09   -3.358154e-08   4.082924e+01 
7.142197e-01   1.018763e-01   4.279918e-08   2.806710e-07   2.834482e-09   -3.335613e-08   4.094225e+01 
7.138075e-01   1.020672e-01   4.326179e-08   2.809363e-07   2.819059e-09   -3.313107e-08   4.105527e+01 
7.133937e-01   1.022578e-01   4.377077e-08   2.811916e-07   2.804092e-09   -3.290461e-08   4.116828e+01 
7.129784e-01   1.024483e-01   4.432966e-08   2.814379e-07   2.789569e-09   -3.267501e-08   4.128130e+01 
7.125615e-01   1.026386e-01   4.493626e-08   2.816757e-07   2.775479e-09   -3.244142e-08   4.139431e+01 
7.121431e-01   1.028287e-01   4.559025e-08   2.819070e-07   2.761809e-09   -3.220498e-08   4.150733e+01 
7.117232e-01   1.030185e-01   4.629152e-08   2.821289e-07   2.748550e-09   -3.196591e-08   4.162034e+01 
7.113017e-01   1.032082e-01   4.704154e-08   2.823424e-07   2.735690e-09   -3.172501e-08   4.173336e+01 
7.108787e-01   1.033976e-01   4.783964e-08   2.825463e-07   2.723219e-09   -3.148292e-08   4.184637e+01 
7.104541e-01   1.035869e-01   4.868791e-08   2.827399e-07   2.711128e-09   -3.123915e-08   4.195939e+01 
7.100280e-01   1.037759e-01   4.958569e-08   2.829232e-07   2.699406e-09   -3.099375e-08   4.207240e+01 
7.096003e-01   1.039647e-01   5.053353e-08   2.830944e-07   2.688045e-09   -3.074680e-08   4.218541e+01 
7.091710e-01   1.041533e-01   5.153390e-08   2.832546e-07   2.677034e-09   -3.049790e-08   4.229843e+01 
7.087402e-01   1.043417e-01   5.258463e-08   2.834021e-07   2.666366e-09   -3.024751e-08   4.241145e+01 
7.083078e-01   1.045299e-01   5.368949e-08   2.835371e-07   2.656033e-09   -2.999505e-08   4.252446e+01 
7.078739e-01   1.047178e-01   5.484689e-08   2.836589e-07   2.646024e-09   -2.974062e-08   4.263747e+01 
7.074383e-01   1.049056e-01   5.605827e-08   2.837668e-07   2.636332e-09   -2.948450e-08   4.275049e+01 
7.070012e-01   1.050931e-01   5.732258e-08   2.838612e-07   2.626950e-09   -2.922589e-08   4.286350e+01 
7.065625e-01   1.052804e-01   5.864669e-08   2.839413e-07   2.617870e-09   -2.896639e-08   4.297652e+01 
7.061222e-01   1.054675e-01   6.002435e-08   2.840066e-07   2.609084e-09   -2.870480e-08   4.308953e+01 
7.056804e-01   1.056543e-01   6.146019e-08   2.840578e-07   2.600585e-09   -2.844147e-08   4.320255e+01 
7.052369e-01   1.058409e-01   6.295488e-08   2.840945e-07   2.592366e-09   -2.817627e-08   4.331556e+01 
7.047918e-01   1.060273e-01   6.450603e-08   2.841167e-07   2.584420e-09   -2.790943e-08   4.342858e+01 
7.043452e-01   1.062135e-01   6.611882e-08   2.841243e-07   2.576739e-09   -2.764100e-08   4.354159e+01 
7.038969e-01   1.063994e-01   6.779180e-08   2.841180e-07   2.569319e-09   -2.737120e-08   4.365461e+01 
7.034470e-01   1.065852e-01   6.952678e-08   2.840974e-07   2.562152e-09   -2.710009e-08   4.376762e+01 
7.029955e-01   1.067706e-01   7.132072e-08   2.840627e-07   2.555233e-09   -2.682788e-08   4.388064e+01 
7.025424e-01   1.069559e-01   7.318151e-08   2.840143e-07   2.548554e-09   -2.655430e-08   4.399365e+01 
7.020877e-01   1.071409e-01   7.510430e-08   2.839522e-07   2.542110e-09   -2.627951e-08   4.410667e+01 
7.016314e-01   1.073257e-01   7.709317e-08   2.838761e-07   2.535896e-09   -2.600452e-08   4.421968e+01 
7.011734e-01   1.075103e-01   7.914736e-08   2.837864e-07   2.529906e-09   -2.572807e-08   4.433270e+01 
7.007138e-01   1.076946e-01   8.126854e-08   2.836828e-07   2.524134e-09   -2.545082e-08   4.444571e+01 
7.002526e-01   1.078786e-01   8.345771e-08   2.835648e-07   2.518575e-09   -2.517347e-08   4.455873e+01 
6.997897e-01   1.080625e-01   8.571570e-08   2.834320e-07   2.513224e-09   -2.489603e-08   4.467174e+01 
6.993252e-01   1.082461e-01   8.804233e-08   2.832844e-07   2.508076e-09   -2.461713e-08   4.478475e+01 
6.988590e-01   1.084294e-01   9.044049e-08   2.831218e-07   2.503126e-09   -2.433833e-08   4.489777e+01 
6.983912e-01   1.086125e-01   9.290976e-08   2.829428e-07   2.498370e-09   -2.405850e-08   4.501078e+01 
6.979218e-01   1.087954e-01   9.545230e-08   2.827478e-07   2.493802e-09   -2.377836e-08   4.512380e+01 
6.974507e-01   1.089780e-01   9.806727e-08   2.825367e-07   2.489419e-09   -2.349673e-08   4.523681e+01 
6.969779e-01   1.091604e-01   1.007556e-07   2.823081e-07   2.485215e-09   -2.321426e-08   4.534983e+01 
6.965035e-01   1.093425e-01   1.035207e-07   2.820620e-07   2.481188e-09   -2.293114e-08   4.546284e+01 
6.960274e-01   1.095244e-01   1.063634e-07   2.817990e-07   2.477331e-09   -2.264605e-08   4.557586e+01 
6.955496e-01   1.097060e-01   1.092822e-07   2.815187e-07   2.473643e-09   -2.235994e-08   4.568887e+01 
6.950702e-01   1.098873e-01   1.122779e-07   2.812199e-07   2.470118e-09   -2.207319e-08   4.580189e+01 
6.945891e-01   1.100685e-01   1.153556e-07   2.809031e-07   2.466754e-09   -2.178581e-08   4.591490e+01 
6.941063e-01   1.102493e-01   1.185111e-07   2.805689e-07   2.463545e-09   -2.149711e-08   4.602792e+01 
6.936218e-01   1.104299e-01   1.217504e-07   2.802160e-07   2.460490e-09   -2.120783e-08   4.614093e+01 
6.931357e-01   1.106102e-01   1.250728e-07   2.798448e-07   2.457582e-09   -2.091798e-08   4.625395e+01 
6.926478e-01   1.107903e-01   1.284791e-07   2.794548e-07   2.454821e-09   -2.062755e-08   4.636696e+01 
6.921583e-01   1.109701e-01   1.319707e-07   2.790453e-07   2.452200e-09   -2.033659e-08   4.647998e+01 
6.916670e-01   1.111497e-01   1.355482e-07   2.786162e-07   2.449719e-09   -2.004456e-08   4.659299e+01 
6.911741e-01   1.113289e-01   1.392127e-07   2.781667e-07   2.447372e-09   -1.975161e-08   4.670600e+01 
6.906795e-01   1.115080e-01   1.431121e-07   2.776967e-07   2.445158e-09   -1.946559e-08   4.681902e+01 
6.901831e-01   1.116867e-01   1.471425e-07   2.772310e-07   2.443071e-09   -1.925592e-08   4.693203e+01 
6.896850e-01   1.118652e-01   1.507683e-07   2.767161e-07   2.441111e-09   -1.884131e-08   4.704505e+01 
6.891852e-01   1.120434e-01   1.547675e-07   2.761586e-07   2.439270e-09   -1.856922e-08   4.715806e+01 
6.886837e-01   1.122213e-01   1.588887e-07   2.756024e-07   2.437551e-09   -1.827134e-08   4.727108e+01 
6.881804e-01   1.123990e-01   1.631013e-07   2.750274e-07   2.435945e-09   -1.797195e-08   4.738409e+01 
6.876755e-01   1.125764e-01   1.674080e-07   2.744331e-07   2.434456e-09   -1.767315e-08   4.749711e+01 
6.871688e-01   1.127535e-01   1.718185e-07   2.738198e-07   2.433074e-09   -1.737364e-08   4.761012e+01 
6.866604e-01   1.129303e-01   1.763217e-07   2.731903e-07   2.431802e-09   -1.707461e-08   4.772314e+01 
6.861502e-01   1.131069e-01   1.809258e-07   2.725450e-07   2.430631e-09   -1.677640e-08   4.783615e+01 
6.856383e-01   1.132831e-01   1.856345e-07   2.718849e-07   2.429566e-09   -1.647931e-08   4.794917e+01 
6.851246e-01   1.134591e-01   1.904467e-07   2.712105e-07   2.428598e-09   -1.618321e-08   4.806218e+01 
6.846092e-01   1.136349e-01   1.953633e-07   2.705229e-07   2.427731e-09   -1.588832e-08   4.817520e+01 
6.840920e-01   1.138103e-01   2.003821e-07   2.698220e-07   2.426957e-09   -1.559525e-08   4.828821e+01 
6.835731e-01   1.139854e-01   2.055083e-07   2.691065e-07   2.426279e-09   -1.530437e-08   4.840123e+01 
6.830523e-01   1.141603e-01   2.107470e-07   2.683763e-07   2.425688e-09   -1.501367e-08   4.851424e+01 
6.825299e-01   1.143349e-01   2.160978e-07   2.676298e-07   2.425191e-09   -1.472549e-08   4.862726e+01 
6.820056e-01   1.145091e-01   2.215478e-07   2.668657e-07   2.424778e-09   -1.443813e-08   4.874027e+01 
6.814797e-01   1.146831e-01   2.271206e-07   2.660825e-07   2.424454e-09   -1.415177e-08   4.885328e+01 
6.809518e-01   1.148568e-01   2.328104e-07   2.652787e-07   2.424210e-09   -1.386514e-08   4.896630e+01 
6.804223e-01   1.150302e-01   2.386095e-07   2.644529e-07   2.424052e-09   -1.357955e-08   4.907932e+01 
6.798908e-01   1.152033e-01   2.445258e-07   2.636044e-07   2.423972e-09   -1.329407e-08   4.919233e+01 
6.793578e-01   1.153761e-01   2.505669e-07   2.627322e-07   2.423975e-09   -1.300871e-08   4.930534e+01 
6.788227e-01   1.155486e-01   2.567253e-07   2.618354e-07   2.424051e-09   -1.272242e-08   4.941836e+01 
6.782861e-01   1.157208e-01   2.630047e-07   2.609143e-07   2.424208e-09   -1.243679e-08   4.953137e+01 
6.777474e-01   1.158926e-01   2.694080e-07   2.599676e-07   2.424435e-09   -1.214978e-08   4.964439e+01 
6.772071e-01   1.160642e-01   2.759401e-07   2.589954e-07   2.424741e-09   -1.186347e-08   4.975740e+01 
6.766648e-01   1.162355e-01   2.825916e-07   2.579974e-07   2.425114e-09   -1.157573e-08   4.987042e+01 
6.761210e-01   1.164064e-01   2.893744e-07   2.569733e-07   2.425562e-09   -1.128846e-08   4.998343e+01 
6.755750e-01   1.165771e-01   2.962929e-07   2.559225e-07   2.426074e-09   -1.099822e-08   5.009645e+01 
6.750275e-01   1.167474e-01   3.033378e-07   2.548458e-07   2.426660e-09   -1.070856e-08   5.020946e+01 
6.744779e-01   1.169174e-01   3.105151e-07   2.537433e-07   2.427305e-09   -1.041756e-08   5.032248e+01 
6.739267e-01   1.170871e-01   3.178319e-07   2.526154e-07   2.428023e-09   -1.012758e-08   5.043549e+01 
6.733735e-01   1.172565e-01   3.252824e-07   2.514624e-07   2.428797e-09   -9.834957e-09   5.054851e+01 
6.728186e-01   1.174256e-01   3.328731e-07   2.502849e-07   2.429641e-09   -9.544570e-09   5.066152e+01 
6.722617e-01   1.175943e-01   3.406024e-07   2.490828e-07   2.430538e-09   -9.253493e-09   5.077454e+01 
6.717031e-01   1.177627e-01   3.484811e-07   2.478566e-07   2.431503e-09   -8.962758e-09   5.088755e+01 
6.711424e-01   1.179308e-01   3.564992e-07   2.466054e-07   2.432517e-09   -8.671149e-09   5.100057e+01 
6.705802e-01   1.180986e-01   3.646667e-07   2.453283e-07   2.433598e-09   -8.382349e-09   5.111358e+01 
6.700158e-01   1.182660e-01   3.729791e-07   2.440246e-07   2.434724e-09   -8.091841e-09   5.122660e+01 
6.694499e-01   1.184331e-01   3.814529e-07   2.426937e-07   2.435915e-09   -7.802572e-09   5.133961e+01 
6.688817e-01   1.185999e-01   3.900743e-07   2.413343e-07   2.437148e-09   -7.510566e-09   5.145262e+01 
6.683121e-01   1.187663e-01   3.988465e-07   2.399470e-07   2.438443e-09   -7.222857e-09   5.156564e+01 
6.677401e-01   1.189324e-01   4.077742e-07   2.385299e-07   2.439774e-09   -6.932994e-09   5.167865e+01 
6.671667e-01   1.190982e-01   4.168701e-07   2.370846e-07   2.441166e-09   -6.644695e-09   5.179167e+01 
6.665909e-01   1.192636e-01   4.261240e-07   2.356112e-07   2.442590e-09   -6.353239e-09   5.190468e+01 
6.660138e-01   1.194287e-01   4.355377e-07   2.341107e-07   2.444072e-09   -6.065018e-09   5.201770e+01 
6.654342e-01   1.195934e-01   4.451164e-07   2.325834e-07   2.445580e-09   -5.776229e-09   5.213071e+01 
6.648533e-01   1.197578e-01   4.548645e-07   2.310318e-07   2.447143e-09   -5.492573e-09   5.224373e+01 
6.642699e-01   1.199219e-01   4.647822e-07   2.294588e-07   2.448727e-09   -5.205950e-09   5.235674e+01 
6.636852e-01   1.200856e-01   4.748907e-07   2.278658e-07   2.450363e-09   -4.922949e-09   5.246976e+01 
6.630980e-01   1.202489e-01   4.851677e-07   2.262525e-07   2.452016e-09   -4.637429e-09   5.258277e+01 
6.625094e-01   1.204119e-01   4.956252e-07   2.246187e-07   2.453717e-09   -4.360836e-09   5.269579e+01 
6.619183e-01   1.205746e-01   5.062435e-07   2.229619e-07   2.455431e-09   -4.085420e-09   5.280880e+01 
6.613260e-01   1.207368e-01   5.170522e-07   2.212833e-07   2.457192e-09   -3.817631e-09   5.292182e+01 
6.607310e-01   1.208988e-01   5.280425e-07   2.195803e-07   2.458961e-09   -3.545445e-09   5.303483e+01 
6.601348e-01   1.210603e-01   5.392296e-07   2.178523e-07   2.460776e-09   -3.280054e-09   5.314785e+01 
6.595359e-01   1.212216e-01   5.505941e-07   2.160976e-07   2.462593e-09   -3.009105e-09   5.326086e+01 
6.589358e-01   1.213824e-01   5.621641e-07   2.143154e-07   2.464456e-09   -2.742740e-09   5.337387e+01 
6.583330e-01   1.215429e-01   5.739207e-07   2.125035e-07   2.466318e-09   -2.470422e-09   5.348689e+01 
6.577291e-01   1.217030e-01   5.858768e-07   2.106638e-07   2.468225e-09   -2.204133e-09   5.359990e+01 
6.571223e-01   1.218628e-01   5.980280e-07   2.087950e-07   2.470128e-09   -1.931755e-09   5.371292e+01 
6.565145e-01   1.220221e-01   6.103923e-07   2.069003e-07   2.472076e-09   -1.665092e-09   5.382593e+01 
6.559037e-01   1.221811e-01   6.229517e-07   2.049800e-07   2.474015e-09   -1.393869e-09   5.393895e+01 
6.552920e-01   1.223398e-01   6.357235e-07   2.030370e-07   2.476002e-09   -1.132676e-09   5.405196e+01 
6.546772e-01   1.224980e-01   6.487044e-07   2.010716e-07   2.477975e-09   -8.657828e-10   5.416498e+01 
6.540617e-01   1.226559e-01   6.619090e-07   1.990868e-07   2.479997e-09   -6.112544e-10   5.427799e+01 
6.534428e-01   1.228134e-01   6.753222e-07   1.970821e-07   2.482003e-09   -3.510549e-10   5.439101e+01 
6.528233e-01   1.229705e-01   6.889654e-07   1.950600e-07   2.484058e-09   -1.044677e-10   5.450402e+01 
6.522005e-01   1.231273e-01   7.028235e-07   1.930195e-07   2.486094e-09   1.466684e-10   5.461704e+01 
6.515770e-01   1.232836e-01   7.169176e-07   1.909619e-07   2.488182e-09   3.856796e-10   5.473005e+01 
6.509501e-01   1.234396e-01   7.312367e-07   1.888841e-07   2.490246e-09   6.282153e-10   5.484307e+01 
6.503227e-01   1.235951e-01   7.457923e-07   1.867890e-07   2.492367e-09   8.580789e-10   5.495608e+01 
6.496917e-01   1.237503e-01   7.605763e-07   1.846722e-07   2.494460e-09   1.094738e-09   5.506910e+01 
6.490603e-01   1.239051e-01   7.756201e-07   1.825367e-07   2.496614e-09   1.317346e-09   5.518211e+01 
6.484251e-01   1.240595e-01   7.908885e-07   1.803790e-07   2.498737e-09   1.546568e-09   5.529513e+01 
6.477898e-01   1.242135e-01   8.064137e-07   1.782018e-07   2.500926e-09   1.759073e-09   5.540814e+01 
6.471505e-01   1.243671e-01   8.221846e-07   1.760026e-07   2.503080e-09   1.980917e-09   5.552116e+01 
6.465112e-01   1.245203e-01   8.382196e-07   1.737821e-07   2.505305e-09   2.183246e-09   5.563417e+01 
6.458677e-01   1.246731e-01   8.545033e-07   1.715366e-07   2.507491e-09   2.398397e-09   5.574719e+01 
6.452244e-01   1.248254e-01   8.710691e-07   1.692655e-07   2.509755e-09   2.595132e-09   5.586020e+01 
6.445767e-01   1.249774e-01   8.878767e-07   1.669635e-07   2.511973e-09   2.804925e-09   5.597321e+01 
6.439294e-01   1.251289e-01   9.049735e-07   1.646300e-07   2.514276e-09   3.000679e-09   5.608623e+01 
6.432775e-01   1.252801e-01   9.223318e-07   1.622598e-07   2.516526e-09   3.212395e-09   5.619924e+01 
6.426262e-01   1.254307e-01   9.399713e-07   1.598554e-07   2.518868e-09   3.410753e-09   5.631226e+01 
6.419700e-01   1.255811e-01   9.578787e-07   1.574135e-07   2.521149e-09   3.626523e-09   5.642527e+01 
6.413146e-01   1.257309e-01   9.760793e-07   1.549386e-07   2.523530e-09   3.826534e-09   5.653829e+01 
6.406541e-01   1.258804e-01   9.945752e-07   1.524321e-07   2.525839e-09   4.046398e-09   5.665130e+01 
6.399948e-01   1.260293e-01   1.013351e-06   1.498994e-07   2.528257e-09   4.243263e-09   5.676432e+01 
6.393300e-01   1.261779e-01   1.032437e-06   1.473412e-07   2.530590e-09   4.459204e-09   5.687733e+01 
6.386666e-01   1.263261e-01   1.051821e-06   1.447635e-07   2.533042e-09   4.650052e-09   5.699035e+01 
6.379974e-01   1.264738e-01   1.071507e-06   1.421639e-07   2.535394e-09   4.855289e-09   5.710336e+01 
6.373300e-01   1.266210e-01   1.091506e-06   1.395461e-07   2.537874e-09   5.034799e-09   5.721638e+01 
6.366564e-01   1.267679e-01   1.111821e-06   1.369068e-07   2.540235e-09   5.230645e-09   5.732939e+01 
6.359849e-01   1.269143e-01   1.132482e-06   1.342477e-07   2.542737e-09   5.401061e-09   5.744241e+01 
6.353069e-01   1.270603e-01   1.153459e-06   1.315660e-07   2.545097e-09   5.589149e-09   5.755542e+01 
6.346314e-01   1.272058e-01   1.174771e-06   1.288630e-07   2.547612e-09   5.747494e-09   5.766844e+01 
6.339489e-01   1.273509e-01   1.196416e-06   1.261373e-07   2.549956e-09   5.927614e-09   5.778145e+01 
6.332693e-01   1.274954e-01   1.218428e-06   1.233923e-07   2.552474e-09   6.074027e-09   5.789446e+01 
6.325824e-01   1.276396e-01   1.240764e-06   1.206260e-07   2.554790e-09   6.241791e-09   5.800748e+01 
6.318987e-01   1.277833e-01   1.263479e-06   1.178443e-07   2.557301e-09   6.375681e-09   5.812049e+01 
6.312073e-01   1.279266e-01   1.286543e-06   1.150455e-07   2.559578e-09   6.527504e-09   5.823351e+01 
6.305194e-01   1.280693e-01   1.309970e-06   1.122378e-07   2.562076e-09   6.639429e-09   5.834652e+01 
6.298234e-01   1.282117e-01   1.333811e-06   1.094195e-07   2.564302e-09   6.774286e-09   5.845954e+01 
6.291317e-01   1.283535e-01   1.357988e-06   1.065978e-07   2.566786e-09   6.864113e-09   5.857255e+01 
6.284308e-01   1.284950e-01   1.382611e-06   1.037699e-07   2.568952e-09   6.976103e-09   5.868557e+01 
6.277352e-01   1.286359e-01   1.407560e-06   1.009413e-07   2.571425e-09   7.039228e-09   5.879858e+01 
6.270295e-01   1.287764e-01   1.432981e-06   9.810717e-08   2.573529e-09   7.128278e-09   5.891160e+01 
6.263300e-01   1.289164e-01   1.458774e-06   9.527250e-08   2.575997e-09   7.173302e-09   5.902461e+01 
6.256196e-01   1.290559e-01   1.484980e-06   9.243010e-08   2.578039e-09   7.236898e-09   5.913763e+01 
6.249158e-01   1.291949e-01   1.511628e-06   8.958511e-08   2.580509e-09   7.264119e-09   5.925064e+01 
6.242008e-01   1.293336e-01   1.538692e-06   8.673144e-08   2.582491e-09   7.314451e-09   5.936366e+01 
6.234929e-01   1.294715e-01   1.566172e-06   8.387345e-08   2.584973e-09   7.319323e-09   5.947667e+01 
6.227731e-01   1.296092e-01   1.594169e-06   8.100761e-08   2.586892e-09   7.358837e-09   5.958969e+01 
6.220612e-01   1.297462e-01   1.622518e-06   7.813948e-08   2.589396e-09   7.344250e-09   5.970270e+01 
6.213365e-01   1.298829e-01   1.651447e-06   7.526653e-08   2.591253e-09   7.364690e-09   5.981571e+01 
6.206206e-01   1.300189e-01   1.680710e-06   7.239547e-08   2.593791e-09   7.330311e-09   5.992873e+01 
6.198910e-01   1.301546e-01   1.710622e-06   6.951988e-08   2.595589e-09   7.327522e-09   6.004174e+01 
6.191712e-01   1.302896e-01   1.740845e-06   6.664986e-08   2.598173e-09   7.268567e-09   6.015476e+01 
6.184364e-01   1.304242e-01   1.771791e-06   6.377438e-08   2.599906e-09   7.249548e-09   6.026777e+01 
6.177129e-01   1.305582e-01   1.803003e-06   6.090315e-08   2.602549e-09   7.160779e-09   6.038079e+01 
6.169726e-01   1.306917e-01   1.834972e-06   5.802448e-08   2.604214e-09   7.127108e-09   6.049380e+01 
6.162455e-01   1.308247e-01   1.867294e-06   5.515104e-08   2.606920e-09   7.021454e-09   6.060682e+01 
6.155000e-01   1.309572e-01   1.900279e-06   5.227067e-08   2.608520e-09   6.964065e-09   6.071983e+01 
6.147690e-01   1.310890e-01   1.933764e-06   4.940395e-08   2.611281e-09   6.842231e-09   6.083285e+01 
6.140184e-01   1.312205e-01   1.967884e-06   4.653859e-08   2.612817e-09   6.764991e-09   6.094586e+01 
6.132833e-01   1.313512e-01   2.002494e-06   4.370122e-08   2.615621e-09   6.608652e-09   6.105888e+01 
6.125276e-01   1.314816e-01   2.037880e-06   4.087739e-08   2.617090e-09   6.499855e-09   6.117189e+01 
6.117886e-01   1.316112e-01   2.073664e-06   3.809678e-08   2.619920e-09   6.301910e-09   6.128491e+01 
6.110275e-01   1.317405e-01   2.110371e-06   3.533531e-08   2.621323e-09   6.147642e-09   6.139792e+01 
6.102849e-01   1.318688e-01   2.147408e-06   3.262666e-08   2.624147e-09   5.904683e-09   6.151094e+01 
6.095179e-01   1.319969e-01   2.185572e-06   2.993308e-08   2.625496e-09   5.710343e-09   6.162395e+01 
6.087725e-01   1.321242e-01   2.223886e-06   2.729844e-08   2.628270e-09   5.416857e-09   6.173697e+01 
6.079989e-01   1.322508e-01   2.263566e-06   2.467107e-08   2.629593e-09   5.183929e-09   6.184998e+01 
6.072505e-01   1.323769e-01   2.303416e-06   2.211648e-08   2.632242e-09   4.850228e-09   6.196300e+01 
6.064715e-01   1.325021e-01   2.344565e-06   1.955264e-08   2.633606e-09   4.572006e-09   6.207601e+01 
6.057185e-01   1.326263e-01   2.386154e-06   1.711129e-08   2.636012e-09   4.178845e-09   6.218903e+01 
6.049354e-01   1.327502e-01   2.429030e-06   1.458191e-08   2.637508e-09   3.906869e-09   6.230204e+01 
6.041776e-01   1.328721e-01   2.472375e-06   1.229100e-08   2.639547e-09   3.394577e-09   6.241505e+01 
6.033896e-01   1.329933e-01   2.517431e-06   9.771849e-09   2.641268e-09   3.164694e-09   6.252807e+01 
6.026271e-01   1.331125e-01   2.562833e-06   7.553344e-09   2.642748e-09   2.615693e-09   6.264108e+01 
6.018433e-01   1.332291e-01   2.610459e-06   5.173352e-09   2.644991e-09   2.192848e-09   6.275410e+01 
6.010416e-01   1.333438e-01   2.659198e-06   2.916433e-09   2.645341e-09   1.861342e-09   6.286711e+01 
6.003748e-01   1.334583e-01   2.709312e-06   1.086633e-09   2.648862e-09   8.259873e-10   6.298013e+01 
5.993225e-01   1.335828e-01   2.763728e-06   -1.665335e-16   2.647816e-09   -1.249001e-16   6.309314e+01 
